1 1 P -3.287000 4.634000 -17.575001 2.110000 -1.000000 0.000000
1 2 S -4.789000 1.013000 -16.410999 1.800000 0.000000 0.000000
1 3 A -2.196000 -0.489000 -14.331000 1.530000 0.000000 0.000000
1 4 P -8.009000 0.621000 -14.203000 2.110000 -1.000000 0.000000
1 5 S -8.292000 -3.118000 -12.994000 1.800000 0.000000 0.000000
1 6 T -6.360000 -1.868000 -10.136000 1.530000 0.000000 0.000000
1 7 P -11.288000 -4.659000 -10.811000 2.110000 -1.000000 0.000000
1 8 S -9.190000 -5.808000 -7.738000 1.800000 0.000000 0.000000
1 9 C -8.574000 -2.674000 -6.045000 1.530000 0.000000 0.000000
1 10 P -11.503000 -7.603000 -5.346000 2.110000 -1.000000 0.000000
1 11 S -11.793000 -5.536000 -1.944000 1.800000 0.000000 0.000000
1 12 C -8.589000 -4.049000 -1.437000 1.530000 0.000000 0.000000
1 13 P -13.217000 -1.920000 -2.677000 2.110000 -1.000000 0.000000
1 14 S -10.990000 0.923000 -1.149000 1.800000 0.000000 0.000000
1 15 T -9.178000 0.488000 1.765000 1.530000 0.000000 0.000000
1 16 P -8.312000 1.415000 -4.019000 2.110000 -1.000000 0.000000
1 17 S -5.420000 3.731000 -2.585000 1.800000 0.000000 0.000000
1 18 A -5.300000 3.102000 1.007000 1.530000 0.000000 0.000000
1 19 P -2.047000 1.870000 -3.481000 2.110000 -1.000000 0.000000
1 20 S 0.909000 3.483000 -1.543000 1.800000 0.000000 0.000000
1 21 G 0.517000 6.913000 -2.486000 1.530000 0.000000 0.000000
1 22 P 1.043000 3.565000 2.381000 2.110000 -1.000000 0.000000
1 23 S 2.556000 6.800000 4.106000 1.800000 0.000000 0.000000
1 24 T -0.318000 7.683000 5.515000 1.530000 0.000000 0.000000
1 25 P 5.106000 6.063000 7.043000 2.110000 -1.000000 0.000000
1 26 S 5.363000 9.626000 8.713000 1.800000 0.000000 0.000000
1 27 T 4.238000 11.286000 5.556000 1.530000 0.000000 0.000000
1 28 P 2.535000 10.693000 11.069000 2.110000 -1.000000 0.000000
1 29 S 1.260000 14.176000 9.660000 1.800000 0.000000 0.000000
1 30 A -0.989000 15.186000 12.349000 1.530000 0.000000 0.000000
1 31 P -1.996000 12.655000 7.776000 2.110000 -1.000000 0.000000
1 32 S -3.398000 9.648000 9.947000 1.800000 0.000000 0.000000
1 33 T -6.346000 7.686000 9.037000 1.530000 0.000000 0.000000
1 34 P -0.535000 6.981000 9.048000 2.110000 -1.000000 0.000000
1 35 S -1.699000 3.858000 11.177000 1.800000 0.000000 0.000000
1 36 A -4.731000 2.779000 9.642000 1.530000 0.000000 0.000000
1 37 P 0.282000 0.640000 9.912000 2.110000 -1.000000 0.000000
1 38 S -2.813000 -1.445000 8.625000 1.800000 0.000000 0.000000
1 39 G -4.094000 0.175000 5.620000 1.530000 0.000000 0.000000
1 40 P -1.512000 -4.395000 6.387000 2.110000 -1.000000 0.000000
1 41 S -4.725000 -5.783000 4.702000 1.800000 0.000000 0.000000
1 42 G -5.112000 -3.111000 2.325000 1.530000 0.000000 0.000000
1 43 P -3.313000 -8.587000 2.258000 2.110000 -1.000000 0.000000
1 44 S -6.515000 -8.299000 -0.131000 1.800000 0.000000 0.000000
1 45 A -4.507000 -6.426000 -2.145000 1.530000 0.000000 0.000000
1 46 P -6.492000 -11.074000 -2.913000 2.110000 -1.000000 0.000000
1 47 S -7.601000 -10.134000 -6.553000 1.800000 0.000000 0.000000
1 48 T -4.549000 -8.686000 -7.711000 1.530000 0.000000 0.000000
1 49 P -6.927000 -13.410000 -8.768000 2.110000 -1.000000 0.000000
