35000 1 P -22.815907 -22.006512 3.029297 2.110000 -1.000000 0.000000
35000 2 S -24.020895 -21.540295 -0.718107 1.800000 0.000000 0.000000
35000 3 A -23.005283 -24.832697 -1.644972 1.530000 0.000000 0.000000
35000 4 P -21.800030 -19.661467 -3.389909 2.110000 -1.000000 0.000000
35000 5 S -24.983164 -20.732882 -5.547659 1.800000 0.000000 0.000000
35000 6 T -27.323097 -18.110714 -4.841634 1.530000 0.000000 0.000000
35000 7 P -23.318388 -18.290232 -8.247586 2.110000 -1.000000 0.000000
35000 8 S -26.123882 -15.545048 -7.848319 1.800000 0.000000 0.000000
35000 9 C -26.282484 -13.860092 -4.738623 1.530000 0.000000 0.000000
35000 10 P -24.715008 -12.514642 -9.742830 2.110000 -1.000000 0.000000
35000 11 S -26.286060 -9.263965 -7.878341 1.800000 0.000000 0.000000
35000 12 C -24.219629 -9.046206 -5.040009 1.530000 0.000000 0.000000
35000 13 P -24.203186 -6.393807 -9.828214 2.110000 -1.000000 0.000000
35000 14 S -23.025526 -4.460990 -6.656508 1.800000 0.000000 0.000000
35000 15 T -21.092966 -6.020803 -4.441869 1.530000 0.000000 0.000000
35000 16 P -20.451164 -1.500861 -7.369495 2.110000 -1.000000 0.000000
35000 17 S -18.324598 -2.828281 -4.300934 1.800000 0.000000 0.000000
35000 18 A -16.515141 -5.818514 -5.115877 1.530000 0.000000 0.000000
35000 19 P -14.688398 -1.412411 -3.654092 2.110000 -1.000000 0.000000
35000 20 S -12.439162 -4.567991 -3.757458 1.800000 0.000000 0.000000
35000 21 G -12.754128 -5.338537 -7.139327 1.530000 0.000000 0.000000
35000 22 P -8.511200 -5.434847 -3.393302 2.110000 -1.000000 0.000000
35000 23 S -6.545688 -2.544187 -5.135099 1.800000 0.000000 0.000000
35000 24 T -8.051833 -0.149440 -2.866476 1.530000 0.000000 0.000000
35000 25 P -3.280424 -4.125544 -3.524550 2.110000 -1.000000 0.000000
35000 26 S -0.874989 -2.246112 -1.060617 1.800000 0.000000 0.000000
35000 27 T -0.896250 -1.725966 2.527447 1.530000 0.000000 0.000000
35000 28 P -4.465185 -2.695482 0.140556 2.110000 -1.000000 0.000000
35000 29 S -4.951159 1.117148 1.219568 1.800000 0.000000 0.000000
35000 30 A -5.210279 3.448111 -1.436599 1.530000 0.000000 0.000000
35000 31 P -8.816278 1.380849 1.992163 2.110000 -1.000000 0.000000
35000 32 S -9.720432 -1.861226 0.066492 1.800000 0.000000 0.000000
35000 33 T -8.501597 -4.080105 2.589808 1.530000 0.000000 0.000000
35000 34 P -13.219122 -3.268219 0.297260 2.110000 -1.000000 0.000000
35000 35 S -14.739143 -0.937323 3.206367 1.800000 0.000000 0.000000
35000 36 A -14.827105 2.240460 1.742790 1.530000 0.000000 0.000000
35000 37 P -18.301901 -0.452164 4.860638 2.110000 -1.000000 0.000000
35000 38 S -20.999260 -0.877802 1.905388 1.800000 0.000000 0.000000
35000 39 G -20.914236 -4.070952 -0.065079 1.530000 0.000000 0.000000
35000 40 P -24.720274 -1.788190 2.686219 2.110000 -1.000000 0.000000
35000 41 S -27.083344 -3.993984 0.691163 1.800000 0.000000 0.000000
35000 42 G -25.555754 -7.135382 1.127505 1.530000 0.000000 0.000000
35000 43 P -30.004793 -5.343163 2.813784 2.110000 -1.000000 0.000000
35000 44 S -30.844805 -9.372174 2.704343 1.800000 0.000000 0.000000
35000 45 A -28.465769 -11.434593 4.080843 1.530000 0.000000 0.000000
35000 46 P -33.143906 -10.517313 5.637106 2.110000 -1.000000 0.000000
35000 47 S -31.396627 -13.817634 7.091980 1.800000 0.000000 0.000000
35000 48 T -28.783361 -12.049600 8.282577 1.530000 0.000000 0.000000
35000 49 P -31.534365 -16.060160 10.440908 2.110000 -1.000000 0.000000
