35000 1 P -14.133074 0.275750 -25.159323 2.110000 -1.000000 0.000000
35000 2 S -14.613814 -3.579879 -24.782181 1.800000 0.000000 0.000000
35000 3 A -14.876086 -5.256789 -27.692219 1.530000 0.000000 0.000000
35000 4 P -18.200006 -5.080875 -23.527933 2.110000 -1.000000 0.000000
35000 5 S -17.779928 -8.216769 -21.198700 1.800000 0.000000 0.000000
35000 6 T -16.584917 -7.958880 -17.980953 1.530000 0.000000 0.000000
35000 7 P -21.095951 -9.557860 -19.279484 2.110000 -1.000000 0.000000
35000 8 S -19.389887 -10.417045 -15.868155 1.800000 0.000000 0.000000
35000 9 C -19.069355 -7.215984 -13.872211 1.530000 0.000000 0.000000
35000 10 P -22.578985 -10.871458 -13.275911 2.110000 -1.000000 0.000000
35000 11 S -21.413069 -8.914457 -10.138939 1.800000 0.000000 0.000000
35000 12 C -22.485674 -5.651927 -11.535359 1.530000 0.000000 0.000000
35000 13 P -23.642269 -8.657516 -6.918367 2.110000 -1.000000 0.000000
35000 14 S -21.658546 -10.759243 -4.381471 1.800000 0.000000 0.000000
35000 15 T -20.839149 -7.405832 -5.079598 1.530000 0.000000 0.000000
35000 16 P -18.174799 -10.236043 -2.832883 2.110000 -1.000000 0.000000
35000 17 S -19.347975 -8.731535 0.639618 1.800000 0.000000 0.000000
35000 18 A -20.794531 -11.050825 2.792998 1.530000 0.000000 0.000000
35000 19 P -16.091526 -8.533852 3.054759 2.110000 -1.000000 0.000000
35000 20 S -17.860100 -9.782668 6.324121 1.800000 0.000000 0.000000
35000 21 G -18.434164 -13.171895 5.791142 1.530000 0.000000 0.000000
35000 22 P -15.759256 -10.450728 9.596899 2.110000 -1.000000 0.000000
35000 23 S -12.150982 -11.558968 10.094896 1.800000 0.000000 0.000000
35000 24 T -10.628609 -9.094156 8.381300 1.530000 0.000000 0.000000
35000 25 P -12.148969 -10.270522 13.778408 2.110000 -1.000000 0.000000
35000 26 S -15.104907 -7.858361 13.556972 1.800000 0.000000 0.000000
35000 27 T -16.083023 -11.264405 14.058648 1.530000 0.000000 0.000000
35000 28 P -17.543344 -6.526916 16.407068 2.110000 -1.000000 0.000000
35000 29 S -15.982334 -4.206130 13.558325 1.800000 0.000000 0.000000
35000 30 A -16.941044 -5.289057 10.334199 1.530000 0.000000 0.000000
35000 31 P -17.374603 -0.611860 12.888947 2.110000 -1.000000 0.000000
35000 32 S -17.019096 -1.915391 9.344159 1.800000 0.000000 0.000000
35000 33 T -13.943316 -3.684508 8.073070 1.530000 0.000000 0.000000
35000 34 P -18.291763 -0.545440 5.888219 2.110000 -1.000000 0.000000
35000 35 S -19.976847 -3.813782 4.514024 1.800000 0.000000 0.000000
35000 36 A -22.989985 -4.367956 6.083275 1.530000 0.000000 0.000000
35000 37 P -22.337301 -4.681803 1.385280 2.110000 -1.000000 0.000000
35000 38 S -24.417435 -1.660704 -0.384204 1.800000 0.000000 0.000000
35000 39 G -21.502459 0.065426 -1.407560 1.530000 0.000000 0.000000
35000 40 P -25.846588 -2.614912 -4.027990 2.110000 -1.000000 0.000000
35000 41 S -23.951927 0.121683 -6.155439 1.800000 0.000000 0.000000
35000 42 G -20.452551 0.036022 -7.153907 1.530000 0.000000 0.000000
35000 43 P -24.252731 -0.166538 -10.086077 2.110000 -1.000000 0.000000
35000 44 S -21.483269 0.928531 -12.644918 1.800000 0.000000 0.000000
35000 45 A -18.489313 -1.231923 -13.009445 1.530000 0.000000 0.000000
35000 46 P -21.518980 0.239405 -16.566814 2.110000 -1.000000 0.000000
35000 47 S -23.955694 -2.765716 -16.357124 1.800000 0.000000 0.000000
35000 48 T -27.100924 -1.432338 -15.025961 1.530000 0.000000 0.000000
35000 49 P -25.992243 -3.646181 -19.752993 2.110000 -1.000000 0.000000
40000 1 P -19.492113 3.112542 -24.032404 2.110000 -1.000000 0.000000
40000 2 S -20.394398 -0.474487 -22.336069 1.800000 0.000000 0.000000
40000 3 A -21.093845 -1.655233 -25.701303 1.530000 0.000000 0.000000
40000 4 P -23.987535 -0.728031 -20.602592 2.110000 -1.000000 0.000000
40000 5 S -22.659946 -3.963197 -18.817617 1.800000 0.000000 0.000000
40000 6 T -20.424177 -2.478426 -16.130531 1.530000 0.000000 0.000000
40000 7 P -24.303509 -6.043431 -15.769362 2.110000 -1.000000 0.000000
40000 8 S -21.598124 -7.334372 -13.238194 1.800000 0.000000 0.000000
40000 9 C -19.907328 -4.944107 -11.468725 1.530000 0.000000 0.000000
40000 10 P -23.607840 -8.681580 -10.214184 2.110000 -1.000000 0.000000
40000 11 S -20.629446 -7.642570 -8.123396 1.800000 0.000000 0.000000
40000 12 C -21.343706 -4.209137 -8.152159 1.530000 0.000000 0.000000
40000 13 P -21.159449 -6.767329 -4.620512 2.110000 -1.000000 0.000000
40000 14 S -18.736170 -9.067200 -2.433455 1.800000 0.000000 0.000000
40000 15 T -17.300516 -6.261632 -3.818916 1.530000 0.000000 0.000000
40000 16 P -14.938507 -9.979845 -1.948805 2.110000 -1.000000 0.000000
40000 17 S -15.697743 -7.833000 1.241744 1.800000 0.000000 0.000000
40000 18 A -17.334311 -10.496845 2.785249 1.530000 0.000000 0.000000
40000 19 P -13.762720 -6.908133 4.505377 2.110000 -1.000000 0.000000
40000 20 S -15.548621 -7.823291 7.996334 1.800000 0.000000 0.000000
40000 21 G -15.450438 -11.567137 8.198155 1.530000 0.000000 0.000000
40000 22 P -14.416257 -8.596999 11.486321 2.110000 -1.000000 0.000000
40000 23 S -10.812031 -9.468525 13.059440 1.800000 0.000000 0.000000
40000 24 T -8.660071 -6.523338 13.788889 1.530000 0.000000 0.000000
40000 25 P -11.326618 -9.476103 16.914495 2.110000 -1.000000 0.000000
40000 26 S -14.186514 -7.568899 15.105057 1.800000 0.000000 0.000000
40000 27 T -14.158011 -11.084152 15.162054 1.530000 0.000000 0.000000
40000 28 P -17.091438 -7.593598 17.950134 2.110000 -1.000000 0.000000
40000 29 S -17.611431 -4.644261 15.390346 1.800000 0.000000 0.000000
40000 30 A -18.269655 -5.821259 12.148104 1.530000 0.000000 0.000000
40000 31 P -20.702051 -2.079677 15.157887 2.110000 -1.000000 0.000000
40000 32 S -21.006695 -2.168206 11.186624 1.800000 0.000000 0.000000
40000 33 T -22.097912 -5.558904 10.427820 1.530000 0.000000 0.000000
40000 34 P -23.218941 -1.497903 7.989806 2.110000 -1.000000 0.000000
40000 35 S -23.496817 -4.365963 5.334424 1.800000 0.000000 0.000000
40000 36 A -25.906301 -6.443395 7.032459 1.530000 0.000000 0.000000
40000 37 P -25.528545 -5.657987 2.151966 2.110000 -1.000000 0.000000
40000 38 S -28.757975 -3.418724 1.410370 1.800000 0.000000 0.000000
40000 39 G -27.344721 -0.381248 0.154686 1.530000 0.000000 0.000000
40000 40 P -29.926189 -4.874997 -2.062202 2.110000 -1.000000 0.000000
40000 41 S -29.959057 -1.066707 -3.451584 1.800000 0.000000 0.000000
40000 42 G -26.594883 -0.005132 -4.044211 1.530000 0.000000 0.000000
40000 43 P -30.556541 -0.160051 -7.235133 2.110000 -1.000000 0.000000
40000 44 S -27.872643 1.975913 -9.158679 1.800000 0.000000 0.000000
40000 45 A -24.910761 0.088927 -8.442077 1.530000 0.000000 0.000000
40000 46 P -26.964182 2.622185 -12.934222 2.110000 -1.000000 0.000000
40000 47 S -27.876097 -0.228085 -15.472300 1.800000 0.000000 0.000000
40000 48 T -30.947886 0.795404 -14.916166 1.530000 0.000000 0.000000
40000 49 P -27.645521 1.432018 -19.039051 2.110000 -1.000000 0.000000
45000 1 P -35.851311 2.160659 -16.803808 2.110000 -1.000000 0.000000
45000 2 S -34.674904 -1.630607 -16.443888 1.800000 0.000000 0.000000
45000 3 A -35.509960 -4.101580 -18.761547 1.530000 0.000000 0.000000
45000 4 P -36.262188 -4.061501 -13.706369 2.110000 -1.000000 0.000000
45000 5 S -33.557617 -6.595589 -12.330100 1.800000 0.000000 0.000000
45000 6 T -31.144325 -4.146194 -10.681894 1.530000 0.000000 0.000000
45000 7 P -33.030010 -9.034491 -9.273388 2.110000 -1.000000 0.000000
45000 8 S -29.329447 -8.830478 -8.201069 1.800000 0.000000 0.000000
45000 9 C -28.648443 -5.531983 -6.843493 1.530000 0.000000 0.000000
45000 10 P -28.661968 -9.773224 -4.587365 2.110000 -1.000000 0.000000
45000 11 S -25.433596 -8.314223 -2.848048 1.800000 0.000000 0.000000
45000 12 C -27.550970 -5.517034 -3.286491 1.530000 0.000000 0.000000
45000 13 P -25.640276 -8.452564 1.110953 2.110000 -1.000000 0.000000
45000 14 S -22.800953 -10.171445 3.330262 1.800000 0.000000 0.000000
45000 15 T -22.438576 -7.322015 1.561952 1.530000 0.000000 0.000000
45000 16 P -18.931351 -10.245161 3.690579 2.110000 -1.000000 0.000000
45000 17 S -18.021465 -8.449069 7.094515 1.800000 0.000000 0.000000
45000 18 A -19.316076 -10.597094 9.534189 1.530000 0.000000 0.000000
45000 19 P -14.606604 -8.697145 9.254044 2.110000 -1.000000 0.000000
45000 20 S -16.479183 -9.198419 12.765722 1.800000 0.000000 0.000000
45000 21 G -16.788990 -12.720133 13.091331 1.530000 0.000000 0.000000
45000 22 P -15.100949 -9.898473 16.346687 2.110000 -1.000000 0.000000
45000 23 S -11.121754 -10.547628 17.109333 1.800000 0.000000 0.000000
45000 24 T -10.070144 -7.415174 16.701288 1.530000 0.000000 0.000000
45000 25 P -10.826667 -10.041736 20.966526 2.110000 -1.000000 0.000000
45000 26 S -13.831660 -8.032925 19.571432 1.800000 0.000000 0.000000
45000 27 T -14.927927 -11.394003 20.292898 1.530000 0.000000 0.000000
45000 28 P -16.367977 -6.275992 21.994848 2.110000 -1.000000 0.000000
45000 29 S -16.524643 -3.209522 19.370317 1.800000 0.000000 0.000000
45000 30 A -17.824980 -5.577014 16.992006 1.530000 0.000000 0.000000
45000 31 P -18.905710 -0.125748 18.559200 2.110000 -1.000000 0.000000
45000 32 S -18.569244 -1.320753 14.779627 1.800000 0.000000 0.000000
45000 33 T -21.276146 -3.526969 15.594909 1.530000 0.000000 0.000000
45000 34 P -20.485853 0.398069 11.774734 2.110000 -1.000000 0.000000
45000 35 S -21.868374 -3.122275 10.302686 1.800000 0.000000 0.000000
45000 36 A -24.611902 -3.946774 12.739502 1.530000 0.000000 0.000000
45000 37 P -24.310469 -4.793289 7.620171 2.110000 -1.000000 0.000000
45000 38 S -27.010870 -2.060877 7.037264 1.800000 0.000000 0.000000
45000 39 G -24.710024 0.080325 5.359890 1.530000 0.000000 0.000000
45000 40 P -29.657526 -2.416060 4.197229 2.110000 -1.000000 0.000000
45000 41 S -30.244585 0.963157 2.133946 1.800000 0.000000 0.000000
45000 42 G -27.642096 1.528881 -0.389828 1.530000 0.000000 0.000000
45000 43 P -32.285007 0.660770 -1.296821 2.110000 -1.000000 0.000000
45000 44 S -29.784548 3.079593 -3.295902 1.800000 0.000000 0.000000
45000 45 A -26.538347 2.317491 -3.987578 1.530000 0.000000 0.000000
45000 46 P -30.258276 2.921772 -7.322846 2.110000 -1.000000 0.000000
45000 47 S -31.733206 0.411662 -10.055903 1.800000 0.000000 0.000000
45000 48 T -35.341125 0.832894 -9.765169 1.530000 0.000000 0.000000
45000 49 P -31.803236 2.391045 -13.440535 2.110000 -1.000000 0.000000
50000 1 P -31.530052 -4.315944 -16.359278 2.110000 -1.000000 0.000000
50000 2 S -28.038616 -5.054868 -18.048443 1.800000 0.000000 0.000000
50000 3 A -27.722715 -7.331921 -20.898579 1.530000 0.000000 0.000000
50000 4 P -26.175898 -7.224901 -15.452696 2.110000 -1.000000 0.000000
50000 5 S -22.348652 -7.110878 -14.649776 1.800000 0.000000 0.000000
50000 6 T -21.287312 -4.244388 -12.437969 1.530000 0.000000 0.000000
50000 7 P -21.685148 -9.487091 -11.511163 2.110000 -1.000000 0.000000
50000 8 S -19.712891 -7.349931 -8.757871 1.800000 0.000000 0.000000
50000 9 C -21.571943 -4.698659 -7.820467 1.530000 0.000000 0.000000
50000 10 P -19.392342 -9.347949 -5.389458 2.110000 -1.000000 0.000000
50000 11 S -20.588158 -6.735664 -2.726497 1.800000 0.000000 0.000000
50000 12 C -24.089622 -6.206733 -2.880896 1.530000 0.000000 0.000000
50000 13 P -20.900969 -7.595112 1.139552 2.110000 -1.000000 0.000000
50000 14 S -21.597538 -10.527733 3.714426 1.800000 0.000000 0.000000
50000 15 T -19.006857 -12.811500 3.727068 1.530000 0.000000 0.000000
50000 16 P -19.969294 -9.075292 7.160887 2.110000 -1.000000 0.000000
50000 17 S -23.525295 -8.256597 8.640305 1.800000 0.000000 0.000000
50000 18 A -25.973244 -10.836119 10.095450 1.530000 0.000000 0.000000
50000 19 P -23.443066 -7.010190 12.357519 2.110000 -1.000000 0.000000
50000 20 S -26.077011 -7.981561 15.116335 1.800000 0.000000 0.000000
50000 21 G -24.937223 -11.455459 15.256573 1.530000 0.000000 0.000000
50000 22 P -25.010469 -7.076522 19.040646 2.110000 -1.000000 0.000000
50000 23 S -21.303965 -5.661442 19.022432 1.800000 0.000000 0.000000
50000 24 T -21.674416 -2.591424 17.323891 1.530000 0.000000 0.000000
50000 25 P -21.401463 -4.064380 22.642992 2.110000 -1.000000 0.000000
50000 26 S -25.261017 -3.448588 22.250568 1.800000 0.000000 0.000000
50000 27 T -25.549885 -6.571007 23.650187 1.530000 0.000000 0.000000
50000 28 P -28.812216 -2.498902 23.855553 2.110000 -1.000000 0.000000
50000 29 S -27.480869 -0.857289 20.578600 1.800000 0.000000 0.000000
50000 30 A -26.736271 -4.094894 19.137640 1.530000 0.000000 0.000000
50000 31 P -28.959755 0.628609 17.311407 2.110000 -1.000000 0.000000
50000 32 S -26.623842 -0.519374 14.385609 1.800000 0.000000 0.000000
50000 33 T -27.557226 -3.820895 14.798339 1.530000 0.000000 0.000000
50000 34 P -27.223360 -0.676968 10.601279 2.110000 -1.000000 0.000000
50000 35 S -26.042089 -4.333290 10.036279 1.800000 0.000000 0.000000
50000 36 A -27.856497 -7.009254 11.394515 1.530000 0.000000 0.000000
50000 37 P -27.136400 -5.469007 6.566274 2.110000 -1.000000 0.000000
50000 38 S -30.189888 -4.138800 4.272775 1.800000 0.000000 0.000000
50000 39 G -29.803810 -0.844322 2.678859 1.530000 0.000000 0.000000
50000 40 P -30.010395 -5.854323 0.740381 2.110000 -1.000000 0.000000
50000 41 S -30.838772 -3.298617 -2.064510 1.800000 0.000000 0.000000
50000 42 G -28.507879 -0.689853 -1.808032 1.530000 0.000000 0.000000
50000 43 P -30.577475 -4.350088 -5.756120 2.110000 -1.000000 0.000000
50000 44 S -29.509045 -1.052871 -7.543843 1.800000 0.000000 0.000000
50000 45 A -25.962385 -0.406220 -7.008100 1.530000 0.000000 0.000000
50000 46 P -28.482233 -2.101832 -11.168818 2.110000 -1.000000 0.000000
50000 47 S -26.639418 -5.026383 -9.375209 1.800000 0.000000 0.000000
50000 48 T -29.440655 -7.290617 -8.400157 1.530000 0.000000 0.000000
50000 49 P -25.477705 -8.407331 -11.065926 2.110000 -1.000000 0.000000
