35000 1 P -7.397179 3.432219 -18.442110 2.110000 -1.000000 0.000000
35000 2 S -4.658841 0.647578 -18.770124 1.800000 0.000000 0.000000
35000 3 A -3.307235 0.733973 -22.081705 1.530000 0.000000 0.000000
35000 4 P -6.900556 -2.604740 -18.650434 2.110000 -1.000000 0.000000
35000 5 S -4.642993 -5.392574 -17.005260 1.800000 0.000000 0.000000
35000 6 T -4.638742 -4.571333 -13.556117 1.530000 0.000000 0.000000
35000 7 P -5.117984 -9.133610 -16.017756 2.110000 -1.000000 0.000000
35000 8 S -3.259509 -9.383729 -12.646537 1.800000 0.000000 0.000000
35000 9 C -5.679481 -7.885518 -10.548175 1.530000 0.000000 0.000000
35000 10 P -2.436169 -12.215486 -9.993563 2.110000 -1.000000 0.000000
35000 11 S -3.333340 -9.905943 -6.851381 1.800000 0.000000 0.000000
35000 12 C -6.480893 -11.108123 -8.158123 1.530000 0.000000 0.000000
35000 13 P -3.236948 -12.454474 -3.752776 2.110000 -1.000000 0.000000
35000 14 S -0.346662 -9.676219 -3.741857 1.800000 0.000000 0.000000
35000 15 T -2.696227 -7.486578 -2.769978 1.530000 0.000000 0.000000
35000 16 P 1.999414 -9.066622 -0.668465 2.110000 -1.000000 0.000000
35000 17 S 1.131636 -9.143421 3.310806 1.800000 0.000000 0.000000
35000 18 A 0.140557 -12.656692 3.536250 1.530000 0.000000 0.000000
35000 19 P 4.873000 -9.359579 4.018447 2.110000 -1.000000 0.000000
35000 20 S 5.422824 -12.051533 6.832109 1.800000 0.000000 0.000000
35000 21 G 4.936478 -14.261688 4.198373 1.530000 0.000000 0.000000
35000 22 P 5.029439 -15.873847 7.690784 2.110000 -1.000000 0.000000
35000 23 S 4.149225 -16.028917 11.466445 1.800000 0.000000 0.000000
35000 24 T 1.121194 -15.074133 12.592903 1.530000 0.000000 0.000000
35000 25 P 2.647802 -19.583677 10.567883 2.110000 -1.000000 0.000000
35000 26 S -0.915389 -19.458948 12.117368 1.800000 0.000000 0.000000
35000 27 T -0.233449 -18.149172 8.757330 1.530000 0.000000 0.000000
35000 28 P -3.398746 -16.463013 11.222156 2.110000 -1.000000 0.000000
35000 29 S -4.526225 -15.899703 15.042541 1.800000 0.000000 0.000000
35000 30 A -1.427751 -14.559253 16.310259 1.530000 0.000000 0.000000
35000 31 P -6.307390 -12.306981 15.315094 2.110000 -1.000000 0.000000
35000 32 S -4.436796 -12.054831 11.920145 1.800000 0.000000 0.000000
35000 33 T -6.241152 -13.993524 10.097205 1.530000 0.000000 0.000000
35000 34 P -4.337663 -9.928374 8.406586 2.110000 -1.000000 0.000000
35000 35 S -3.679067 -13.292131 6.154751 1.800000 0.000000 0.000000
35000 36 A -6.213846 -15.853120 6.441693 1.530000 0.000000 0.000000
35000 37 P -3.659044 -13.850749 2.234210 2.110000 -1.000000 0.000000
35000 38 S -5.444642 -16.686611 0.194688 1.800000 0.000000 0.000000
35000 39 G -8.358306 -14.804297 0.618379 1.530000 0.000000 0.000000
35000 40 P -5.200412 -16.312754 -3.833892 2.110000 -1.000000 0.000000
35000 41 S -8.859148 -16.064150 -4.859601 1.800000 0.000000 0.000000
35000 42 G -9.843666 -12.972303 -3.132674 1.530000 0.000000 0.000000
35000 43 P -9.673795 -14.604373 -8.450808 2.110000 -1.000000 0.000000
35000 44 S -12.406883 -11.572118 -7.954328 1.800000 0.000000 0.000000
35000 45 A -9.945924 -8.939799 -7.070549 1.530000 0.000000 0.000000
35000 46 P -14.047312 -9.737234 -10.943835 2.110000 -1.000000 0.000000
35000 47 S -14.042989 -5.893552 -11.954228 1.800000 0.000000 0.000000
35000 48 T -11.497469 -3.961111 -13.265112 1.530000 0.000000 0.000000
35000 49 P -15.318373 -5.297093 -15.887654 2.110000 -1.000000 0.000000
40000 1 P -8.794167 -1.747816 -22.806990 2.110000 -1.000000 0.000000
40000 2 S -5.673374 -3.972998 -22.951298 1.800000 0.000000 0.000000
40000 3 A -5.144616 -5.629588 -25.986258 1.530000 0.000000 0.000000
40000 4 P -4.721916 -7.040205 -20.698395 2.110000 -1.000000 0.000000
40000 5 S -1.010915 -5.729909 -20.191195 1.800000 0.000000 0.000000
40000 6 T -2.012473 -2.926301 -18.275688 1.530000 0.000000 0.000000
40000 7 P 1.858144 -7.367216 -17.859072 2.110000 -1.000000 0.000000
40000 8 S 3.153318 -4.373602 -15.762383 1.800000 0.000000 0.000000
40000 9 C 0.855813 -4.270816 -13.045111 1.530000 0.000000 0.000000
40000 10 P 4.919922 -6.049091 -12.747409 2.110000 -1.000000 0.000000
40000 11 S 3.025091 -5.227385 -9.393008 1.800000 0.000000 0.000000
40000 12 C 1.838552 -7.930837 -11.581381 1.530000 0.000000 0.000000
40000 13 P 3.664810 -7.394218 -6.176450 2.110000 -1.000000 0.000000
40000 14 S 7.195204 -5.724308 -5.248271 1.800000 0.000000 0.000000
40000 15 T 5.670120 -2.385847 -4.615510 1.530000 0.000000 0.000000
40000 16 P 9.726807 -5.314311 -2.214689 2.110000 -1.000000 0.000000
40000 17 S 9.670012 -5.157466 1.747650 1.800000 0.000000 0.000000
40000 18 A 8.974635 -8.597001 2.077210 1.530000 0.000000 0.000000
40000 19 P 12.971355 -4.659030 3.800821 2.110000 -1.000000 0.000000
40000 20 S 12.775017 -7.531991 6.390014 1.800000 0.000000 0.000000
40000 21 G 13.470053 -8.685936 3.169327 1.530000 0.000000 0.000000
40000 22 P 12.181510 -11.228318 7.259547 2.110000 -1.000000 0.000000
40000 23 S 10.386178 -11.027184 10.680995 1.800000 0.000000 0.000000
40000 24 T 7.545360 -9.094952 11.174419 1.530000 0.000000 0.000000
40000 25 P 10.206323 -14.873118 10.203872 2.110000 -1.000000 0.000000
40000 26 S 6.871911 -16.677515 11.431240 1.800000 0.000000 0.000000
40000 27 T 4.579119 -16.966139 8.617475 1.530000 0.000000 0.000000
40000 28 P 4.935200 -13.434542 10.251937 2.110000 -1.000000 0.000000
40000 29 S 2.142967 -14.036990 13.139808 1.800000 0.000000 0.000000
40000 30 A 4.128492 -13.579123 15.871979 1.530000 0.000000 0.000000
40000 31 P -0.759539 -11.326762 13.012547 2.110000 -1.000000 0.000000
40000 32 S 1.803219 -8.954079 11.402452 1.800000 0.000000 0.000000
40000 33 T 2.782992 -10.745780 8.655042 1.530000 0.000000 0.000000
40000 34 P 0.528883 -5.592287 9.238563 2.110000 -1.000000 0.000000
40000 35 S 3.178213 -5.918690 6.265515 1.800000 0.000000 0.000000
40000 36 A 1.750208 -9.194377 5.158704 1.530000 0.000000 0.000000
40000 37 P 3.286490 -4.226949 2.600142 2.110000 -1.000000 0.000000
40000 38 S 3.782559 -7.885946 1.429855 1.800000 0.000000 0.000000
40000 39 G 0.779432 -9.664367 1.012341 1.530000 0.000000 0.000000
40000 40 P 4.167090 -8.217564 -2.342421 2.110000 -1.000000 0.000000
40000 41 S 2.329335 -11.216529 -4.135497 1.800000 0.000000 0.000000
40000 42 G -1.103529 -10.486218 -4.557477 1.530000 0.000000 0.000000
40000 43 P 2.736875 -12.074471 -8.009871 2.110000 -1.000000 0.000000
40000 44 S -0.960348 -12.489356 -9.254959 1.800000 0.000000 0.000000
40000 45 A -3.026953 -9.518280 -9.823289 1.530000 0.000000 0.000000
40000 46 P -1.725312 -12.264288 -13.100439 2.110000 -1.000000 0.000000
40000 47 S -5.187173 -10.446754 -13.110787 1.800000 0.000000 0.000000
40000 48 T -2.675961 -7.415359 -12.866497 1.530000 0.000000 0.000000
40000 49 P -6.397768 -9.349679 -16.792650 2.110000 -1.000000 0.000000
45000 1 P -7.958684 6.252437 -22.078726 2.110000 -1.000000 0.000000
45000 2 S -4.055927 5.842267 -22.162346 1.800000 0.000000 0.000000
45000 3 A -3.014080 5.407156 -25.397310 1.530000 0.000000 0.000000
45000 4 P -2.568173 2.540561 -20.682081 2.110000 -1.000000 0.000000
45000 5 S 0.162473 5.179581 -19.262012 1.800000 0.000000 0.000000
45000 6 T -1.657097 6.834223 -16.521505 1.530000 0.000000 0.000000
45000 7 P 1.777401 2.769437 -16.739571 2.110000 -1.000000 0.000000
45000 8 S 3.000540 3.914497 -13.097218 1.800000 0.000000 0.000000
45000 9 C 0.237105 4.451010 -11.191750 1.530000 0.000000 0.000000
45000 10 P 4.900823 1.746064 -10.407957 2.110000 -1.000000 0.000000
45000 11 S 2.430898 3.373042 -7.786944 1.800000 0.000000 0.000000
45000 12 C -0.385423 1.138914 -9.038253 1.530000 0.000000 0.000000
45000 13 P 2.650971 1.315182 -4.487527 2.110000 -1.000000 0.000000
45000 14 S 5.173645 3.460002 -2.408156 1.800000 0.000000 0.000000
45000 15 T 2.324945 5.352510 -1.621791 1.530000 0.000000 0.000000
45000 16 P 6.543409 3.387908 1.372903 2.110000 -1.000000 0.000000
45000 17 S 5.101660 1.485408 4.519421 1.800000 0.000000 0.000000
45000 18 A 4.678417 -2.063015 4.147007 1.530000 0.000000 0.000000
45000 19 P 8.017648 1.677525 7.249994 2.110000 -1.000000 0.000000
45000 20 S 8.908629 -1.375193 9.653614 1.800000 0.000000 0.000000
45000 21 G 11.147806 -1.445423 7.236509 1.530000 0.000000 0.000000
45000 22 P 9.825866 -5.153791 9.502579 2.110000 -1.000000 0.000000
45000 23 S 7.706069 -6.898741 12.003170 1.800000 0.000000 0.000000
45000 24 T 4.500982 -6.616205 10.399126 1.530000 0.000000 0.000000
45000 25 P 8.678656 -10.663248 10.747257 2.110000 -1.000000 0.000000
45000 26 S 5.377058 -13.166240 11.115690 1.800000 0.000000 0.000000
45000 27 T 4.215674 -13.907265 7.852602 1.530000 0.000000 0.000000
45000 28 P 2.300058 -10.902332 10.230330 2.110000 -1.000000 0.000000
45000 29 S -1.264812 -12.054448 11.452998 1.800000 0.000000 0.000000
45000 30 A -1.310110 -11.226688 15.019035 1.530000 0.000000 0.000000
45000 31 P -4.344985 -9.944056 11.155939 2.110000 -1.000000 0.000000
45000 32 S -2.920402 -6.291048 10.810997 1.800000 0.000000 0.000000
45000 33 T -0.684065 -6.453958 8.144883 1.530000 0.000000 0.000000
45000 34 P -4.008333 -2.683668 9.630957 2.110000 -1.000000 0.000000
45000 35 S -1.119716 -2.511732 6.855728 1.800000 0.000000 0.000000
45000 36 A -2.351299 -4.882632 4.560575 1.530000 0.000000 0.000000
45000 37 P 0.394470 -0.186815 3.784566 2.110000 -1.000000 0.000000
45000 38 S 1.340847 -3.080601 1.332869 1.800000 0.000000 0.000000
45000 39 G -1.996249 -4.426174 0.182970 1.530000 0.000000 0.000000
45000 40 P 2.927972 -2.722816 -2.111752 2.110000 -1.000000 0.000000
45000 41 S 0.822581 -5.240232 -4.192025 1.800000 0.000000 0.000000
45000 42 G -2.668957 -3.682351 -4.361615 1.530000 0.000000 0.000000
45000 43 P 1.031891 -5.166280 -8.014352 2.110000 -1.000000 0.000000
45000 44 S -2.823763 -5.069848 -9.063645 1.800000 0.000000 0.000000
45000 45 A -4.444578 -1.950902 -8.769883 1.530000 0.000000 0.000000
45000 46 P -3.404284 -4.578811 -12.817008 2.110000 -1.000000 0.000000
45000 47 S -6.740924 -2.564023 -13.283305 1.800000 0.000000 0.000000
45000 48 T -6.063092 1.057389 -12.465400 1.530000 0.000000 0.000000
45000 49 P -7.743854 -0.843251 -16.583042 2.110000 -1.000000 0.000000
50000 1 P -4.846618 2.782890 -16.514042 2.110000 -1.000000 0.000000
50000 2 S -1.760951 4.353947 -14.769908 1.800000 0.000000 0.000000
50000 3 A -0.731342 4.767258 -18.123976 1.530000 0.000000 0.000000
50000 4 P 0.917995 1.712608 -13.040831 2.110000 -1.000000 0.000000
50000 5 S 2.684979 4.753806 -11.188451 1.800000 0.000000 0.000000
50000 6 T 0.025786 5.320900 -8.799487 1.530000 0.000000 0.000000
50000 7 P 5.160838 3.714720 -8.349449 2.110000 -1.000000 0.000000
50000 8 S 4.324272 5.623736 -5.149674 1.800000 0.000000 0.000000
50000 9 C 1.398795 5.614384 -3.270333 1.530000 0.000000 0.000000
50000 10 P 6.288849 4.497643 -2.103210 2.110000 -1.000000 0.000000
50000 11 S 3.529142 4.280046 0.751683 1.800000 0.000000 0.000000
50000 12 C 1.949266 1.464406 -0.931702 1.530000 0.000000 0.000000
50000 13 P 4.592972 2.481975 4.081300 2.110000 -1.000000 0.000000
50000 14 S 6.112772 5.498184 6.305831 1.800000 0.000000 0.000000
50000 15 T 3.473728 7.380016 7.901335 1.530000 0.000000 0.000000
50000 16 P 6.773188 4.839536 10.044408 2.110000 -1.000000 0.000000
50000 17 S 5.137597 1.923976 12.102170 1.800000 0.000000 0.000000
50000 18 A 6.667104 -0.884441 10.603451 1.530000 0.000000 0.000000
50000 19 P 7.701238 2.098811 15.271314 2.110000 -1.000000 0.000000
50000 20 S 9.350891 -1.160683 16.799995 1.800000 0.000000 0.000000
50000 21 G 10.695966 0.189959 13.577858 1.530000 0.000000 0.000000
50000 22 P 11.533563 -4.315074 15.631427 2.110000 -1.000000 0.000000
50000 23 S 10.134033 -6.918581 18.370384 1.800000 0.000000 0.000000
50000 24 T 6.581184 -7.782458 17.596167 1.530000 0.000000 0.000000
50000 25 P 11.656517 -10.250222 16.827055 2.110000 -1.000000 0.000000
50000 26 S 8.107023 -11.848548 17.582481 1.800000 0.000000 0.000000
50000 27 T 8.264494 -11.576579 14.114700 1.530000 0.000000 0.000000
50000 28 P 4.401453 -10.580211 17.089304 2.110000 -1.000000 0.000000
50000 29 S 1.309178 -12.879481 18.123352 1.800000 0.000000 0.000000
50000 30 A 1.367870 -12.623704 21.878838 1.530000 0.000000 0.000000
50000 31 P -2.457043 -11.539727 18.168888 2.110000 -1.000000 0.000000
50000 32 S -0.395557 -8.260263 17.960920 1.800000 0.000000 0.000000
50000 33 T 1.694902 -8.319303 15.106543 1.530000 0.000000 0.000000
50000 34 P -1.175748 -4.389461 17.065804 2.110000 -1.000000 0.000000
50000 35 S 1.246141 -3.746647 13.961599 1.800000 0.000000 0.000000
50000 36 A -0.671662 -5.687015 11.746056 1.530000 0.000000 0.000000
50000 37 P 3.094605 -2.220672 10.939235 2.110000 -1.000000 0.000000
50000 38 S 3.337551 -5.244753 8.335963 1.800000 0.000000 0.000000
50000 39 G -0.050640 -5.209656 7.429567 1.530000 0.000000 0.000000
50000 40 P 4.170915 -4.121552 4.694782 2.110000 -1.000000 0.000000
50000 41 S 1.080346 -5.057201 2.598198 1.800000 0.000000 0.000000
50000 42 G -1.122979 -2.401895 3.572012 1.530000 0.000000 0.000000
50000 43 P 1.155737 -4.123719 -1.149627 2.110000 -1.000000 0.000000
50000 44 S -2.583032 -3.188143 -1.942993 1.800000 0.000000 0.000000
50000 45 A -2.903129 0.033989 -0.854550 1.530000 0.000000 0.000000
50000 46 P -5.129781 -2.254395 -5.011924 2.110000 -1.000000 0.000000
50000 47 S -7.433105 0.750187 -3.573925 1.800000 0.000000 0.000000
50000 48 T -4.797630 3.176665 -3.850177 1.530000 0.000000 0.000000
50000 49 P -9.647412 2.410321 -6.613486 2.110000 -1.000000 0.000000
