35000 1 P 13.832815 15.150401 -50.536129 2.110000 -1.000000 0.000000
35000 2 S 15.176880 11.146796 -50.561577 1.800000 0.000000 0.000000
35000 3 A 14.958285 10.318059 -54.055672 1.530000 0.000000 0.000000
35000 4 P 12.676662 8.041573 -49.926640 2.110000 -1.000000 0.000000
35000 5 S 15.623326 5.609553 -48.675472 1.800000 0.000000 0.000000
35000 6 T 16.557613 7.184259 -45.464573 1.530000 0.000000 0.000000
35000 7 P 14.937418 2.175577 -46.922466 2.110000 -1.000000 0.000000
35000 8 S 17.519760 1.837484 -43.890732 1.800000 0.000000 0.000000
35000 9 C 16.220135 4.101257 -41.609753 1.530000 0.000000 0.000000
35000 10 P 18.837317 0.000942 -40.639462 2.110000 -1.000000 0.000000
35000 11 S 19.507046 3.128950 -38.234879 1.800000 0.000000 0.000000
35000 12 C 16.214806 3.645383 -37.541588 1.530000 0.000000 0.000000
35000 13 P 20.490740 1.897002 -34.590633 2.110000 -1.000000 0.000000
35000 14 S 24.159046 2.795280 -35.976189 1.800000 0.000000 0.000000
35000 15 T 22.056963 5.895824 -35.674343 1.530000 0.000000 0.000000
35000 16 P 27.505907 3.087651 -34.327808 2.110000 -1.000000 0.000000
35000 17 S 28.391764 3.796797 -30.544790 1.800000 0.000000 0.000000
35000 18 A 27.690805 1.510074 -27.940290 1.530000 0.000000 0.000000
35000 19 P 32.327923 3.126134 -30.401367 2.110000 -1.000000 0.000000
35000 20 S 31.645748 1.347921 -27.008320 1.800000 0.000000 0.000000
35000 21 G 31.556868 -1.972326 -28.333954 1.530000 0.000000 0.000000
35000 22 P 28.381214 -0.451999 -25.229782 2.110000 -1.000000 0.000000
35000 23 S 30.442568 -1.112963 -21.982597 1.800000 0.000000 0.000000
35000 24 T 30.985756 2.426633 -20.998363 1.530000 0.000000 0.000000
35000 25 P 28.970730 -1.768810 -18.351828 2.110000 -1.000000 0.000000
35000 26 S 26.298708 -0.024389 -20.683550 1.800000 0.000000 0.000000
35000 27 T 26.002962 -3.030614 -22.609041 1.530000 0.000000 0.000000
35000 28 P 22.308458 0.571429 -20.854679 2.110000 -1.000000 0.000000
35000 29 S 21.166473 3.661021 -18.829010 1.800000 0.000000 0.000000
35000 30 A 23.447191 6.059985 -20.510080 1.530000 0.000000 0.000000
35000 31 P 17.587816 4.404839 -20.734459 2.110000 -1.000000 0.000000
35000 32 S 18.399734 2.066860 -23.868162 1.800000 0.000000 0.000000
35000 33 T 18.428934 -1.483077 -23.410086 1.530000 0.000000 0.000000
35000 34 P 16.472887 0.923652 -27.221901 2.110000 -1.000000 0.000000
35000 35 S 12.709963 2.144603 -26.872051 1.800000 0.000000 0.000000
35000 36 A 14.142895 5.417685 -27.190262 1.530000 0.000000 0.000000
35000 37 P 9.239321 2.399333 -28.908371 2.110000 -1.000000 0.000000
35000 38 S 9.680021 6.369368 -28.760782 1.800000 0.000000 0.000000
35000 39 G 11.940517 6.512382 -31.679028 1.530000 0.000000 0.000000
35000 40 P 8.073237 9.317233 -30.437283 2.110000 -1.000000 0.000000
35000 41 S 10.608677 11.661553 -32.457859 1.800000 0.000000 0.000000
35000 42 G 11.059449 10.047399 -35.605404 1.530000 0.000000 0.000000
35000 43 P 8.946557 14.626517 -34.573135 2.110000 -1.000000 0.000000
35000 44 S 10.692636 14.745834 -38.286427 1.800000 0.000000 0.000000
35000 45 A 9.454278 11.785775 -39.823593 1.530000 0.000000 0.000000
35000 46 P 9.640778 16.981833 -41.526047 2.110000 -1.000000 0.000000
35000 47 S 9.714685 14.347847 -44.652115 1.800000 0.000000 0.000000
35000 48 T 6.691890 13.652849 -43.218216 1.530000 0.000000 0.000000
35000 49 P 7.575394 14.275755 -47.965187 2.110000 -1.000000 0.000000
40000 1 P 4.339491 8.932714 -52.682861 2.110000 -1.000000 0.000000
40000 2 S 6.646303 6.003269 -54.014118 1.800000 0.000000 0.000000
40000 3 A 5.955990 3.829298 -56.698971 1.530000 0.000000 0.000000
40000 4 P 6.012380 2.826092 -52.051090 2.110000 -1.000000 0.000000
40000 5 S 9.894299 2.245615 -52.635326 1.800000 0.000000 0.000000
40000 6 T 11.399072 4.730997 -50.517555 1.530000 0.000000 0.000000
40000 7 P 11.072068 -0.773932 -50.198860 2.110000 -1.000000 0.000000
40000 8 S 14.440907 0.614509 -48.949039 1.800000 0.000000 0.000000
40000 9 C 12.864743 3.317078 -47.319614 1.530000 0.000000 0.000000
40000 10 P 16.772799 -1.199772 -46.266167 2.110000 -1.000000 0.000000
40000 11 S 17.890558 1.488932 -43.715073 1.800000 0.000000 0.000000
40000 12 C 14.661115 0.290855 -43.491722 1.530000 0.000000 0.000000
40000 13 P 19.316463 0.677666 -40.238304 2.110000 -1.000000 0.000000
40000 14 S 23.055006 1.816357 -41.180710 1.800000 0.000000 0.000000
40000 15 T 22.917248 5.255903 -42.257893 1.530000 0.000000 0.000000
40000 16 P 26.674047 2.547272 -39.547001 2.110000 -1.000000 0.000000
40000 17 S 26.424366 4.386572 -36.062263 1.800000 0.000000 0.000000
40000 18 A 25.168560 1.818182 -33.925751 1.530000 0.000000 0.000000
40000 19 P 30.010786 3.256815 -34.855644 2.110000 -1.000000 0.000000
40000 20 S 31.537182 1.687943 -31.702379 1.800000 0.000000 0.000000
40000 21 G 31.354073 -1.567571 -30.514620 1.530000 0.000000 0.000000
40000 22 P 28.637186 -0.833179 -32.173534 2.110000 -1.000000 0.000000
40000 23 S 27.319916 0.503805 -28.649797 1.800000 0.000000 0.000000
40000 24 T 26.653448 4.009595 -28.896494 1.530000 0.000000 0.000000
40000 25 P 23.644018 -0.358196 -29.390375 2.110000 -1.000000 0.000000
40000 26 S 22.783474 -0.722456 -33.184734 1.800000 0.000000 0.000000
40000 27 T 25.126066 -3.405152 -33.825970 1.530000 0.000000 0.000000
40000 28 P 19.514153 -1.636122 -35.018387 2.110000 -1.000000 0.000000
40000 29 S 20.071529 2.143507 -34.367584 1.800000 0.000000 0.000000
40000 30 A 22.019333 2.506535 -37.251884 1.530000 0.000000 0.000000
40000 31 P 17.413639 4.215472 -36.177238 2.110000 -1.000000 0.000000
40000 32 S 15.108761 1.888029 -38.400364 1.800000 0.000000 0.000000
40000 33 T 13.010388 0.722007 -35.545502 1.530000 0.000000 0.000000
40000 34 P 11.927365 3.699334 -39.783195 2.110000 -1.000000 0.000000
40000 35 S 11.951684 6.858503 -37.584187 1.800000 0.000000 0.000000
40000 36 A 14.446829 8.421085 -39.370987 1.530000 0.000000 0.000000
40000 37 P 9.245411 9.306492 -39.311871 2.110000 -1.000000 0.000000
40000 38 S 11.975790 12.103595 -40.383423 1.800000 0.000000 0.000000
40000 39 G 14.128229 12.141204 -43.046188 1.530000 0.000000 0.000000
40000 40 P 9.950883 14.938729 -42.495426 2.110000 -1.000000 0.000000
40000 41 S 13.179975 15.713314 -44.912586 1.800000 0.000000 0.000000
40000 42 G 13.587393 13.269013 -47.320587 1.530000 0.000000 0.000000
40000 43 P 11.935550 17.965681 -48.076099 2.110000 -1.000000 0.000000
40000 44 S 12.938832 16.941402 -51.809914 1.800000 0.000000 0.000000
40000 45 A 10.730322 14.245690 -50.965050 1.530000 0.000000 0.000000
40000 46 P 11.389904 17.916224 -55.488327 2.110000 -1.000000 0.000000
40000 47 S 10.731328 14.168783 -56.724380 1.800000 0.000000 0.000000
40000 48 T 8.261505 13.679941 -54.394909 1.530000 0.000000 0.000000
40000 49 P 8.773194 13.009529 -60.094097 2.110000 -1.000000 0.000000
45000 1 P 6.872227 -3.248702 -52.810600 2.110000 -1.000000 0.000000
45000 2 S 10.452240 -3.067352 -54.548512 1.800000 0.000000 0.000000
45000 3 A 10.053905 -3.503824 -58.061470 1.530000 0.000000 0.000000
45000 4 P 12.695275 -6.248890 -54.044559 2.110000 -1.000000 0.000000
45000 5 S 16.544367 -5.129641 -54.205433 1.800000 0.000000 0.000000
45000 6 T 18.109383 -3.605918 -51.465412 1.530000 0.000000 0.000000
45000 7 P 19.841808 -6.944685 -52.897648 2.110000 -1.000000 0.000000
45000 8 S 22.247828 -4.259236 -51.273113 1.800000 0.000000 0.000000
45000 9 C 21.588608 -2.485005 -48.357067 1.530000 0.000000 0.000000
45000 10 P 25.205359 -6.644688 -49.898113 2.110000 -1.000000 0.000000
45000 11 S 26.015179 -4.739246 -46.635765 1.800000 0.000000 0.000000
45000 12 C 23.181547 -5.846616 -45.309948 1.530000 0.000000 0.000000
45000 13 P 27.996250 -6.462855 -43.629662 2.110000 -1.000000 0.000000
45000 14 S 31.539103 -5.117243 -44.332588 1.800000 0.000000 0.000000
45000 15 T 31.269667 -1.570649 -44.324383 1.530000 0.000000 0.000000
45000 16 P 34.135464 -5.240854 -41.574265 2.110000 -1.000000 0.000000
45000 17 S 32.719025 -4.366306 -38.023136 1.800000 0.000000 0.000000
45000 18 A 30.799461 -7.027318 -36.951576 1.530000 0.000000 0.000000
45000 19 P 36.218590 -5.431393 -36.732655 2.110000 -1.000000 0.000000
45000 20 S 36.483498 -7.472663 -33.304600 1.800000 0.000000 0.000000
45000 21 G 36.224865 -11.007313 -32.833038 1.530000 0.000000 0.000000
45000 22 P 33.004097 -8.992219 -34.241581 2.110000 -1.000000 0.000000
45000 23 S 30.171858 -9.661711 -31.597708 1.800000 0.000000 0.000000
45000 24 T 28.889179 -6.561206 -30.575283 1.530000 0.000000 0.000000
45000 25 P 26.638062 -10.755537 -32.350517 2.110000 -1.000000 0.000000
45000 26 S 26.505371 -8.375952 -35.626041 1.800000 0.000000 0.000000
45000 27 T 28.417284 -11.063745 -36.926674 1.530000 0.000000 0.000000
45000 28 P 23.577349 -7.595511 -38.299404 2.110000 -1.000000 0.000000
45000 29 S 24.190166 -3.953775 -36.905090 1.800000 0.000000 0.000000
45000 30 A 27.284065 -3.462152 -38.635864 1.530000 0.000000 0.000000
45000 31 P 22.223133 -1.419479 -39.250294 2.110000 -1.000000 0.000000
45000 32 S 21.137846 -3.633091 -42.365387 1.800000 0.000000 0.000000
45000 33 T 18.388746 -6.000836 -41.781025 1.530000 0.000000 0.000000
45000 34 P 18.788637 -1.808001 -45.083214 2.110000 -1.000000 0.000000
45000 35 S 17.869474 0.572380 -42.114052 1.800000 0.000000 0.000000
45000 36 A 20.947536 1.931927 -40.959751 1.530000 0.000000 0.000000
45000 37 P 16.565336 3.381290 -44.800705 2.110000 -1.000000 0.000000
45000 38 S 17.790009 6.732438 -43.006130 1.800000 0.000000 0.000000
45000 39 G 21.096888 5.720038 -43.973995 1.530000 0.000000 0.000000
45000 40 P 17.629383 10.169528 -44.720840 2.110000 -1.000000 0.000000
45000 41 S 19.330853 9.141613 -48.205482 1.800000 0.000000 0.000000
45000 42 G 16.849358 6.779344 -49.243397 1.530000 0.000000 0.000000
45000 43 P 20.160120 10.807377 -51.782841 2.110000 -1.000000 0.000000
45000 44 S 19.206699 7.273155 -53.390900 1.800000 0.000000 0.000000
45000 45 A 15.825634 5.898118 -53.977573 1.530000 0.000000 0.000000
45000 46 P 19.536705 7.500371 -57.360077 2.110000 -1.000000 0.000000
45000 47 S 17.547934 10.712759 -58.053677 1.800000 0.000000 0.000000
45000 48 T 18.781799 13.578732 -56.317444 1.530000 0.000000 0.000000
45000 49 P 18.704901 11.574221 -61.797813 2.110000 -1.000000 0.000000
50000 1 P 24.469467 13.295182 -67.402946 2.110000 -1.000000 0.000000
50000 2 S 27.731541 11.872239 -65.930176 1.800000 0.000000 0.000000
50000 3 A 30.027912 12.716985 -68.267143 1.530000 0.000000 0.000000
50000 4 P 27.638885 7.949486 -65.679298 2.110000 -1.000000 0.000000
50000 5 S 30.121374 7.329061 -62.764233 1.800000 0.000000 0.000000
50000 6 T 28.283474 8.183851 -59.773487 1.530000 0.000000 0.000000
50000 7 P 31.973440 4.591248 -60.646458 2.110000 -1.000000 0.000000
50000 8 S 32.323143 6.750884 -57.444412 1.800000 0.000000 0.000000
50000 9 C 29.246126 7.579663 -55.927158 1.530000 0.000000 0.000000
50000 10 P 34.274620 5.357625 -54.144287 2.110000 -1.000000 0.000000
50000 11 S 32.830975 5.734740 -50.615551 1.800000 0.000000 0.000000
50000 12 C 30.303879 3.272861 -50.532970 1.530000 0.000000 0.000000
50000 13 P 34.163410 3.062632 -47.971031 2.110000 -1.000000 0.000000
50000 14 S 37.321171 4.796557 -46.791157 1.800000 0.000000 0.000000
50000 15 T 36.259468 7.626473 -44.814713 1.530000 0.000000 0.000000
50000 16 P 39.980484 3.986110 -44.048424 2.110000 -1.000000 0.000000
50000 17 S 38.013832 2.078822 -41.074753 1.800000 0.000000 0.000000
50000 18 A 37.654163 -0.759700 -42.912838 1.530000 0.000000 0.000000
50000 19 P 39.960934 0.176126 -38.166431 2.110000 -1.000000 0.000000
50000 20 S 37.067505 -2.656701 -38.457958 1.800000 0.000000 0.000000
50000 21 G 39.957260 -3.217808 -40.348820 1.530000 0.000000 0.000000
50000 22 P 35.160255 -5.616530 -40.262959 2.110000 -1.000000 0.000000
50000 23 S 34.666805 -9.306656 -38.938534 1.800000 0.000000 0.000000
50000 24 T 32.345924 -9.038840 -36.368130 1.530000 0.000000 0.000000
50000 25 P 31.886009 -11.387141 -41.255791 2.110000 -1.000000 0.000000
50000 26 S 31.871626 -7.379768 -41.707993 1.800000 0.000000 0.000000
50000 27 T 34.539288 -9.149999 -42.666134 1.530000 0.000000 0.000000
50000 28 P 29.984882 -6.097060 -45.042561 2.110000 -1.000000 0.000000
50000 29 S 28.383808 -3.984049 -42.021309 1.800000 0.000000 0.000000
50000 30 A 31.103971 -1.527950 -41.544636 1.530000 0.000000 0.000000
50000 31 P 26.103392 -0.928918 -42.673851 2.110000 -1.000000 0.000000
50000 32 S 28.014826 -0.024808 -46.106972 1.800000 0.000000 0.000000
50000 33 T 26.424587 -2.096075 -48.480991 1.530000 0.000000 0.000000
50000 34 P 27.468199 3.054058 -48.676361 2.110000 -1.000000 0.000000
50000 35 S 23.532309 3.647471 -48.044029 1.800000 0.000000 0.000000
50000 36 A 23.857738 5.226898 -45.164490 1.530000 0.000000 0.000000
50000 37 P 22.169020 6.968359 -49.803204 2.110000 -1.000000 0.000000
50000 38 S 20.359526 8.939378 -46.876915 1.800000 0.000000 0.000000
50000 39 G 22.515856 10.372915 -44.398201 1.530000 0.000000 0.000000
50000 40 P 18.978743 12.626532 -46.928001 2.110000 -1.000000 0.000000
50000 41 S 22.511993 13.738111 -48.358109 1.800000 0.000000 0.000000
50000 42 G 22.921301 12.207907 -51.256134 1.530000 0.000000 0.000000
50000 43 P 22.501934 17.615316 -49.082684 2.110000 -1.000000 0.000000
50000 44 S 24.914392 17.733622 -52.200203 1.800000 0.000000 0.000000
50000 45 A 23.458866 15.762972 -54.947891 1.530000 0.000000 0.000000
50000 46 P 24.586222 20.981848 -54.600864 2.110000 -1.000000 0.000000
50000 47 S 20.954166 22.170448 -53.477615 1.800000 0.000000 0.000000
50000 48 T 23.322632 23.279654 -51.054504 1.530000 0.000000 0.000000
50000 49 P 18.129440 24.860266 -53.661446 2.110000 -1.000000 0.000000
