35000 1 P 25.879683 -30.624781 18.711823 2.110000 -1.000000 0.000000
35000 2 S 22.023273 -31.540159 17.941637 1.800000 0.000000 0.000000
35000 3 A 21.716461 -34.451397 16.021778 1.530000 0.000000 0.000000
35000 4 P 21.196693 -28.939362 14.901918 2.110000 -1.000000 0.000000
35000 5 S 17.400797 -27.776049 15.486655 1.800000 0.000000 0.000000
35000 6 T 18.978115 -25.491446 17.690805 1.530000 0.000000 0.000000
35000 7 P 15.035829 -24.881668 14.302389 2.110000 -1.000000 0.000000
35000 8 S 13.478042 -22.047447 16.696577 1.800000 0.000000 0.000000
35000 9 C 16.642185 -20.231836 17.424074 1.530000 0.000000 0.000000
35000 10 P 11.508199 -18.976349 15.546745 2.110000 -1.000000 0.000000
35000 11 S 12.635893 -15.254003 16.121758 1.800000 0.000000 0.000000
35000 12 C 15.756077 -14.742935 14.123273 1.530000 0.000000 0.000000
35000 13 P 10.366003 -13.371383 13.432940 2.110000 -1.000000 0.000000
35000 14 S 13.641305 -11.189395 12.783178 1.800000 0.000000 0.000000
35000 15 T 15.274765 -13.308492 10.530837 1.530000 0.000000 0.000000
35000 16 P 12.916402 -8.414087 10.085399 2.110000 -1.000000 0.000000
35000 17 S 12.178799 -4.616456 11.061509 1.800000 0.000000 0.000000
35000 18 A 15.693954 -4.960579 12.396085 1.530000 0.000000 0.000000
35000 19 P 12.412111 -2.270776 8.119114 2.110000 -1.000000 0.000000
35000 20 S 13.913234 1.361210 7.866184 1.800000 0.000000 0.000000
35000 21 G 17.309248 2.413688 7.808775 1.530000 0.000000 0.000000
35000 22 P 15.811787 -1.002434 10.338553 2.110000 -1.000000 0.000000
35000 23 S 16.830070 0.247310 14.018060 1.800000 0.000000 0.000000
35000 24 T 15.541445 1.299524 17.292963 1.530000 0.000000 0.000000
35000 25 P 17.412886 -3.426116 15.256008 2.110000 -1.000000 0.000000
35000 26 S 16.162235 -2.607625 18.970888 1.800000 0.000000 0.000000
35000 27 T 12.864947 -1.033396 19.648951 1.530000 0.000000 0.000000
35000 28 P 15.362211 -5.901228 20.942825 2.110000 -1.000000 0.000000
35000 29 S 13.898028 -7.607501 17.824362 1.800000 0.000000 0.000000
35000 30 A 16.193335 -8.338992 15.318265 1.530000 0.000000 0.000000
35000 31 P 13.662580 -11.197294 19.378878 2.110000 -1.000000 0.000000
35000 32 S 16.710112 -11.017777 21.776796 1.800000 0.000000 0.000000
35000 33 T 15.296715 -8.943478 24.252590 1.530000 0.000000 0.000000
35000 34 P 20.709139 -11.208055 22.346754 2.110000 -1.000000 0.000000
35000 35 S 19.508503 -13.800813 25.115202 1.800000 0.000000 0.000000
35000 36 A 18.163540 -16.372293 22.987307 1.530000 0.000000 0.000000
35000 37 P 21.884090 -16.363392 26.915537 2.110000 -1.000000 0.000000
35000 38 S 20.155817 -19.800869 27.709904 1.800000 0.000000 0.000000
35000 39 G 20.395153 -21.025423 24.270960 1.530000 0.000000 0.000000
35000 40 P 23.364052 -21.753340 28.492907 2.110000 -1.000000 0.000000
35000 41 S 23.512630 -25.474098 26.776655 1.800000 0.000000 0.000000
35000 42 G 23.759357 -24.439116 23.276184 1.530000 0.000000 0.000000
35000 43 P 27.525064 -26.411808 27.455963 2.110000 -1.000000 0.000000
35000 44 S 28.076092 -26.997587 23.573570 1.800000 0.000000 0.000000
35000 45 A 28.429598 -23.644455 22.033266 1.530000 0.000000 0.000000
35000 46 P 31.201242 -27.959478 21.523684 2.110000 -1.000000 0.000000
35000 47 S 31.130966 -25.552294 18.379198 1.800000 0.000000 0.000000
35000 48 T 31.932137 -22.174471 18.916632 1.530000 0.000000 0.000000
35000 49 P 34.459545 -26.320108 16.483295 2.110000 -1.000000 0.000000
40000 1 P 34.374462 -26.525028 19.022299 2.110000 -1.000000 0.000000
40000 2 S 32.362747 -27.801764 15.895368 1.800000 0.000000 0.000000
40000 3 A 34.457661 -29.486916 13.482043 1.530000 0.000000 0.000000
40000 4 P 30.977549 -24.542183 14.072208 2.110000 -1.000000 0.000000
40000 5 S 27.296864 -25.855749 13.646840 1.800000 0.000000 0.000000
40000 6 T 27.017483 -25.924129 17.263645 1.530000 0.000000 0.000000
40000 7 P 24.776514 -22.845100 12.572961 2.110000 -1.000000 0.000000
40000 8 S 22.280045 -23.424398 15.647593 1.800000 0.000000 0.000000
40000 9 C 23.570576 -22.299246 18.806576 1.530000 0.000000 0.000000
40000 10 P 20.423267 -20.043623 15.289419 2.110000 -1.000000 0.000000
40000 11 S 19.466549 -16.670429 17.059210 1.800000 0.000000 0.000000
40000 12 C 22.896299 -15.991035 17.152559 1.530000 0.000000 0.000000
40000 13 P 18.259634 -15.335683 13.621356 2.110000 -1.000000 0.000000
40000 14 S 19.318365 -11.821250 12.109932 1.800000 0.000000 0.000000
40000 15 T 22.115444 -13.938392 11.558373 1.530000 0.000000 0.000000
40000 16 P 19.184240 -9.668798 8.617237 2.110000 -1.000000 0.000000
40000 17 S 17.164839 -6.280027 8.348658 1.800000 0.000000 0.000000
40000 18 A 19.083899 -4.182469 10.200413 1.530000 0.000000 0.000000
40000 19 P 17.974503 -4.397001 4.935746 2.110000 -1.000000 0.000000
40000 20 S 18.920586 -0.669147 5.706388 1.800000 0.000000 0.000000
40000 21 G 22.178694 1.167349 5.849407 1.530000 0.000000 0.000000
40000 22 P 21.552017 -1.915190 8.264270 2.110000 -1.000000 0.000000
40000 23 S 22.118813 0.010224 11.547388 1.800000 0.000000 0.000000
40000 24 T 19.588863 -0.092864 13.851077 1.530000 0.000000 0.000000
40000 25 P 24.137678 -2.483018 13.821659 2.110000 -1.000000 0.000000
40000 26 S 22.959385 -2.124149 17.527529 1.800000 0.000000 0.000000
40000 27 T 19.710552 -3.225367 18.375372 1.530000 0.000000 0.000000
40000 28 P 24.134464 -5.404144 18.917305 2.110000 -1.000000 0.000000
40000 29 S 24.135908 -8.352707 16.189938 1.800000 0.000000 0.000000
40000 30 A 25.733894 -9.035418 12.965590 1.530000 0.000000 0.000000
40000 31 P 26.461006 -11.350044 16.835119 2.110000 -1.000000 0.000000
40000 32 S 29.380301 -9.073077 15.996296 1.800000 0.000000 0.000000
40000 33 T 30.177519 -6.491745 18.189291 1.530000 0.000000 0.000000
40000 34 P 32.750294 -10.479425 17.411898 2.110000 -1.000000 0.000000
40000 35 S 30.779085 -10.582320 21.053228 1.800000 0.000000 0.000000
40000 36 A 28.562742 -13.426537 21.509216 1.530000 0.000000 0.000000
40000 37 P 32.903858 -12.338250 23.814764 2.110000 -1.000000 0.000000
40000 38 S 30.929106 -14.882343 26.149433 1.800000 0.000000 0.000000
40000 39 G 29.633875 -17.101002 23.749321 1.530000 0.000000 0.000000
40000 40 P 32.120598 -17.668764 28.776819 2.110000 -1.000000 0.000000
40000 41 S 30.161474 -21.223549 29.294142 1.800000 0.000000 0.000000
40000 42 G 30.392393 -22.333696 26.061104 1.530000 0.000000 0.000000
40000 43 P 31.290388 -24.268654 31.492643 2.110000 -1.000000 0.000000
40000 44 S 29.573084 -26.101564 28.365959 1.800000 0.000000 0.000000
40000 45 A 32.174469 -25.870623 25.669338 1.530000 0.000000 0.000000
40000 46 P 30.774368 -29.903034 28.210390 2.110000 -1.000000 0.000000
40000 47 S 32.168377 -30.631084 24.574947 1.800000 0.000000 0.000000
40000 48 T 35.234966 -29.552053 23.291281 1.530000 0.000000 0.000000
40000 49 P 34.355465 -33.862976 24.448515 2.110000 -1.000000 0.000000
45000 1 P 43.212696 -22.045988 14.955203 2.110000 -1.000000 0.000000
45000 2 S 40.052582 -23.706104 13.093812 1.800000 0.000000 0.000000
45000 3 A 41.439774 -25.383884 9.988985 1.530000 0.000000 0.000000
45000 4 P 36.735592 -21.690819 12.179818 2.110000 -1.000000 0.000000
45000 5 S 33.058910 -22.335295 12.515421 1.800000 0.000000 0.000000
45000 6 T 31.900618 -22.361259 15.899788 1.530000 0.000000 0.000000
45000 7 P 30.343340 -19.365353 12.209129 2.110000 -1.000000 0.000000
45000 8 S 27.411875 -19.715910 14.992045 1.800000 0.000000 0.000000
45000 9 C 29.088707 -18.505932 18.091383 1.530000 0.000000 0.000000
45000 10 P 26.150120 -16.114069 13.930427 2.110000 -1.000000 0.000000
45000 11 S 25.954393 -13.434708 16.841928 1.800000 0.000000 0.000000
45000 12 C 29.277790 -12.837198 16.977293 1.530000 0.000000 0.000000
45000 13 P 24.888651 -10.304206 14.519381 2.110000 -1.000000 0.000000
45000 14 S 26.864147 -6.791440 14.605137 1.800000 0.000000 0.000000
45000 15 T 29.789566 -7.883956 12.867579 1.530000 0.000000 0.000000
45000 16 P 25.934414 -4.476388 11.602738 2.110000 -1.000000 0.000000
45000 17 S 24.421877 -1.224793 12.850720 1.800000 0.000000 0.000000
45000 18 A 27.099464 0.626876 14.217033 1.530000 0.000000 0.000000
45000 19 P 23.252178 1.984345 10.912719 2.110000 -1.000000 0.000000
45000 20 S 23.186235 5.502614 12.752491 1.800000 0.000000 0.000000
45000 21 G 26.004108 7.248262 12.357984 1.530000 0.000000 0.000000
45000 22 P 26.228140 3.969147 14.509759 2.110000 -1.000000 0.000000
45000 23 S 25.781591 5.937205 17.975748 1.800000 0.000000 0.000000
45000 24 T 22.724947 5.101246 19.207462 1.530000 0.000000 0.000000
45000 25 P 28.098183 3.090435 19.014397 2.110000 -1.000000 0.000000
45000 26 S 26.839666 0.671168 22.033758 1.800000 0.000000 0.000000
45000 27 T 23.731503 -0.870381 21.361404 1.530000 0.000000 0.000000
45000 28 P 28.606775 -2.758233 22.684086 2.110000 -1.000000 0.000000
45000 29 S 29.658056 -5.407667 20.039835 1.800000 0.000000 0.000000
45000 30 A 32.470135 -3.940353 18.199120 1.530000 0.000000 0.000000
45000 31 P 32.112698 -8.090992 21.002922 2.110000 -1.000000 0.000000
45000 32 S 34.912941 -9.244507 18.511738 1.800000 0.000000 0.000000
45000 33 T 36.969162 -6.497618 19.133940 1.530000 0.000000 0.000000
45000 34 P 38.108524 -10.808699 20.117653 2.110000 -1.000000 0.000000
45000 35 S 36.830753 -10.818791 23.958488 1.800000 0.000000 0.000000
45000 36 A 33.996204 -12.895502 23.394577 1.530000 0.000000 0.000000
45000 37 P 39.024769 -13.284071 26.263460 2.110000 -1.000000 0.000000
45000 38 S 35.499886 -15.038895 27.292353 1.800000 0.000000 0.000000
45000 39 G 33.832199 -17.088814 24.988588 1.530000 0.000000 0.000000
45000 40 P 36.467957 -18.346581 29.247568 2.110000 -1.000000 0.000000
45000 41 S 33.827377 -21.198423 28.814163 1.800000 0.000000 0.000000
45000 42 G 33.546143 -22.569107 25.499231 1.530000 0.000000 0.000000
45000 43 P 34.580719 -24.815765 30.010073 2.110000 -1.000000 0.000000
45000 44 S 33.542057 -27.157665 27.005819 1.800000 0.000000 0.000000
45000 45 A 35.130489 -27.967764 23.865898 1.530000 0.000000 0.000000
45000 46 P 35.010773 -30.791080 27.289099 2.110000 -1.000000 0.000000
45000 47 S 38.293087 -29.543074 29.126085 1.800000 0.000000 0.000000
45000 48 T 35.598026 -28.945684 31.234360 1.530000 0.000000 0.000000
45000 49 P 40.824871 -31.792776 31.012236 2.110000 -1.000000 0.000000
50000 1 P 43.866383 -16.476959 11.955132 2.110000 -1.000000 0.000000
50000 2 S 40.135784 -17.529547 10.525037 1.800000 0.000000 0.000000
50000 3 A 40.280052 -19.820990 7.636840 1.530000 0.000000 0.000000
50000 4 P 39.599194 -14.655835 7.777566 2.110000 -1.000000 0.000000
50000 5 S 36.152763 -15.871540 9.420479 1.800000 0.000000 0.000000
50000 6 T 36.896118 -14.144907 12.389343 1.530000 0.000000 0.000000
50000 7 P 33.237637 -13.374850 8.779180 2.110000 -1.000000 0.000000
50000 8 S 30.396486 -14.286524 11.291870 1.800000 0.000000 0.000000
50000 9 C 31.158056 -13.183921 14.587354 1.530000 0.000000 0.000000
50000 10 P 27.136692 -12.454191 11.907133 2.110000 -1.000000 0.000000
50000 11 S 26.611031 -11.881756 15.718328 1.800000 0.000000 0.000000
50000 12 C 29.001104 -9.434207 16.883255 1.530000 0.000000 0.000000
50000 13 P 23.808908 -9.032531 15.243763 2.110000 -1.000000 0.000000
50000 14 S 25.035824 -5.831782 17.478973 1.800000 0.000000 0.000000
50000 15 T 27.391108 -6.344925 14.912482 1.530000 0.000000 0.000000
50000 16 P 23.245897 -2.555925 15.619147 2.110000 -1.000000 0.000000
50000 17 S 20.835442 -0.748673 18.100952 1.800000 0.000000 0.000000
50000 18 A 23.361332 0.577925 20.148638 1.530000 0.000000 0.000000
50000 19 P 19.316414 2.697035 16.922609 2.110000 -1.000000 0.000000
50000 20 S 20.008871 5.612365 19.434303 1.800000 0.000000 0.000000
50000 21 G 22.066435 7.591096 17.205374 1.530000 0.000000 0.000000
50000 22 P 23.670506 5.547721 20.661787 2.110000 -1.000000 0.000000
50000 23 S 24.735821 7.759216 23.731436 1.800000 0.000000 0.000000
50000 24 T 23.932425 7.494039 27.277630 1.530000 0.000000 0.000000
50000 25 P 27.945398 6.073957 25.201572 2.110000 -1.000000 0.000000
50000 26 S 28.389112 5.217037 29.073549 1.800000 0.000000 0.000000
50000 27 T 27.165012 2.632698 31.514107 1.530000 0.000000 0.000000
50000 28 P 31.576027 3.011397 27.909361 2.110000 -1.000000 0.000000
50000 29 S 30.602512 0.404358 25.085457 1.800000 0.000000 0.000000
50000 30 A 29.973122 2.525496 22.185396 1.530000 0.000000 0.000000
50000 31 P 33.742939 -1.428328 23.474224 2.110000 -1.000000 0.000000
50000 32 S 33.302887 0.381098 19.966766 1.800000 0.000000 0.000000
50000 33 T 33.952335 3.832175 20.220921 1.530000 0.000000 0.000000
50000 34 P 36.900150 -0.731692 18.470556 2.110000 -1.000000 0.000000
50000 35 S 37.388725 -2.385412 21.942589 1.800000 0.000000 0.000000
50000 36 A 35.435890 -5.299691 22.023197 1.530000 0.000000 0.000000
50000 37 P 40.557453 -4.693737 22.493217 2.110000 -1.000000 0.000000
50000 38 S 38.843636 -7.429747 24.392063 1.800000 0.000000 0.000000
50000 39 G 36.622219 -9.183618 22.326706 1.530000 0.000000 0.000000
50000 40 P 40.369118 -10.641709 25.529846 2.110000 -1.000000 0.000000
50000 41 S 37.922634 -13.794644 24.987339 1.800000 0.000000 0.000000
50000 42 G 37.289112 -14.130594 21.351332 1.530000 0.000000 0.000000
50000 43 P 39.940327 -17.089817 24.983866 2.110000 -1.000000 0.000000
50000 44 S 38.211941 -19.933214 22.845602 1.800000 0.000000 0.000000
50000 45 A 37.986095 -19.628767 19.197107 1.530000 0.000000 0.000000
50000 46 P 40.089230 -23.368748 22.743933 2.110000 -1.000000 0.000000
50000 47 S 43.906338 -22.662527 23.146654 1.800000 0.000000 0.000000
50000 48 T 43.531178 -21.629551 26.516415 1.530000 0.000000 0.000000
50000 49 P 46.132648 -26.036057 23.344688 2.110000 -1.000000 0.000000
