35000 1 P -29.357288 20.236679 -34.810841 2.110000 -1.000000 0.000000
35000 2 S -32.510265 17.951101 -34.354893 1.800000 0.000000 0.000000
35000 3 A -34.403976 20.161188 -36.499859 1.530000 0.000000 0.000000
35000 4 P -33.535980 19.465054 -30.914461 2.110000 -1.000000 0.000000
35000 5 S -36.057190 16.743969 -29.671520 1.800000 0.000000 0.000000
35000 6 T -33.870697 14.036911 -29.212990 1.530000 0.000000 0.000000
35000 7 P -37.107582 15.995392 -25.942780 2.110000 -1.000000 0.000000
35000 8 S -35.285618 12.373879 -25.485533 1.800000 0.000000 0.000000
35000 9 C -32.066856 12.966805 -24.553274 1.530000 0.000000 0.000000
35000 10 P -35.983177 11.605837 -21.731688 2.110000 -1.000000 0.000000
35000 11 S -32.135620 10.941259 -20.963179 1.800000 0.000000 0.000000
35000 12 C -31.966637 14.547855 -20.763422 1.530000 0.000000 0.000000
35000 13 P -28.321941 11.961803 -20.250257 2.110000 -1.000000 0.000000
35000 14 S -25.833887 9.565747 -22.031153 1.800000 0.000000 0.000000
35000 15 T -27.792900 11.862842 -23.657742 1.530000 0.000000 0.000000
35000 16 P -25.146982 7.864116 -25.613533 2.110000 -1.000000 0.000000
35000 17 S -21.935654 8.729548 -27.690285 1.800000 0.000000 0.000000
35000 18 A -19.008944 7.919407 -26.061743 1.530000 0.000000 0.000000
35000 19 P -21.695433 6.553809 -31.017227 2.110000 -1.000000 0.000000
35000 20 S -17.882410 5.834991 -31.346155 1.800000 0.000000 0.000000
35000 21 G -16.520132 3.777377 -28.807840 1.530000 0.000000 0.000000
35000 22 P -16.553785 3.803316 -34.228298 2.110000 -1.000000 0.000000
35000 23 S -18.160521 1.148724 -36.868267 1.800000 0.000000 0.000000
35000 24 T -19.897110 1.261452 -39.909058 1.530000 0.000000 0.000000
35000 25 P -14.891021 1.472225 -39.406490 2.110000 -1.000000 0.000000
35000 26 S -14.668331 5.385100 -39.016705 1.800000 0.000000 0.000000
35000 27 T -13.672816 4.662738 -35.678288 1.530000 0.000000 0.000000
35000 28 P -12.360250 8.529326 -39.396809 2.110000 -1.000000 0.000000
35000 29 S -13.633388 9.850698 -35.947315 1.800000 0.000000 0.000000
35000 30 A -11.565392 7.981402 -33.919445 1.530000 0.000000 0.000000
35000 31 P -12.620568 12.895840 -33.528198 2.110000 -1.000000 0.000000
35000 32 S -12.914919 11.424431 -29.830780 1.800000 0.000000 0.000000
35000 33 T -10.117368 9.607488 -30.052330 1.530000 0.000000 0.000000
35000 34 P -15.814579 10.385330 -27.059757 2.110000 -1.000000 0.000000
35000 35 S -15.389655 11.431458 -23.222126 1.800000 0.000000 0.000000
35000 36 A -16.279194 14.809704 -23.003578 1.530000 0.000000 0.000000
35000 37 P -18.707939 10.472399 -21.386066 2.110000 -1.000000 0.000000
35000 38 S -19.797199 13.939713 -19.559437 1.800000 0.000000 0.000000
35000 39 G -20.795412 15.437952 -22.784168 1.530000 0.000000 0.000000
35000 40 P -22.284224 16.235836 -17.689123 2.110000 -1.000000 0.000000
35000 41 S -23.226841 19.256041 -19.797260 1.800000 0.000000 0.000000
35000 42 G -25.657585 18.665800 -22.529186 1.530000 0.000000 0.000000
35000 43 P -26.142891 20.924456 -17.797174 2.110000 -1.000000 0.000000
35000 44 S -28.626530 21.122293 -20.777853 1.800000 0.000000 0.000000
35000 45 A -28.829502 17.688250 -20.065197 1.530000 0.000000 0.000000
35000 46 P -31.871269 21.581779 -18.632898 2.110000 -1.000000 0.000000
35000 47 S -33.720242 18.201134 -19.024231 1.800000 0.000000 0.000000
35000 48 T -31.834547 16.040010 -17.070765 1.530000 0.000000 0.000000
35000 49 P -36.807919 16.974756 -17.090841 2.110000 -1.000000 0.000000
40000 1 P -40.852165 14.770763 -41.100430 2.110000 -1.000000 0.000000
40000 2 S -42.711815 12.037457 -38.973095 1.800000 0.000000 0.000000
40000 3 A -45.646267 11.541795 -40.722736 1.530000 0.000000 0.000000
40000 4 P -44.716240 12.303592 -35.692837 2.110000 -1.000000 0.000000
40000 5 S -44.376991 8.686193 -34.296417 1.800000 0.000000 0.000000
40000 6 T -41.065998 8.063841 -33.103340 1.530000 0.000000 0.000000
40000 7 P -45.332355 7.442953 -30.681841 2.110000 -1.000000 0.000000
40000 8 S -42.075623 5.515294 -29.629936 1.800000 0.000000 0.000000
40000 9 C -40.012009 8.490214 -29.527657 1.530000 0.000000 0.000000
40000 10 P -41.775509 5.078779 -25.590971 2.110000 -1.000000 0.000000
40000 11 S -38.074615 6.508633 -25.780775 1.800000 0.000000 0.000000
40000 12 C -39.507473 9.824471 -25.566025 1.530000 0.000000 0.000000
40000 13 P -34.677811 7.995807 -24.946003 2.110000 -1.000000 0.000000
40000 14 S -31.672737 5.296794 -26.087364 1.800000 0.000000 0.000000
40000 15 T -33.168209 7.013370 -28.540482 1.530000 0.000000 0.000000
40000 16 P -30.720995 2.764605 -28.992205 2.110000 -1.000000 0.000000
40000 17 S -27.741007 4.606378 -30.940022 1.800000 0.000000 0.000000
40000 18 A -25.517773 3.526360 -28.477007 1.530000 0.000000 0.000000
40000 19 P -25.813416 3.585037 -34.181011 2.110000 -1.000000 0.000000
40000 20 S -22.350040 5.241087 -33.226978 1.800000 0.000000 0.000000
40000 21 G -20.125952 3.751419 -30.442371 1.530000 0.000000 0.000000
40000 22 P -19.146315 5.405489 -35.519611 2.110000 -1.000000 0.000000
40000 23 S -17.848972 3.313519 -38.651596 1.800000 0.000000 0.000000
40000 24 T -19.328772 4.127549 -41.939026 1.530000 0.000000 0.000000
40000 25 P -14.781672 5.022267 -39.926849 2.110000 -1.000000 0.000000
40000 26 S -16.691307 8.418799 -39.893070 1.800000 0.000000 0.000000
40000 27 T -17.983900 8.465384 -36.652988 1.530000 0.000000 0.000000
40000 28 P -15.452455 12.256705 -40.097328 2.110000 -1.000000 0.000000
40000 29 S -18.658827 11.969564 -37.623791 1.800000 0.000000 0.000000
40000 30 A -16.737404 11.344786 -34.519432 1.530000 0.000000 0.000000
40000 31 P -20.421471 14.224136 -35.138714 2.110000 -1.000000 0.000000
40000 32 S -20.699570 12.547065 -31.680611 1.800000 0.000000 0.000000
40000 33 T -17.290617 12.584541 -30.693119 1.530000 0.000000 0.000000
40000 34 P -22.295887 9.986276 -29.151726 2.110000 -1.000000 0.000000
40000 35 S -22.970617 11.770986 -25.645853 1.800000 0.000000 0.000000
40000 36 A -25.170698 14.452051 -26.467892 1.530000 0.000000 0.000000
40000 37 P -25.835144 10.547812 -23.252686 2.110000 -1.000000 0.000000
40000 38 S -28.268755 12.928481 -21.184904 1.800000 0.000000 0.000000
40000 39 G -30.146791 14.927477 -23.470324 1.530000 0.000000 0.000000
40000 40 P -31.291651 11.998403 -18.857719 2.110000 -1.000000 0.000000
40000 41 S -34.078739 14.437349 -20.270803 1.800000 0.000000 0.000000
40000 42 G -34.231258 12.468897 -23.283316 1.530000 0.000000 0.000000
40000 43 P -38.013596 14.794500 -20.043482 2.110000 -1.000000 0.000000
40000 44 S -38.666668 16.194847 -23.587130 1.800000 0.000000 0.000000
40000 45 A -38.636349 13.308327 -25.397646 1.530000 0.000000 0.000000
40000 46 P -42.069237 16.572714 -25.609388 2.110000 -1.000000 0.000000
40000 47 S -42.393597 15.074880 -29.218914 1.800000 0.000000 0.000000
40000 48 T -42.860798 11.829363 -28.077257 1.530000 0.000000 0.000000
40000 49 P -46.103996 15.475535 -30.848351 2.110000 -1.000000 0.000000
45000 1 P -35.111088 22.264671 -38.255722 2.110000 -1.000000 0.000000
45000 2 S -37.869335 20.301775 -36.100189 1.800000 0.000000 0.000000
45000 3 A -41.054192 21.289499 -36.582561 1.530000 0.000000 0.000000
45000 4 P -37.829189 20.395258 -31.985535 2.110000 -1.000000 0.000000
45000 5 S -38.802086 17.065693 -29.862377 1.800000 0.000000 0.000000
45000 6 T -35.672901 15.890778 -30.504868 1.530000 0.000000 0.000000
45000 7 P -38.889801 16.083582 -26.139202 2.110000 -1.000000 0.000000
45000 8 S -36.056107 13.236108 -26.425163 1.800000 0.000000 0.000000
45000 9 C -32.483036 13.509067 -27.214622 1.530000 0.000000 0.000000
45000 10 P -34.297482 11.746398 -23.247541 2.110000 -1.000000 0.000000
45000 11 S -30.626945 11.347142 -24.861097 1.800000 0.000000 0.000000
45000 12 C -29.858852 14.700004 -24.111712 1.530000 0.000000 0.000000
45000 13 P -27.929092 10.848514 -22.124744 2.110000 -1.000000 0.000000
45000 14 S -27.118311 6.980711 -23.047167 1.800000 0.000000 0.000000
45000 15 T -26.639534 9.579705 -25.302494 1.530000 0.000000 0.000000
45000 16 P -26.009628 4.726478 -25.999386 2.110000 -1.000000 0.000000
45000 17 S -22.010244 4.837387 -25.879602 1.800000 0.000000 0.000000
45000 18 A -20.293808 3.198194 -23.224651 1.530000 0.000000 0.000000
45000 19 P -19.827057 3.050004 -28.596556 2.110000 -1.000000 0.000000
45000 20 S -16.687229 2.340563 -26.310328 1.800000 0.000000 0.000000
45000 21 G -17.040178 -0.287160 -24.085087 1.530000 0.000000 0.000000
45000 22 P -13.895918 -0.112579 -28.030392 2.110000 -1.000000 0.000000
45000 23 S -13.909393 -3.240873 -30.432629 1.800000 0.000000 0.000000
45000 24 T -15.022158 -2.454637 -33.684635 1.530000 0.000000 0.000000
45000 25 P -10.378828 -1.641499 -30.831411 2.110000 -1.000000 0.000000
45000 26 S -11.828259 1.996168 -30.378489 1.800000 0.000000 0.000000
45000 27 T -13.068912 3.992697 -27.764156 1.530000 0.000000 0.000000
45000 28 P -8.383788 4.120892 -30.048658 2.110000 -1.000000 0.000000
45000 29 S -9.781395 7.193705 -27.916452 1.800000 0.000000 0.000000
45000 30 A -10.482835 4.991210 -24.913012 1.530000 0.000000 0.000000
45000 31 P -9.116551 10.416286 -25.689739 2.110000 -1.000000 0.000000
45000 32 S -11.325176 8.764095 -22.967194 1.800000 0.000000 0.000000
45000 33 T -9.920493 6.205191 -20.896774 1.530000 0.000000 0.000000
45000 34 P -14.980464 7.523551 -22.366196 2.110000 -1.000000 0.000000
45000 35 S -15.435476 10.032785 -19.276571 1.800000 0.000000 0.000000
45000 36 A -15.925041 13.239231 -20.890514 1.530000 0.000000 0.000000
45000 37 P -18.629068 11.180373 -17.108007 2.110000 -1.000000 0.000000
45000 38 S -19.970694 14.828950 -17.008507 1.800000 0.000000 0.000000
45000 39 G -21.954388 15.528459 -19.951645 1.530000 0.000000 0.000000
45000 40 P -23.476145 14.811609 -15.241805 2.110000 -1.000000 0.000000
45000 41 S -26.221418 16.414650 -17.491030 1.800000 0.000000 0.000000
45000 42 G -26.423580 14.418051 -20.498331 1.530000 0.000000 0.000000
45000 43 P -30.079292 16.074894 -16.766397 2.110000 -1.000000 0.000000
45000 44 S -31.951094 14.694783 -19.848446 1.800000 0.000000 0.000000
45000 45 A -31.439686 11.385371 -21.387506 1.530000 0.000000 0.000000
45000 46 P -35.690117 14.530770 -19.003750 2.110000 -1.000000 0.000000
45000 47 S -36.714329 10.902009 -20.327394 1.800000 0.000000 0.000000
45000 48 T -35.004833 10.421681 -17.159422 1.530000 0.000000 0.000000
45000 49 P -40.241089 9.708000 -19.127966 2.110000 -1.000000 0.000000
50000 1 P -30.581844 27.210432 -42.639771 2.110000 -1.000000 0.000000
50000 2 S -33.840858 27.575411 -40.241718 1.800000 0.000000 0.000000
50000 3 A -37.210682 28.655428 -40.622578 1.530000 0.000000 0.000000
50000 4 P -33.050682 28.569336 -36.445541 2.110000 -1.000000 0.000000
50000 5 S -34.031101 25.592140 -34.185070 1.800000 0.000000 0.000000
50000 6 T -31.817471 22.844820 -34.030323 1.530000 0.000000 0.000000
50000 7 P -33.818069 24.319359 -30.439135 2.110000 -1.000000 0.000000
50000 8 S -32.429493 20.668596 -29.811403 1.800000 0.000000 0.000000
50000 9 C -29.314993 21.765066 -31.154600 1.530000 0.000000 0.000000
50000 10 P -30.747194 18.973585 -26.635368 2.110000 -1.000000 0.000000
50000 11 S -27.516743 17.199905 -27.695490 1.800000 0.000000 0.000000
50000 12 C -26.463745 20.679651 -28.120419 1.530000 0.000000 0.000000
50000 13 P -24.940161 15.562891 -24.935196 2.110000 -1.000000 0.000000
50000 14 S -25.001152 11.700136 -25.055094 1.800000 0.000000 0.000000
50000 15 T -23.029839 13.783374 -27.470591 1.530000 0.000000 0.000000
50000 16 P -23.848694 8.854048 -27.593985 2.110000 -1.000000 0.000000
50000 17 S -20.132996 7.414526 -27.850246 1.800000 0.000000 0.000000
50000 18 A -19.473774 5.715683 -24.772470 1.530000 0.000000 0.000000
50000 19 P -18.435089 4.649232 -30.107809 2.110000 -1.000000 0.000000
50000 20 S -15.463339 3.379232 -27.929085 1.800000 0.000000 0.000000
50000 21 G -16.437571 1.691329 -25.203306 1.530000 0.000000 0.000000
50000 22 P -12.321909 1.157078 -27.987705 2.110000 -1.000000 0.000000
50000 23 S -11.372188 -1.967452 -30.213228 1.800000 0.000000 0.000000
50000 24 T -10.969433 -1.565229 -33.847523 1.530000 0.000000 0.000000
50000 25 P -7.764737 -0.981845 -29.391506 2.110000 -1.000000 0.000000
50000 26 S -8.661256 2.937188 -29.536871 1.800000 0.000000 0.000000
50000 27 T -10.361758 4.024368 -26.525969 1.530000 0.000000 0.000000
50000 28 P -6.243736 6.132105 -29.249712 2.110000 -1.000000 0.000000
50000 29 S -8.663090 8.486248 -27.355827 1.800000 0.000000 0.000000
50000 30 A -9.375323 6.853903 -24.083973 1.530000 0.000000 0.000000
50000 31 P -8.190875 12.045734 -25.771400 2.110000 -1.000000 0.000000
50000 32 S -10.880255 11.445979 -22.852032 1.800000 0.000000 0.000000
50000 33 T -9.818709 9.210896 -20.443949 1.530000 0.000000 0.000000
50000 34 P -14.765659 11.259735 -22.510775 2.110000 -1.000000 0.000000
50000 35 S -15.315345 13.741021 -19.618410 1.800000 0.000000 0.000000
50000 36 A -14.613623 16.962299 -21.152576 1.530000 0.000000 0.000000
50000 37 P -18.938110 14.844510 -18.995077 2.110000 -1.000000 0.000000
50000 38 S -17.758982 18.702045 -19.343069 1.800000 0.000000 0.000000
50000 39 G -17.451105 19.904083 -22.730528 1.530000 0.000000 0.000000
50000 40 P -21.408030 20.010145 -18.527390 2.110000 -1.000000 0.000000
50000 41 S -22.479929 23.559467 -20.112411 1.800000 0.000000 0.000000
50000 42 G -22.914761 22.564398 -23.293415 1.530000 0.000000 0.000000
50000 43 P -26.355778 24.215174 -19.661167 2.110000 -1.000000 0.000000
50000 44 S -28.298555 25.664066 -22.812204 1.800000 0.000000 0.000000
50000 45 A -28.029741 22.846075 -24.992620 1.530000 0.000000 0.000000
50000 46 P -32.195267 25.711309 -22.617628 2.110000 -1.000000 0.000000
50000 47 S -34.704704 24.047266 -25.306162 1.800000 0.000000 0.000000
50000 48 T -33.414764 20.847628 -24.282610 1.530000 0.000000 0.000000
50000 49 P -38.592949 23.466478 -25.199871 2.110000 -1.000000 0.000000
