35000 1 P -9.487725 -3.728846 -16.919682 2.110000 -1.000000 0.000000
35000 2 S -7.083397 -1.540130 -14.608875 1.800000 0.000000 0.000000
35000 3 A -4.904437 0.962765 -16.119301 1.530000 0.000000 0.000000
35000 4 P -5.077076 -2.929797 -11.463943 2.110000 -1.000000 0.000000
35000 5 S -5.975993 -0.479741 -8.475927 1.800000 0.000000 0.000000
35000 6 T -9.395665 -1.238185 -7.833123 1.530000 0.000000 0.000000
35000 7 P -4.514664 -1.604141 -4.875180 2.110000 -1.000000 0.000000
35000 8 S -8.113460 -1.309726 -3.336258 1.800000 0.000000 0.000000
35000 9 C -9.172503 -4.519554 -4.888158 1.530000 0.000000 0.000000
35000 10 P -7.965432 -2.413668 0.418268 2.110000 -1.000000 0.000000
35000 11 S -10.304443 -5.337697 -0.206910 1.800000 0.000000 0.000000
35000 12 C -9.405002 -8.195149 -2.270428 1.530000 0.000000 0.000000
35000 13 P -11.132998 -8.431730 2.454866 2.110000 -1.000000 0.000000
35000 14 S -7.221497 -8.188500 3.150349 1.800000 0.000000 0.000000
35000 15 T -6.193929 -5.027704 4.209383 1.530000 0.000000 0.000000
35000 16 P -6.921331 -9.980753 6.931508 2.110000 -1.000000 0.000000
35000 17 S -10.318203 -9.628642 8.823524 1.800000 0.000000 0.000000
35000 18 A -13.257959 -11.178746 7.244366 1.530000 0.000000 0.000000
35000 19 P -10.226542 -12.023104 11.968491 2.110000 -1.000000 0.000000
35000 20 S -13.362502 -14.088490 12.689786 1.800000 0.000000 0.000000
35000 21 G -12.648577 -16.395451 10.001116 1.530000 0.000000 0.000000
35000 22 P -16.532759 -16.481630 12.112934 2.110000 -1.000000 0.000000
35000 23 S -18.456083 -14.510254 14.928422 1.800000 0.000000 0.000000
35000 24 T -19.050560 -11.281596 14.121617 1.530000 0.000000 0.000000
35000 25 P -22.386143 -14.806618 14.805161 2.110000 -1.000000 0.000000
35000 26 S -24.754929 -11.868423 16.016743 1.800000 0.000000 0.000000
35000 27 T -25.937504 -9.378909 13.701525 1.530000 0.000000 0.000000
35000 28 P -22.630215 -8.509876 15.390245 2.110000 -1.000000 0.000000
35000 29 S -24.141773 -5.855544 18.065821 1.800000 0.000000 0.000000
35000 30 A -23.184996 -6.129770 21.404585 1.530000 0.000000 0.000000
35000 31 P -21.924921 -2.954744 17.670300 2.110000 -1.000000 0.000000
35000 32 S -18.763872 -4.905339 16.515137 1.800000 0.000000 0.000000
35000 33 T -18.899963 -6.449749 13.285699 1.530000 0.000000 0.000000
35000 34 P -15.056499 -3.730216 15.010297 2.110000 -1.000000 0.000000
35000 35 S -15.233085 -6.426070 12.097877 1.800000 0.000000 0.000000
35000 36 A -17.738817 -4.968291 10.027996 1.530000 0.000000 0.000000
35000 37 P -14.355628 -8.597220 9.033442 2.110000 -1.000000 0.000000
35000 38 S -17.376839 -9.310887 6.655580 1.800000 0.000000 0.000000
35000 39 G -17.820362 -5.841746 5.839670 1.530000 0.000000 0.000000
35000 40 P -17.515781 -10.618181 2.811345 2.110000 -1.000000 0.000000
35000 41 S -19.985010 -8.007107 1.038339 1.800000 0.000000 0.000000
35000 42 G -17.176626 -5.665657 1.468842 1.530000 0.000000 0.000000
35000 43 P -20.403326 -7.939248 -2.810557 2.110000 -1.000000 0.000000
35000 44 S -19.117809 -4.478053 -4.109178 1.800000 0.000000 0.000000
35000 45 A -15.917297 -5.651027 -3.287925 1.530000 0.000000 0.000000
35000 46 P -18.997158 -5.065915 -8.029852 2.110000 -1.000000 0.000000
35000 47 S -15.106056 -5.021709 -8.272714 1.800000 0.000000 0.000000
35000 48 T -13.623430 -7.635013 -6.344725 1.530000 0.000000 0.000000
35000 49 P -14.357262 -6.299395 -12.024811 2.110000 -1.000000 0.000000
40000 1 P -18.265318 -2.850956 -22.844126 2.110000 -1.000000 0.000000
40000 2 S -17.382658 -0.807317 -19.474907 1.800000 0.000000 0.000000
40000 3 A -16.651424 2.095974 -21.143869 1.530000 0.000000 0.000000
40000 4 P -13.837786 -2.180754 -18.520548 2.110000 -1.000000 0.000000
40000 5 S -15.406575 -1.280755 -15.020836 1.800000 0.000000 0.000000
40000 6 T -17.994450 -3.556005 -14.373110 1.530000 0.000000 0.000000
40000 7 P -13.527100 -2.506384 -11.856214 2.110000 -1.000000 0.000000
40000 8 S -15.525578 -3.608744 -8.600197 1.800000 0.000000 0.000000
40000 9 C -17.519955 -6.410868 -9.437851 1.530000 0.000000 0.000000
40000 10 P -15.338924 -5.078751 -4.858465 2.110000 -1.000000 0.000000
40000 11 S -18.540472 -7.310183 -4.885074 1.800000 0.000000 0.000000
40000 12 C -17.930931 -10.302646 -7.012269 1.530000 0.000000 0.000000
40000 13 P -17.494738 -9.802873 -1.972044 2.110000 -1.000000 0.000000
40000 14 S -13.819800 -10.814840 -1.624112 1.800000 0.000000 0.000000
40000 15 T -13.103238 -7.521935 -0.381503 1.530000 0.000000 0.000000
40000 16 P -11.189653 -12.686358 0.669400 2.110000 -1.000000 0.000000
40000 17 S -13.859251 -13.482509 3.584509 1.800000 0.000000 0.000000
40000 18 A -16.106855 -15.684694 2.452980 1.530000 0.000000 0.000000
40000 19 P -12.228172 -16.377838 5.769394 2.110000 -1.000000 0.000000
40000 20 S -14.441333 -19.400192 6.877416 1.800000 0.000000 0.000000
40000 21 G -13.184160 -19.398367 3.588389 1.530000 0.000000 0.000000
40000 22 P -16.891157 -22.345284 5.739723 2.110000 -1.000000 0.000000
40000 23 S -19.379168 -23.760580 8.536529 1.800000 0.000000 0.000000
40000 24 T -21.864202 -21.175076 8.840047 1.530000 0.000000 0.000000
40000 25 P -22.055576 -25.634628 6.566707 2.110000 -1.000000 0.000000
40000 26 S -24.600801 -23.015369 8.269481 1.800000 0.000000 0.000000
40000 27 T -22.876427 -22.363665 5.021593 1.530000 0.000000 0.000000
40000 28 P -24.639204 -19.170244 8.886042 2.110000 -1.000000 0.000000
40000 29 S -25.931627 -18.435766 12.502132 1.800000 0.000000 0.000000
40000 30 A -23.813290 -19.931559 14.946203 1.530000 0.000000 0.000000
40000 31 P -25.669716 -14.733066 14.058879 2.110000 -1.000000 0.000000
40000 32 S -22.096294 -14.329025 12.626713 1.800000 0.000000 0.000000
40000 33 T -23.552170 -14.109589 9.516362 1.530000 0.000000 0.000000
40000 34 P -21.298769 -10.508491 12.808000 2.110000 -1.000000 0.000000
40000 35 S -19.920189 -10.820294 9.073140 1.800000 0.000000 0.000000
40000 36 A -22.712114 -11.541973 6.894029 1.530000 0.000000 0.000000
40000 37 P -19.167768 -7.546806 6.883119 2.110000 -1.000000 0.000000
40000 38 S -20.573238 -9.745143 3.907033 1.800000 0.000000 0.000000
40000 39 G -23.952127 -10.934682 3.163175 1.530000 0.000000 0.000000
40000 40 P -21.393541 -8.794865 0.099236 2.110000 -1.000000 0.000000
40000 41 S -22.588593 -5.000963 0.589214 1.800000 0.000000 0.000000
40000 42 G -19.794455 -3.305847 1.488138 1.530000 0.000000 0.000000
40000 43 P -23.074417 -2.515833 -2.603000 2.110000 -1.000000 0.000000
40000 44 S -21.425688 0.957001 -3.237399 1.800000 0.000000 0.000000
40000 45 A -18.221121 -0.812849 -3.670685 1.530000 0.000000 0.000000
40000 46 P -22.326706 1.333972 -7.121687 2.110000 -1.000000 0.000000
40000 47 S -18.804554 2.202474 -8.770468 1.800000 0.000000 0.000000
40000 48 T -17.177443 -1.029312 -8.469348 1.530000 0.000000 0.000000
40000 49 P -19.032619 2.179761 -12.818263 2.110000 -1.000000 0.000000
45000 1 P -21.337715 0.223194 -20.064707 2.110000 -1.000000 0.000000
45000 2 S -19.670734 1.286520 -16.748713 1.800000 0.000000 0.000000
45000 3 A -19.448744 4.848657 -16.353954 1.530000 0.000000 0.000000
45000 4 P -16.215750 0.191571 -15.079771 2.110000 -1.000000 0.000000
45000 5 S -16.880964 -0.419244 -11.122464 1.800000 0.000000 0.000000
45000 6 T -18.835821 -3.203907 -11.273446 1.530000 0.000000 0.000000
45000 7 P -14.717449 -1.984092 -8.448908 2.110000 -1.000000 0.000000
45000 8 S -16.259333 -4.752656 -6.161654 1.800000 0.000000 0.000000
45000 9 C -17.228594 -7.961086 -7.735455 1.530000 0.000000 0.000000
45000 10 P -14.580447 -7.051033 -3.306314 2.110000 -1.000000 0.000000
45000 11 S -15.780572 -10.797525 -3.466546 1.800000 0.000000 0.000000
45000 12 C -13.736526 -12.078481 -5.897075 1.530000 0.000000 0.000000
45000 13 P -14.752187 -13.410237 -0.851391 2.110000 -1.000000 0.000000
45000 14 S -11.649607 -14.109160 1.453336 1.800000 0.000000 0.000000
45000 15 T -11.737123 -12.116944 4.195426 1.530000 0.000000 0.000000
45000 16 P -11.183724 -16.519165 4.617712 2.110000 -1.000000 0.000000
45000 17 S -14.803456 -16.838570 6.345679 1.800000 0.000000 0.000000
45000 18 A -17.607437 -18.866348 5.286448 1.530000 0.000000 0.000000
45000 19 P -14.319202 -18.953182 9.615881 2.110000 -1.000000 0.000000
45000 20 S -17.894476 -20.088949 8.595716 1.800000 0.000000 0.000000
45000 21 G -17.654274 -22.789062 6.424813 1.530000 0.000000 0.000000
45000 22 P -19.647375 -23.420326 9.909578 2.110000 -1.000000 0.000000
45000 23 S -16.808945 -25.956053 10.724222 1.800000 0.000000 0.000000
45000 24 T -14.682227 -25.234823 13.603734 1.530000 0.000000 0.000000
45000 25 P -19.036287 -28.472374 12.953715 2.110000 -1.000000 0.000000
45000 26 S -20.964817 -25.854998 15.125872 1.800000 0.000000 0.000000
45000 27 T -22.107885 -26.962221 11.994586 1.530000 0.000000 0.000000
45000 28 P -22.971590 -22.480890 14.535840 2.110000 -1.000000 0.000000
45000 29 S -26.527676 -22.253630 16.292746 1.800000 0.000000 0.000000
45000 30 A -25.745691 -21.283150 19.707754 1.530000 0.000000 0.000000
45000 31 P -27.809856 -18.685516 15.292521 2.110000 -1.000000 0.000000
45000 32 S -24.063086 -17.581789 14.389570 1.800000 0.000000 0.000000
45000 33 T -22.929659 -18.932280 11.351056 1.530000 0.000000 0.000000
45000 34 P -22.419106 -14.509286 12.892700 2.110000 -1.000000 0.000000
45000 35 S -20.392645 -14.957500 9.380457 1.800000 0.000000 0.000000
45000 36 A -22.708941 -15.765541 7.050180 1.530000 0.000000 0.000000
45000 37 P -19.785675 -11.569028 7.667556 2.110000 -1.000000 0.000000
45000 38 S -21.289356 -12.313006 3.972471 1.800000 0.000000 0.000000
45000 39 G -24.911404 -12.531952 4.338786 1.530000 0.000000 0.000000
45000 40 P -22.501661 -9.873282 1.098701 2.110000 -1.000000 0.000000
45000 41 S -23.184376 -6.625378 3.175642 1.800000 0.000000 0.000000
45000 42 G -19.604460 -5.986510 3.579529 1.530000 0.000000 0.000000
45000 43 P -23.859743 -3.421945 1.073692 2.110000 -1.000000 0.000000
45000 44 S -22.792145 0.529213 0.875945 1.800000 0.000000 0.000000
45000 45 A -19.425528 1.867564 -0.211993 1.530000 0.000000 0.000000
45000 46 P -23.904633 1.956884 -2.621520 2.110000 -1.000000 0.000000
45000 47 S -21.183586 4.706397 -3.357744 1.800000 0.000000 0.000000
45000 48 T -18.128962 3.120781 -4.312514 1.530000 0.000000 0.000000
45000 49 P -20.351027 6.232159 -6.873430 2.110000 -1.000000 0.000000
50000 1 P -23.491718 -3.966197 -15.119558 2.110000 -1.000000 0.000000
50000 2 S -23.486975 -1.865442 -11.792021 1.800000 0.000000 0.000000
50000 3 A -21.316410 0.784733 -13.162099 1.530000 0.000000 0.000000
50000 4 P -21.648207 -2.424054 -8.388522 2.110000 -1.000000 0.000000
50000 5 S -23.632652 -0.667272 -5.428408 1.800000 0.000000 0.000000
50000 6 T -26.594639 -1.541687 -4.168410 1.530000 0.000000 0.000000
50000 7 P -21.798580 -2.240539 -2.292889 2.110000 -1.000000 0.000000
50000 8 S -24.693731 -3.787462 -0.145556 1.800000 0.000000 0.000000
50000 9 C -25.547903 -5.932255 -2.648647 1.530000 0.000000 0.000000
50000 10 P -23.068760 -6.083154 2.427531 2.110000 -1.000000 0.000000
50000 11 S -24.424017 -9.666272 1.373757 1.800000 0.000000 0.000000
50000 12 C -22.665367 -10.906833 -1.759922 1.530000 0.000000 0.000000
50000 13 P -23.109386 -12.793568 3.583387 2.110000 -1.000000 0.000000
50000 14 S -19.670893 -11.985283 5.448136 1.800000 0.000000 0.000000
50000 15 T -21.124498 -10.196897 8.265240 1.530000 0.000000 0.000000
50000 16 P -17.205566 -13.350314 8.224386 2.110000 -1.000000 0.000000
50000 17 S -20.316681 -15.395259 9.824339 1.800000 0.000000 0.000000
50000 18 A -21.510283 -17.816469 7.542269 1.530000 0.000000 0.000000
50000 19 P -19.801462 -18.323799 12.595066 2.110000 -1.000000 0.000000
50000 20 S -21.981976 -21.586716 12.000384 1.800000 0.000000 0.000000
50000 21 G -21.365952 -23.691868 8.905785 1.530000 0.000000 0.000000
50000 22 P -20.679314 -24.305796 14.528880 2.110000 -1.000000 0.000000
50000 23 S -17.382038 -24.904541 16.459312 1.800000 0.000000 0.000000
50000 24 T -16.743738 -22.837429 19.261440 1.530000 0.000000 0.000000
50000 25 P -19.360239 -27.700684 18.182711 2.110000 -1.000000 0.000000
50000 26 S -22.806250 -25.836676 17.968407 1.800000 0.000000 0.000000
50000 27 T -21.980043 -27.609978 14.913808 1.530000 0.000000 0.000000
50000 28 P -25.911942 -23.851934 16.990570 2.110000 -1.000000 0.000000
50000 29 S -29.123640 -25.231991 18.836081 1.800000 0.000000 0.000000
50000 30 A -27.887482 -25.162519 22.132421 1.530000 0.000000 0.000000
50000 31 P -31.202499 -22.098503 18.315586 2.110000 -1.000000 0.000000
50000 32 S -28.214518 -19.537262 18.450554 1.800000 0.000000 0.000000
50000 33 T -26.910894 -20.303352 15.357627 1.530000 0.000000 0.000000
50000 34 P -28.972706 -15.982155 17.373301 2.110000 -1.000000 0.000000
50000 35 S -26.479261 -15.528665 14.469267 1.800000 0.000000 0.000000
50000 36 A -28.764771 -17.489780 12.197081 1.530000 0.000000 0.000000
50000 37 P -26.580065 -12.229192 12.020729 2.110000 -1.000000 0.000000
50000 38 S -26.206989 -14.378920 8.702010 1.800000 0.000000 0.000000
50000 39 G -29.022167 -16.308622 7.234666 1.530000 0.000000 0.000000
50000 40 P -27.361988 -13.408877 5.077521 2.110000 -1.000000 0.000000
50000 41 S -29.090023 -10.461232 6.941330 1.800000 0.000000 0.000000
50000 42 G -27.028868 -7.865695 8.402729 1.530000 0.000000 0.000000
50000 43 P -30.420504 -7.782702 4.303235 2.110000 -1.000000 0.000000
50000 44 S -30.134838 -4.183112 6.005949 1.800000 0.000000 0.000000
50000 45 A -26.761173 -3.772431 6.013470 1.530000 0.000000 0.000000
50000 46 P -30.947910 -1.090471 3.926266 2.110000 -1.000000 0.000000
50000 47 S -27.583052 0.924785 4.786419 1.800000 0.000000 0.000000
50000 48 T -25.529894 -1.090543 3.114589 1.530000 0.000000 0.000000
50000 49 P -26.651775 4.093775 2.688873 2.110000 -1.000000 0.000000
