35000 1 P 5.659118 -7.400183 8.064687 2.110000 -1.000000 0.000000
35000 2 S 3.627016 -7.230608 11.410207 1.800000 0.000000 0.000000
35000 3 A 0.483430 -8.010550 10.248863 1.530000 0.000000 0.000000
35000 4 P 3.093204 -3.872594 13.634633 2.110000 -1.000000 0.000000
35000 5 S 3.026768 -4.583411 17.604439 1.800000 0.000000 0.000000
35000 6 T 6.217862 -4.676100 18.551908 1.530000 0.000000 0.000000
35000 7 P 3.416689 -1.419466 19.964357 2.110000 -1.000000 0.000000
35000 8 S 5.858637 -1.012833 23.130205 1.800000 0.000000 0.000000
35000 9 C 8.412264 -0.739806 20.775352 1.530000 0.000000 0.000000
35000 10 P 5.728699 3.020133 23.281902 2.110000 -1.000000 0.000000
35000 11 S 9.023808 4.909306 22.623758 1.800000 0.000000 0.000000
35000 12 C 10.715466 3.729975 19.565426 1.530000 0.000000 0.000000
35000 13 P 9.763453 8.712002 21.996611 2.110000 -1.000000 0.000000
35000 14 S 11.427927 7.171862 18.785131 1.800000 0.000000 0.000000
35000 15 T 8.729212 6.496032 16.249767 1.530000 0.000000 0.000000
35000 16 P 12.972944 8.558592 15.440512 2.110000 -1.000000 0.000000
35000 17 S 12.191671 12.210950 14.442991 1.800000 0.000000 0.000000
35000 18 A 13.326859 14.200566 17.088770 1.530000 0.000000 0.000000
35000 19 P 13.857722 14.459219 11.523785 2.110000 -1.000000 0.000000
35000 20 S 14.933184 18.268574 12.212073 1.800000 0.000000 0.000000
35000 21 G 17.905960 20.051743 13.802404 1.530000 0.000000 0.000000
35000 22 P 15.946229 16.546247 15.488658 2.110000 -1.000000 0.000000
35000 23 S 13.436481 18.368349 18.217766 1.800000 0.000000 0.000000
35000 24 T 9.638142 18.668676 18.077648 1.530000 0.000000 0.000000
35000 25 P 13.933432 16.431488 21.555496 2.110000 -1.000000 0.000000
35000 26 S 10.642411 16.281530 23.926523 1.800000 0.000000 0.000000
35000 27 T 7.847887 14.332781 22.580412 1.530000 0.000000 0.000000
35000 28 P 11.435199 13.222427 26.027420 2.110000 -1.000000 0.000000
35000 29 S 8.043662 11.480354 26.473112 1.800000 0.000000 0.000000
35000 30 A 7.197221 10.318208 23.242109 1.530000 0.000000 0.000000
35000 31 P 8.814440 7.943202 27.836405 2.110000 -1.000000 0.000000
35000 32 S 12.258247 7.567715 25.877010 1.800000 0.000000 0.000000
35000 33 T 14.473475 9.511872 27.854614 1.530000 0.000000 0.000000
35000 34 P 15.505127 5.390748 25.620102 2.110000 -1.000000 0.000000
35000 35 S 16.663668 2.866776 28.384573 1.800000 0.000000 0.000000
35000 36 A 14.408051 0.205439 27.763542 1.530000 0.000000 0.000000
35000 37 P 19.781555 0.967392 27.079372 2.110000 -1.000000 0.000000
35000 38 S 18.746511 -2.719122 27.828766 1.800000 0.000000 0.000000
35000 39 G 17.236517 -2.772600 24.659750 1.530000 0.000000 0.000000
35000 40 P 21.067495 -5.280854 25.761421 2.110000 -1.000000 0.000000
35000 41 S 19.063618 -7.995289 23.712124 1.800000 0.000000 0.000000
35000 42 G 17.169163 -6.300862 21.363615 1.530000 0.000000 0.000000
35000 43 P 21.403595 -9.661357 20.789812 2.110000 -1.000000 0.000000
35000 44 S 18.320042 -9.888328 18.368027 1.800000 0.000000 0.000000
35000 45 A 16.812901 -7.007119 16.941010 1.530000 0.000000 0.000000
35000 46 P 19.004887 -11.331988 14.774642 2.110000 -1.000000 0.000000
35000 47 S 22.715549 -10.152109 13.820415 1.800000 0.000000 0.000000
35000 48 T 24.872387 -11.496050 16.405260 1.530000 0.000000 0.000000
35000 49 P 24.493147 -11.622849 10.370064 2.110000 -1.000000 0.000000
40000 1 P 2.859239 -8.983917 11.895362 2.110000 -1.000000 0.000000
40000 2 S 2.276321 -7.083143 15.284129 1.800000 0.000000 0.000000
40000 3 A -1.054186 -5.694980 15.684432 1.530000 0.000000 0.000000
40000 4 P 3.303810 -3.623663 16.128115 2.110000 -1.000000 0.000000
40000 5 S 3.964355 -4.315420 20.058605 1.800000 0.000000 0.000000
40000 6 T 7.021413 -5.915485 18.855146 1.530000 0.000000 0.000000
40000 7 P 5.434335 -0.701683 21.196306 2.110000 -1.000000 0.000000
40000 8 S 8.811840 0.410869 22.541651 1.800000 0.000000 0.000000
40000 9 C 11.341727 -0.530803 20.169058 1.530000 0.000000 0.000000
40000 10 P 9.501162 4.120101 23.257189 2.110000 -1.000000 0.000000
40000 11 S 13.247922 3.969110 22.325430 1.800000 0.000000 0.000000
40000 12 C 13.608912 2.969538 18.850094 1.530000 0.000000 0.000000
40000 13 P 15.784645 6.877967 22.486767 2.110000 -1.000000 0.000000
40000 14 S 17.246685 5.533225 19.097240 1.800000 0.000000 0.000000
40000 15 T 15.688144 5.952596 15.963755 1.530000 0.000000 0.000000
40000 16 P 19.231188 8.027655 16.815861 2.110000 -1.000000 0.000000
40000 17 S 18.211716 11.871710 17.319189 1.800000 0.000000 0.000000
40000 18 A 19.848469 11.482932 20.531801 1.530000 0.000000 0.000000
40000 19 P 21.291155 13.159347 15.188331 2.110000 -1.000000 0.000000
40000 20 S 24.147415 14.885090 17.105612 1.800000 0.000000 0.000000
40000 21 G 26.978836 13.454384 18.475708 1.530000 0.000000 0.000000
40000 22 P 23.594217 11.619295 19.212376 2.110000 -1.000000 0.000000
40000 23 S 23.166096 12.805393 22.970282 1.800000 0.000000 0.000000
40000 24 T 20.445381 14.155056 24.525715 1.530000 0.000000 0.000000
40000 25 P 21.882189 10.166252 25.687380 2.110000 -1.000000 0.000000
40000 26 S 18.998186 11.399393 28.009418 1.800000 0.000000 0.000000
40000 27 T 16.249769 12.127650 26.088739 1.530000 0.000000 0.000000
40000 28 P 18.144224 7.552234 28.993338 2.110000 -1.000000 0.000000
40000 29 S 14.233038 7.782706 28.487801 1.800000 0.000000 0.000000
40000 30 A 12.977478 8.260225 25.241409 1.530000 0.000000 0.000000
40000 31 P 13.091731 3.992412 27.809153 2.110000 -1.000000 0.000000
40000 32 S 16.725788 2.844981 26.328812 1.800000 0.000000 0.000000
40000 33 T 16.902803 3.355083 29.682505 1.530000 0.000000 0.000000
40000 34 P 18.458426 -0.562561 24.818808 2.110000 -1.000000 0.000000
40000 35 S 16.019350 -3.468897 25.765778 1.800000 0.000000 0.000000
40000 36 A 13.404383 -2.776548 23.487627 1.530000 0.000000 0.000000
40000 37 P 16.643270 -6.940601 23.789679 2.110000 -1.000000 0.000000
40000 38 S 13.540036 -8.776465 22.632914 1.800000 0.000000 0.000000
40000 39 G 11.305730 -7.307110 20.179731 1.530000 0.000000 0.000000
40000 40 P 13.942285 -11.630630 20.022163 2.110000 -1.000000 0.000000
40000 41 S 11.189892 -11.832471 17.355852 1.800000 0.000000 0.000000
40000 42 G 10.282856 -9.335157 15.226995 1.530000 0.000000 0.000000
40000 43 P 12.665916 -13.778831 14.387846 2.110000 -1.000000 0.000000
40000 44 S 10.805155 -11.631371 11.523792 1.800000 0.000000 0.000000
40000 45 A 12.273130 -8.366824 11.028987 1.530000 0.000000 0.000000
40000 46 P 12.113569 -12.728307 7.983068 2.110000 -1.000000 0.000000
40000 47 S 15.375067 -14.948127 8.374636 1.800000 0.000000 0.000000
40000 48 T 13.018439 -17.194881 9.342919 1.530000 0.000000 0.000000
40000 49 P 15.709133 -16.810804 4.842414 2.110000 -1.000000 0.000000
45000 1 P 11.932157 -10.917523 22.579027 2.110000 -1.000000 0.000000
45000 2 S 8.523150 -8.943457 23.041269 1.800000 0.000000 0.000000
45000 3 A 6.259213 -10.361889 20.801544 1.530000 0.000000 0.000000
45000 4 P 8.094139 -4.987332 22.943846 2.110000 -1.000000 0.000000
45000 5 S 5.490877 -3.836914 25.680939 1.800000 0.000000 0.000000
45000 6 T 6.708403 -4.572459 28.832283 1.530000 0.000000 0.000000
45000 7 P 5.910042 -0.032659 26.582928 2.110000 -1.000000 0.000000
45000 8 S 6.501874 1.202355 30.323980 1.800000 0.000000 0.000000
45000 9 C 9.884439 0.651761 31.134415 1.530000 0.000000 0.000000
45000 10 P 7.387742 4.797653 28.924603 2.110000 -1.000000 0.000000
45000 11 S 10.945129 5.211897 30.832384 1.800000 0.000000 0.000000
45000 12 C 13.521774 2.882061 30.020386 1.530000 0.000000 0.000000
45000 13 P 12.640262 8.370631 28.986328 2.110000 -1.000000 0.000000
45000 14 S 16.083933 6.260300 29.161081 1.800000 0.000000 0.000000
45000 15 T 15.392545 3.898692 26.969736 1.530000 0.000000 0.000000
45000 16 P 19.814541 6.547363 27.519495 2.110000 -1.000000 0.000000
45000 17 S 19.126207 9.992533 25.601892 1.800000 0.000000 0.000000
45000 18 A 18.411983 11.653782 28.488392 1.530000 0.000000 0.000000
45000 19 P 22.471985 11.959388 24.166565 2.110000 -1.000000 0.000000
45000 20 S 23.798002 15.697245 25.083941 1.800000 0.000000 0.000000
45000 21 G 26.131281 16.375292 27.764990 1.530000 0.000000 0.000000
45000 22 P 22.542273 14.722796 28.779949 2.110000 -1.000000 0.000000
45000 23 S 20.946636 18.237654 30.127110 1.800000 0.000000 0.000000
45000 24 T 18.150896 20.274452 28.841331 1.530000 0.000000 0.000000
45000 25 P 19.011574 16.546909 33.210426 2.110000 -1.000000 0.000000
45000 26 S 16.257271 18.978714 34.389065 1.800000 0.000000 0.000000
45000 27 T 13.195449 19.635105 32.574997 1.530000 0.000000 0.000000
45000 28 P 15.152329 15.753743 36.720127 2.110000 -1.000000 0.000000
45000 29 S 11.221789 15.084653 36.889233 1.800000 0.000000 0.000000
45000 30 A 10.125196 13.251766 33.937080 1.530000 0.000000 0.000000
45000 31 P 11.896935 11.621880 38.493317 2.110000 -1.000000 0.000000
45000 32 S 15.381339 11.391232 36.851791 1.800000 0.000000 0.000000
45000 33 T 17.721287 13.537961 38.541824 1.530000 0.000000 0.000000
45000 34 P 17.748760 8.276712 36.824970 2.110000 -1.000000 0.000000
45000 35 S 17.585945 5.551652 39.699375 1.800000 0.000000 0.000000
45000 36 A 14.642898 4.009437 38.312607 1.530000 0.000000 0.000000
45000 37 P 20.116661 2.423729 39.740780 2.110000 -1.000000 0.000000
45000 38 S 17.483898 -0.436930 40.633095 1.800000 0.000000 0.000000
45000 39 G 14.780350 -0.841055 38.406940 1.530000 0.000000 0.000000
45000 40 P 17.736021 -4.531811 40.487003 2.110000 -1.000000 0.000000
45000 41 S 14.737760 -6.060989 38.345367 1.800000 0.000000 0.000000
45000 42 G 15.225269 -5.688117 34.787003 1.530000 0.000000 0.000000
45000 43 P 15.242105 -9.855511 37.778694 2.110000 -1.000000 0.000000
45000 44 S 13.810050 -10.600881 34.053539 1.800000 0.000000 0.000000
45000 45 A 16.168041 -9.306491 32.056427 1.530000 0.000000 0.000000
45000 46 P 14.437856 -13.925520 32.141743 2.110000 -1.000000 0.000000
45000 47 S 17.734791 -15.426437 33.599445 1.800000 0.000000 0.000000
45000 48 T 15.698253 -16.521534 36.265320 1.530000 0.000000 0.000000
45000 49 P 18.804520 -19.140154 32.650425 2.110000 -1.000000 0.000000
50000 1 P 5.820348 -6.454578 26.118759 2.110000 -1.000000 0.000000
50000 2 S 4.107962 -2.877859 25.515039 1.800000 0.000000 0.000000
50000 3 A 1.277862 -3.458984 23.883699 1.530000 0.000000 0.000000
50000 4 P 6.143061 -0.820409 23.039413 2.110000 -1.000000 0.000000
50000 5 S 4.741949 2.288692 24.925779 1.800000 0.000000 0.000000
50000 6 T 7.349524 2.399916 27.097723 1.530000 0.000000 0.000000
50000 7 P 6.433633 5.853726 24.521711 2.110000 -1.000000 0.000000
50000 8 S 7.021281 7.446212 28.096466 1.800000 0.000000 0.000000
50000 9 C 9.166642 5.507183 30.232182 1.530000 0.000000 0.000000
50000 10 P 8.896147 10.964239 28.762320 2.110000 -1.000000 0.000000
50000 11 S 10.208716 9.878816 32.368233 1.800000 0.000000 0.000000
50000 12 C 12.532000 7.224058 33.256660 1.530000 0.000000 0.000000
50000 13 P 13.315288 12.340924 32.817238 2.110000 -1.000000 0.000000
50000 14 S 15.890079 9.817872 34.508823 1.800000 0.000000 0.000000
50000 15 T 15.864572 8.054634 31.439569 1.530000 0.000000 0.000000
50000 16 P 19.650635 10.666429 33.903374 2.110000 -1.000000 0.000000
50000 17 S 19.753092 14.352365 32.509926 1.800000 0.000000 0.000000
50000 18 A 18.979067 16.269888 35.737644 1.530000 0.000000 0.000000
50000 19 P 23.277065 16.193590 31.832399 2.110000 -1.000000 0.000000
50000 20 S 23.590328 19.647530 33.418449 1.800000 0.000000 0.000000
50000 21 G 24.968622 19.380817 36.865837 1.530000 0.000000 0.000000
50000 22 P 22.319155 17.447498 36.511646 2.110000 -1.000000 0.000000
50000 23 S 20.316448 19.963158 38.598736 1.800000 0.000000 0.000000
50000 24 T 17.244923 20.635454 37.165512 1.530000 0.000000 0.000000
50000 25 P 17.963270 17.545958 40.778610 2.110000 -1.000000 0.000000
50000 26 S 14.222070 18.736237 40.342957 1.800000 0.000000 0.000000
50000 27 T 13.673679 17.947304 36.957630 1.530000 0.000000 0.000000
50000 28 P 12.193074 15.687077 41.683567 2.110000 -1.000000 0.000000
50000 29 S 9.488032 15.015678 38.870419 1.800000 0.000000 0.000000
50000 30 A 10.568745 13.915627 35.798115 1.530000 0.000000 0.000000
50000 31 P 7.743221 11.569254 39.263176 2.110000 -1.000000 0.000000
50000 32 S 10.832664 9.710054 40.829865 1.800000 0.000000 0.000000
50000 33 T 10.762909 10.738214 44.142097 1.530000 0.000000 0.000000
50000 34 P 10.830133 5.936014 42.050331 2.110000 -1.000000 0.000000
50000 35 S 7.680115 3.455952 42.474686 1.800000 0.000000 0.000000
50000 36 A 6.302065 3.286754 39.130539 1.530000 0.000000 0.000000
50000 37 P 10.371781 0.220189 42.032879 2.110000 -1.000000 0.000000
50000 38 S 8.211582 -1.459155 39.106953 1.800000 0.000000 0.000000
50000 39 G 8.703866 1.043870 36.522671 1.530000 0.000000 0.000000
50000 40 P 10.763023 -4.183316 37.973602 2.110000 -1.000000 0.000000
50000 41 S 10.315836 -4.141339 34.118015 1.800000 0.000000 0.000000
50000 42 G 11.414248 -1.169343 32.766182 1.530000 0.000000 0.000000
50000 43 P 12.918333 -6.798040 32.983086 2.110000 -1.000000 0.000000
50000 44 S 14.347325 -4.535927 29.958012 1.800000 0.000000 0.000000
50000 45 A 16.129061 -1.835782 31.288883 1.530000 0.000000 0.000000
50000 46 P 17.294416 -5.086584 27.182673 2.110000 -1.000000 0.000000
50000 47 S 20.713003 -6.949014 27.831450 1.800000 0.000000 0.000000
50000 48 T 19.580402 -10.260758 28.145121 1.530000 0.000000 0.000000
50000 49 P 23.477295 -8.167760 25.401232 2.110000 -1.000000 0.000000
