35000 1 P -54.929054 2.987822 -4.989069 2.110000 -1.000000 0.000000
35000 2 S -51.452892 4.265116 -6.324958 1.800000 0.000000 0.000000
35000 3 A -51.134655 5.027008 -9.426164 1.530000 0.000000 0.000000
35000 4 P -48.185818 1.973482 -5.954215 2.110000 -1.000000 0.000000
35000 5 S -45.157562 4.384719 -5.256328 1.800000 0.000000 0.000000
35000 6 T -46.181583 5.083216 -1.887084 1.530000 0.000000 0.000000
35000 7 P -41.766472 2.992496 -4.621225 2.110000 -1.000000 0.000000
35000 8 S -39.744587 4.915573 -1.843095 1.800000 0.000000 0.000000
35000 9 C -41.704185 4.031129 0.988331 1.530000 0.000000 0.000000
35000 10 P -36.638645 2.294774 -0.776515 2.110000 -1.000000 0.000000
35000 11 S -35.863255 1.436065 2.958912 1.800000 0.000000 0.000000
35000 12 C -38.548763 -0.437899 4.513483 1.530000 0.000000 0.000000
35000 13 P -32.948238 -1.234919 3.718727 2.110000 -1.000000 0.000000
35000 14 S -32.764347 -3.585202 0.581906 1.800000 0.000000 0.000000
35000 15 T -31.525675 -1.649371 -2.229885 1.530000 0.000000 0.000000
35000 16 P -29.597942 -5.335941 1.961681 2.110000 -1.000000 0.000000
35000 17 S -28.688005 -5.092567 -1.725845 1.800000 0.000000 0.000000
35000 18 A -27.578337 -2.280296 -3.333600 1.530000 0.000000 0.000000
35000 19 P -24.909346 -5.959096 -1.618610 2.110000 -1.000000 0.000000
35000 20 S -23.573997 -4.735092 1.719685 1.800000 0.000000 0.000000
35000 21 G -24.357214 -7.106766 4.112949 1.530000 0.000000 0.000000
35000 22 P -19.822975 -5.389128 2.457357 2.110000 -1.000000 0.000000
35000 23 S -18.047495 -8.025134 0.042025 1.800000 0.000000 0.000000
35000 24 T -17.453188 -6.937032 -3.240858 1.530000 0.000000 0.000000
35000 25 P -14.181487 -7.834507 0.535333 2.110000 -1.000000 0.000000
35000 26 S -14.723899 -3.920559 0.903188 1.800000 0.000000 0.000000
35000 27 T -14.992453 -5.276922 4.184662 1.530000 0.000000 0.000000
35000 28 P -16.916845 -0.854174 2.311790 2.110000 -1.000000 0.000000
35000 29 S -16.969294 2.939903 1.186198 1.800000 0.000000 0.000000
35000 30 A -18.600451 3.578518 -1.956433 1.530000 0.000000 0.000000
35000 31 P -19.587904 5.559722 2.725656 2.110000 -1.000000 0.000000
35000 32 S -20.691036 8.598715 0.373656 1.800000 0.000000 0.000000
35000 33 T -22.579868 6.784944 -1.977905 1.530000 0.000000 0.000000
35000 34 P -23.924681 9.976509 1.997210 2.110000 -1.000000 0.000000
35000 35 S -24.728386 6.413654 3.508414 1.800000 0.000000 0.000000
35000 36 A -22.612684 4.983290 6.318229 1.530000 0.000000 0.000000
35000 37 P -27.498018 5.417949 6.094128 2.110000 -1.000000 0.000000
35000 38 S -29.230707 8.238462 8.288594 1.800000 0.000000 0.000000
35000 39 G -31.499790 10.298702 6.760607 1.530000 0.000000 0.000000
35000 40 P -32.381985 7.145489 10.374274 2.110000 -1.000000 0.000000
35000 41 S -35.113964 9.848232 9.904774 1.800000 0.000000 0.000000
35000 42 G -36.790009 9.915460 6.613400 1.530000 0.000000 0.000000
35000 43 P -38.645550 8.336499 11.201407 2.110000 -1.000000 0.000000
35000 44 S -40.588352 8.939675 7.836992 1.800000 0.000000 0.000000
35000 45 A -39.347950 6.460364 5.422708 1.530000 0.000000 0.000000
35000 46 P -43.863819 6.773232 8.538799 2.110000 -1.000000 0.000000
35000 47 S -43.992645 5.560683 4.815845 1.800000 0.000000 0.000000
35000 48 T -41.815609 3.136471 5.903289 1.530000 0.000000 0.000000
35000 49 P -47.114014 3.244449 6.013051 2.110000 -1.000000 0.000000
40000 1 P -52.134075 4.961020 -5.780172 2.110000 -1.000000 0.000000
40000 2 S -50.234463 1.530673 -6.486779 1.800000 0.000000 0.000000
40000 3 A -52.763374 -0.200072 -8.269744 1.530000 0.000000 0.000000
40000 4 P -50.179356 -1.521797 -4.039186 2.110000 -1.000000 0.000000
40000 5 S -47.008942 -2.782701 -6.060307 1.800000 0.000000 0.000000
40000 6 T -45.760067 0.207897 -4.399643 1.530000 0.000000 0.000000
40000 7 P -43.971970 -5.396817 -5.221149 2.110000 -1.000000 0.000000
40000 8 S -40.051231 -4.048450 -5.137323 1.800000 0.000000 0.000000
40000 9 C -40.036007 -2.025156 -2.535290 1.530000 0.000000 0.000000
40000 10 P -36.592152 -5.740404 -4.342280 2.110000 -1.000000 0.000000
40000 11 S -35.667931 -2.970081 -1.732646 1.800000 0.000000 0.000000
40000 12 C -38.401005 -3.378172 0.480274 1.530000 0.000000 0.000000
40000 13 P -32.799259 -2.635495 0.994116 2.110000 -1.000000 0.000000
40000 14 S -31.419601 -6.133183 2.059769 1.800000 0.000000 0.000000
40000 15 T -30.128531 -6.890768 -1.259460 1.530000 0.000000 0.000000
40000 16 P -27.964506 -6.533035 3.904663 2.110000 -1.000000 0.000000
40000 17 S -24.945171 -7.750335 1.602827 1.800000 0.000000 0.000000
40000 18 A -24.835920 -4.346886 0.870855 1.530000 0.000000 0.000000
40000 19 P -21.380566 -7.054584 3.481610 2.110000 -1.000000 0.000000
40000 20 S -23.994402 -4.830691 5.854564 1.800000 0.000000 0.000000
40000 21 G -25.977833 -7.123249 7.728923 1.530000 0.000000 0.000000
40000 22 P -21.218870 -4.367711 8.940915 2.110000 -1.000000 0.000000
40000 23 S -18.196749 -6.935239 8.923786 1.800000 0.000000 0.000000
40000 24 T -16.617447 -6.157698 6.026869 1.530000 0.000000 0.000000
40000 25 P -16.179968 -5.423381 12.044527 2.110000 -1.000000 0.000000
40000 26 S -17.964819 -2.043422 11.556339 1.800000 0.000000 0.000000
40000 27 T -19.423298 -4.251931 14.059200 1.530000 0.000000 0.000000
40000 28 P -20.275431 0.625344 13.621349 2.110000 -1.000000 0.000000
40000 29 S -21.198353 3.128317 10.796823 1.800000 0.000000 0.000000
40000 30 A -23.256832 1.971416 8.293024 1.530000 0.000000 0.000000
40000 31 P -24.137312 5.261596 11.883253 2.110000 -1.000000 0.000000
40000 32 S -25.327045 5.768879 8.214426 1.800000 0.000000 0.000000
40000 33 T -26.802891 3.153338 6.424510 1.530000 0.000000 0.000000
40000 34 P -29.082012 7.212505 7.569539 2.110000 -1.000000 0.000000
40000 35 S -30.751642 4.168190 5.738712 1.800000 0.000000 0.000000
40000 36 A -30.690298 1.667248 8.261415 1.530000 0.000000 0.000000
40000 37 P -34.193920 2.384578 4.762417 2.110000 -1.000000 0.000000
40000 38 S -37.471577 3.913563 6.347417 1.800000 0.000000 0.000000
40000 39 G -38.173668 6.708087 4.174848 1.530000 0.000000 0.000000
40000 40 P -40.921837 2.769853 5.408187 2.110000 -1.000000 0.000000
40000 41 S -42.949757 6.045431 4.876167 1.800000 0.000000 0.000000
40000 42 G -41.722050 7.754194 2.030148 1.530000 0.000000 0.000000
40000 43 P -46.616802 7.109214 3.744843 2.110000 -1.000000 0.000000
40000 44 S -46.915897 10.433340 1.408500 1.800000 0.000000 0.000000
40000 45 A -45.323807 9.252006 -1.701530 1.530000 0.000000 0.000000
40000 46 P -50.452744 10.855314 -0.748011 2.110000 -1.000000 0.000000
40000 47 S -50.396320 11.376016 -4.727600 1.800000 0.000000 0.000000
40000 48 T -50.067299 7.981336 -5.748605 1.530000 0.000000 0.000000
40000 49 P -54.033489 10.965640 -6.285967 2.110000 -1.000000 0.000000
45000 1 P -52.342663 1.549417 -3.379660 2.110000 -1.000000 0.000000
45000 2 S -48.958088 0.216317 -5.111341 1.800000 0.000000 0.000000
45000 3 A -49.394585 1.061283 -8.591027 1.530000 0.000000 0.000000
45000 4 P -47.462746 -3.451752 -5.486424 2.110000 -1.000000 0.000000
45000 5 S -43.597248 -2.759235 -5.859365 1.800000 0.000000 0.000000
45000 6 T -42.732815 -1.069776 -2.938170 1.530000 0.000000 0.000000
45000 7 P -40.843178 -5.551137 -5.714204 2.110000 -1.000000 0.000000
45000 8 S -38.501225 -3.450748 -3.450112 1.800000 0.000000 0.000000
45000 9 C -40.030186 -3.540004 -0.183550 1.530000 0.000000 0.000000
45000 10 P -35.177395 -3.739723 -1.398084 2.110000 -1.000000 0.000000
45000 11 S -36.259663 -2.309041 2.211834 1.800000 0.000000 0.000000
45000 12 C -38.685486 -4.067604 4.269421 1.530000 0.000000 0.000000
45000 13 P -33.954632 -2.618852 5.491829 2.110000 -1.000000 0.000000
45000 14 S -31.436605 -5.577077 4.541879 1.800000 0.000000 0.000000
45000 15 T -29.559921 -3.630330 2.203096 1.530000 0.000000 0.000000
45000 16 P -28.221489 -7.109597 5.957494 2.110000 -1.000000 0.000000
45000 17 S -25.898987 -7.157624 2.590249 1.800000 0.000000 0.000000
45000 18 A -25.024189 -3.473664 1.915240 1.530000 0.000000 0.000000
45000 19 P -21.982950 -7.785384 1.919694 2.110000 -1.000000 0.000000
45000 20 S -20.775890 -7.151128 5.641875 1.800000 0.000000 0.000000
45000 21 G -22.161175 -9.871653 6.884150 1.530000 0.000000 0.000000
45000 22 P -16.959583 -7.595746 5.585076 2.110000 -1.000000 0.000000
45000 23 S -13.653278 -9.348018 4.257920 1.800000 0.000000 0.000000
45000 24 T -13.176617 -7.615051 1.383861 1.530000 0.000000 0.000000
45000 25 P -10.601167 -7.582879 5.740014 2.110000 -1.000000 0.000000
45000 26 S -13.467926 -4.960499 6.399493 1.800000 0.000000 0.000000
45000 27 T -14.044111 -7.584202 8.942008 1.530000 0.000000 0.000000
45000 28 P -14.311850 -1.438595 8.048207 2.110000 -1.000000 0.000000
45000 29 S -12.895689 1.643234 10.060334 1.800000 0.000000 0.000000
45000 30 A -10.694053 3.120450 7.785513 1.530000 0.000000 0.000000
45000 31 P -15.701874 4.442780 9.833971 2.110000 -1.000000 0.000000
45000 32 S -17.478905 2.208682 6.909363 1.800000 0.000000 0.000000
45000 33 T -18.429321 -0.471778 8.842410 1.530000 0.000000 0.000000
45000 34 P -21.151287 3.433637 5.607821 2.110000 -1.000000 0.000000
45000 35 S -23.491449 0.378804 6.832395 1.800000 0.000000 0.000000
45000 36 A -22.125452 0.453373 10.252992 1.530000 0.000000 0.000000
45000 37 P -26.809170 -1.710819 7.780610 2.110000 -1.000000 0.000000
45000 38 S -29.798214 0.263205 9.370698 1.800000 0.000000 0.000000
45000 39 G -30.498274 2.705727 6.724923 1.530000 0.000000 0.000000
45000 40 P -33.572887 0.022385 10.456677 2.110000 -1.000000 0.000000
45000 41 S -36.671318 2.203932 9.331347 1.800000 0.000000 0.000000
45000 42 G -37.835022 2.254845 5.937920 1.530000 0.000000 0.000000
45000 43 P -40.120571 0.576745 10.443421 2.110000 -1.000000 0.000000
45000 44 S -42.711533 1.467486 7.526421 1.800000 0.000000 0.000000
45000 45 A -43.150978 0.646698 4.328271 1.530000 0.000000 0.000000
45000 46 P -45.510521 -1.335210 7.656298 2.110000 -1.000000 0.000000
45000 47 S -47.677895 -3.157244 4.984822 1.800000 0.000000 0.000000
45000 48 T -44.703407 -4.845611 3.875567 1.530000 0.000000 0.000000
45000 49 P -49.715370 -6.516931 5.955126 2.110000 -1.000000 0.000000
50000 1 P -51.533966 1.543551 -0.421454 2.110000 -1.000000 0.000000
50000 2 S -48.461006 0.263719 -2.573222 1.800000 0.000000 0.000000
50000 3 A -49.099415 2.180089 -5.623816 1.530000 0.000000 0.000000
50000 4 P -46.613476 -3.154151 -3.130797 2.110000 -1.000000 0.000000
50000 5 S -42.762157 -2.262223 -4.249570 1.800000 0.000000 0.000000
50000 6 T -42.204155 -1.236236 -1.029903 1.530000 0.000000 0.000000
50000 7 P -39.715080 -4.832488 -3.934542 2.110000 -1.000000 0.000000
50000 8 S -37.374638 -3.059498 -1.297118 1.800000 0.000000 0.000000
50000 9 C -39.465755 -3.629590 1.307899 1.530000 0.000000 0.000000
50000 10 P -34.132973 -4.983128 -0.033655 2.110000 -1.000000 0.000000
50000 11 S -34.118080 -4.455803 3.845527 1.800000 0.000000 0.000000
50000 12 C -37.019958 -6.188710 5.067273 1.530000 0.000000 0.000000
50000 13 P -31.422215 -6.626772 6.061351 2.110000 -1.000000 0.000000
50000 14 S -30.761990 -10.246093 4.531250 1.800000 0.000000 0.000000
50000 15 T -29.217152 -8.951978 1.706677 1.530000 0.000000 0.000000
50000 16 P -27.546768 -11.653315 6.178163 2.110000 -1.000000 0.000000
50000 17 S -25.819031 -12.039547 2.725527 1.800000 0.000000 0.000000
50000 18 A -25.623827 -8.574362 2.312138 1.530000 0.000000 0.000000
50000 19 P -22.185921 -12.026067 1.238730 2.110000 -1.000000 0.000000
50000 20 S -19.043848 -11.700481 3.705973 1.800000 0.000000 0.000000
50000 21 G -18.870411 -14.705402 5.780673 1.530000 0.000000 0.000000
50000 22 P -15.238892 -11.727855 3.424792 2.110000 -1.000000 0.000000
50000 23 S -12.196778 -13.567056 1.436528 1.800000 0.000000 0.000000
50000 24 T -12.873427 -11.749216 -1.470512 1.530000 0.000000 0.000000
50000 25 P -9.077237 -11.464486 2.583680 2.110000 -1.000000 0.000000
50000 26 S -12.347495 -9.169499 2.321845 1.800000 0.000000 0.000000
50000 27 T -12.284472 -10.868207 5.623909 1.530000 0.000000 0.000000
50000 28 P -13.557442 -5.435140 3.374903 2.110000 -1.000000 0.000000
50000 29 S -10.885972 -2.933525 4.509579 1.800000 0.000000 0.000000
50000 30 A -9.645457 -1.782667 1.466892 1.530000 0.000000 0.000000
50000 31 P -13.396083 0.012113 4.824780 2.110000 -1.000000 0.000000
50000 32 S -17.082331 -0.880018 3.301946 1.800000 0.000000 0.000000
50000 33 T -17.447483 -3.562696 5.802804 1.530000 0.000000 0.000000
50000 34 P -20.207901 1.171965 4.685439 2.110000 -1.000000 0.000000
50000 35 S -23.263800 -1.231182 5.279455 1.800000 0.000000 0.000000
50000 36 A -22.498821 -2.486930 8.508518 1.530000 0.000000 0.000000
50000 37 P -27.034662 -1.673204 6.718908 2.110000 -1.000000 0.000000
50000 38 S -27.692490 1.530432 9.187287 1.800000 0.000000 0.000000
50000 39 G -27.724945 3.690364 6.441030 1.530000 0.000000 0.000000
50000 40 P -31.373636 2.192886 10.859253 2.110000 -1.000000 0.000000
50000 41 S -32.105480 5.598969 9.025188 1.800000 0.000000 0.000000
50000 42 G -32.824562 5.063761 5.660857 1.530000 0.000000 0.000000
50000 43 P -35.208725 8.137625 8.202086 2.110000 -1.000000 0.000000
50000 44 S -35.207279 8.874461 4.392042 1.800000 0.000000 0.000000
50000 45 A -36.274666 6.464173 1.967141 1.530000 0.000000 0.000000
50000 46 P -38.728653 10.576471 3.542076 2.110000 -1.000000 0.000000
50000 47 S -39.790199 8.119613 0.802622 1.800000 0.000000 0.000000
50000 48 T -41.114517 4.650946 1.357686 1.530000 0.000000 0.000000
50000 49 P -43.602718 9.398394 0.248161 2.110000 -1.000000 0.000000
