35000 1 P -12.426948 22.372702 -4.849780 2.110000 -1.000000 0.000000
35000 2 S -10.716355 25.541729 -3.183851 1.800000 0.000000 0.000000
35000 3 A -10.777587 28.513241 -5.214624 1.530000 0.000000 0.000000
35000 4 P -6.997129 24.459042 -2.593992 2.110000 -1.000000 0.000000
35000 5 S -6.534381 26.914192 0.565245 1.800000 0.000000 0.000000
35000 6 T -7.307222 26.477615 4.212103 1.530000 0.000000 0.000000
35000 7 P -2.936851 26.421198 1.758192 2.110000 -1.000000 0.000000
35000 8 S -3.727890 26.737295 5.586924 1.800000 0.000000 0.000000
35000 9 C -5.154344 24.343281 7.534519 1.530000 0.000000 0.000000
35000 10 P -0.869104 25.189074 7.521313 2.110000 -1.000000 0.000000
35000 11 S -2.582739 23.131073 10.141993 1.800000 0.000000 0.000000
35000 12 C -3.325394 20.970491 7.492642 1.530000 0.000000 0.000000
35000 13 P -0.076059 20.663219 11.746745 2.110000 -1.000000 0.000000
35000 14 S -0.773542 16.867920 12.733035 1.800000 0.000000 0.000000
35000 15 T -1.183088 17.369850 9.344996 1.530000 0.000000 0.000000
35000 16 P 2.778988 15.267135 12.874425 2.110000 -1.000000 0.000000
35000 17 S 5.206384 17.762772 11.083408 1.800000 0.000000 0.000000
35000 18 A 5.388331 20.410788 13.610200 1.530000 0.000000 0.000000
35000 19 P 9.243076 17.269159 11.721019 2.110000 -1.000000 0.000000
35000 20 S 10.231888 20.501623 13.516079 1.800000 0.000000 0.000000
35000 21 G 8.106075 18.106474 15.276424 1.530000 0.000000 0.000000
35000 22 P 9.059114 22.213345 16.930002 2.110000 -1.000000 0.000000
35000 23 S 11.680591 22.309443 19.785690 1.800000 0.000000 0.000000
35000 24 T 12.865623 24.433758 17.275064 1.530000 0.000000 0.000000
35000 25 P 10.005838 24.581062 22.306900 2.110000 -1.000000 0.000000
35000 26 S 8.956790 27.583618 24.635794 1.800000 0.000000 0.000000
35000 27 T 7.177894 30.556355 23.231298 1.530000 0.000000 0.000000
35000 28 P 5.255320 26.749571 25.898264 2.110000 -1.000000 0.000000
35000 29 S 1.877720 28.889984 26.197226 1.800000 0.000000 0.000000
35000 30 A 0.496157 29.794231 22.715296 1.530000 0.000000 0.000000
35000 31 P -0.872284 25.965445 26.998545 2.110000 -1.000000 0.000000
35000 32 S 1.180422 23.332973 25.035122 1.800000 0.000000 0.000000
35000 33 T 4.433657 22.273825 25.668356 1.530000 0.000000 0.000000
35000 34 P 1.020410 22.356394 21.132601 2.110000 -1.000000 0.000000
35000 35 S 0.576514 18.348677 21.547054 1.800000 0.000000 0.000000
35000 36 A -2.995528 18.458723 22.731153 1.530000 0.000000 0.000000
35000 37 P 0.056668 16.257650 18.285681 2.110000 -1.000000 0.000000
35000 38 S -3.503365 14.570638 17.903273 1.800000 0.000000 0.000000
35000 39 G -5.440175 17.460659 17.315460 1.530000 0.000000 0.000000
35000 40 P -5.004189 13.003207 14.635702 2.110000 -1.000000 0.000000
35000 41 S -8.529657 15.001116 14.252554 1.800000 0.000000 0.000000
35000 42 G -6.575055 17.973305 13.256476 1.530000 0.000000 0.000000
35000 43 P -9.258076 14.375831 10.352051 2.110000 -1.000000 0.000000
35000 44 S -10.677590 17.786116 9.098527 1.800000 0.000000 0.000000
35000 45 A -7.935078 19.943571 9.622445 1.530000 0.000000 0.000000
35000 46 P -10.403109 17.504349 4.943549 2.110000 -1.000000 0.000000
35000 47 S -8.627548 14.076948 4.043139 1.800000 0.000000 0.000000
35000 48 T -11.149197 11.859310 5.012528 1.530000 0.000000 0.000000
35000 49 P -7.747121 11.400988 1.222737 2.110000 -1.000000 0.000000
40000 1 P -13.956952 24.107697 4.987107 2.110000 -1.000000 0.000000
40000 2 S -12.395737 26.411077 7.698234 1.800000 0.000000 0.000000
40000 3 A -12.591982 29.574442 6.128328 1.530000 0.000000 0.000000
40000 4 P -8.699194 26.294256 8.354548 2.110000 -1.000000 0.000000
40000 5 S -6.764649 27.912210 11.435619 1.800000 0.000000 0.000000
40000 6 T -8.219289 26.031677 13.838666 1.530000 0.000000 0.000000
40000 7 P -3.051993 26.802294 12.542221 2.110000 -1.000000 0.000000
40000 8 S -3.226701 27.025646 16.416182 1.800000 0.000000 0.000000
40000 9 C -5.755002 24.861830 18.010170 1.530000 0.000000 0.000000
40000 10 P 0.184895 25.239792 17.068306 2.110000 -1.000000 0.000000
40000 11 S 0.655941 22.504545 19.780827 1.800000 0.000000 0.000000
40000 12 C -1.305979 19.831741 18.447079 1.530000 0.000000 0.000000
40000 13 P 4.065121 20.320232 20.178217 2.110000 -1.000000 0.000000
40000 14 S 3.346192 16.605742 20.248392 1.800000 0.000000 0.000000
40000 15 T 2.615892 16.640221 16.658493 1.530000 0.000000 0.000000
40000 16 P 5.345767 13.265842 19.925451 2.110000 -1.000000 0.000000
40000 17 S 7.993994 15.746683 18.342392 1.800000 0.000000 0.000000
40000 18 A 8.763426 18.014387 20.773647 1.530000 0.000000 0.000000
40000 19 P 11.371699 13.743125 17.776442 2.110000 -1.000000 0.000000
40000 20 S 14.694932 15.766273 18.676748 1.800000 0.000000 0.000000
40000 21 G 17.228090 14.454547 20.645216 1.530000 0.000000 0.000000
40000 22 P 13.520768 16.518305 22.232094 2.110000 -1.000000 0.000000
40000 23 S 14.096201 20.002670 23.867481 1.800000 0.000000 0.000000
40000 24 T 12.719922 23.440519 22.962215 1.530000 0.000000 0.000000
40000 25 P 11.628500 19.763044 27.024317 2.110000 -1.000000 0.000000
40000 26 S 10.765728 23.404787 28.152660 1.800000 0.000000 0.000000
40000 27 T 9.023455 23.663622 25.093374 1.530000 0.000000 0.000000
40000 28 P 7.662569 23.476822 30.504784 2.110000 -1.000000 0.000000
40000 29 S 5.386297 25.853699 28.277328 1.800000 0.000000 0.000000
40000 30 A 3.646296 25.998880 25.246471 1.530000 0.000000 0.000000
40000 31 P 2.725018 24.834232 30.891140 2.110000 -1.000000 0.000000
40000 32 S 3.271747 20.905853 30.972780 1.800000 0.000000 0.000000
40000 33 T 6.264829 19.719660 32.417477 1.530000 0.000000 0.000000
40000 34 P 2.833503 17.626020 28.620398 2.110000 -1.000000 0.000000
40000 35 S 1.647548 13.743315 28.664522 1.800000 0.000000 0.000000
40000 36 A -1.876130 13.856601 29.152235 1.530000 0.000000 0.000000
40000 37 P 1.701235 12.601692 25.034353 2.110000 -1.000000 0.000000
40000 38 S -2.021111 11.254386 24.646669 1.800000 0.000000 0.000000
40000 39 G -3.324254 14.519834 25.008127 1.530000 0.000000 0.000000
40000 40 P -3.370987 10.285975 20.913366 2.110000 -1.000000 0.000000
40000 41 S -6.846458 12.026187 21.185303 1.800000 0.000000 0.000000
40000 42 G -5.369476 15.096059 20.246655 1.530000 0.000000 0.000000
40000 43 P -9.031817 12.433985 17.803370 2.110000 -1.000000 0.000000
40000 44 S -9.252547 16.307581 18.098307 1.800000 0.000000 0.000000
40000 45 A -5.811791 17.834772 17.459625 1.530000 0.000000 0.000000
40000 46 P -11.018012 18.713184 15.429486 2.110000 -1.000000 0.000000
40000 47 S -10.392391 15.874743 12.560163 1.800000 0.000000 0.000000
40000 48 T -12.670953 13.470315 13.262823 1.530000 0.000000 0.000000
40000 49 P -12.176959 16.431858 9.047265 2.110000 -1.000000 0.000000
45000 1 P -16.912157 15.290419 11.120835 2.110000 -1.000000 0.000000
45000 2 S -16.364727 18.985508 12.634539 1.800000 0.000000 0.000000
45000 3 A -17.650307 21.355736 10.416987 1.530000 0.000000 0.000000
45000 4 P -12.437049 19.124619 12.987825 2.110000 -1.000000 0.000000
45000 5 S -11.334941 20.667921 16.410105 1.800000 0.000000 0.000000
45000 6 T -12.373478 18.492519 19.198996 1.530000 0.000000 0.000000
45000 7 P -7.452365 19.967348 16.931385 2.110000 -1.000000 0.000000
45000 8 S -7.242609 18.939178 20.870201 1.800000 0.000000 0.000000
45000 9 C -8.437073 15.424682 21.473782 1.530000 0.000000 0.000000
45000 10 P -3.437002 17.656118 21.255684 2.110000 -1.000000 0.000000
45000 11 S -4.066281 14.972894 23.792698 1.800000 0.000000 0.000000
45000 12 C -5.887257 12.118300 22.123505 1.530000 0.000000 0.000000
45000 13 P -0.805041 12.656849 23.576832 2.110000 -1.000000 0.000000
45000 14 S -2.512506 9.223292 23.213499 1.800000 0.000000 0.000000
45000 15 T -3.625758 9.251693 19.956108 1.530000 0.000000 0.000000
45000 16 P 0.125500 6.166440 22.450678 2.110000 -1.000000 0.000000
45000 17 S 3.403447 7.639807 20.881866 1.800000 0.000000 0.000000
45000 18 A 4.669122 9.012133 23.840267 1.530000 0.000000 0.000000
45000 19 P 6.792801 5.442390 20.334990 2.110000 -1.000000 0.000000
45000 20 S 8.437781 7.901980 22.933491 1.800000 0.000000 0.000000
45000 21 G 6.206552 5.621088 25.104387 1.530000 0.000000 0.000000
45000 22 P 8.454463 9.270570 26.562490 2.110000 -1.000000 0.000000
45000 23 S 10.201092 12.576455 25.176640 1.800000 0.000000 0.000000
45000 24 T 8.814637 15.027664 22.727196 1.530000 0.000000 0.000000
45000 25 P 8.896737 14.294768 28.462988 2.110000 -1.000000 0.000000
45000 26 S 8.090269 18.110380 29.047686 1.800000 0.000000 0.000000
45000 27 T 5.004212 18.477373 27.425787 1.530000 0.000000 0.000000
45000 28 P 6.053785 16.274101 31.948406 2.110000 -1.000000 0.000000
45000 29 S 2.797397 18.727703 32.147831 1.800000 0.000000 0.000000
45000 30 A 0.353409 19.218700 29.755672 1.530000 0.000000 0.000000
45000 31 P 0.638272 16.184267 34.138767 2.110000 -1.000000 0.000000
45000 32 S 0.948308 12.359126 33.552925 1.800000 0.000000 0.000000
45000 33 T 3.726675 10.265416 34.583405 1.530000 0.000000 0.000000
45000 34 P -0.946978 9.834470 30.949051 2.110000 -1.000000 0.000000
45000 35 S -2.969581 6.811711 32.419884 1.800000 0.000000 0.000000
45000 36 A -6.207716 7.556789 33.748211 1.530000 0.000000 0.000000
45000 37 P -4.935261 5.200977 29.212292 2.110000 -1.000000 0.000000
45000 38 S -8.761671 4.761923 30.139423 1.800000 0.000000 0.000000
45000 39 G -10.268544 7.806344 29.769602 1.530000 0.000000 0.000000
45000 40 P -9.980325 3.509561 26.527826 2.110000 -1.000000 0.000000
45000 41 S -12.858928 5.802582 24.716679 1.800000 0.000000 0.000000
45000 42 G -11.253086 8.463013 23.447062 1.530000 0.000000 0.000000
45000 43 P -13.600179 4.424958 21.157232 2.110000 -1.000000 0.000000
45000 44 S -14.267505 7.282799 18.543896 1.800000 0.000000 0.000000
45000 45 A -11.783447 9.293632 17.061726 1.530000 0.000000 0.000000
45000 46 P -14.449929 6.244628 14.760811 2.110000 -1.000000 0.000000
45000 47 S -11.737708 3.303197 15.236837 1.800000 0.000000 0.000000
45000 48 T -13.589350 1.260931 17.613068 1.530000 0.000000 0.000000
45000 49 P -11.477600 0.202290 12.657171 2.110000 -1.000000 0.000000
50000 1 P -24.982424 19.509232 37.939167 2.110000 -1.000000 0.000000
50000 2 S -23.386934 23.026369 36.973080 1.800000 0.000000 0.000000
50000 3 A -24.948751 24.748899 34.302296 1.530000 0.000000 0.000000
50000 4 P -19.629295 22.997444 35.601299 2.110000 -1.000000 0.000000
50000 5 S -16.502016 25.461039 35.624531 1.800000 0.000000 0.000000
50000 6 T -15.609144 24.939173 39.006702 1.530000 0.000000 0.000000
50000 7 P -12.908903 24.176420 34.265762 2.110000 -1.000000 0.000000
50000 8 S -10.476321 24.576551 37.338966 1.800000 0.000000 0.000000
50000 9 C -11.675137 21.931049 39.503704 1.530000 0.000000 0.000000
50000 10 P -6.738028 23.050039 37.263565 2.110000 -1.000000 0.000000
50000 11 S -6.834130 20.986614 40.614910 1.800000 0.000000 0.000000
50000 12 C -9.318880 18.455517 40.749786 1.530000 0.000000 0.000000
50000 13 P -3.699140 18.846273 41.451866 2.110000 -1.000000 0.000000
50000 14 S -6.170481 16.122208 43.030457 1.800000 0.000000 0.000000
50000 15 T -7.595845 14.838940 39.845955 1.530000 0.000000 0.000000
50000 16 P -5.551291 12.415842 43.894661 2.110000 -1.000000 0.000000
50000 17 S -2.174410 11.223214 42.625885 1.800000 0.000000 0.000000
50000 18 A 0.468811 12.965716 44.371067 1.530000 0.000000 0.000000
50000 19 P -0.000340 8.006900 43.337833 2.110000 -1.000000 0.000000
50000 20 S 3.771287 9.116219 43.695442 1.800000 0.000000 0.000000
50000 21 G 5.000905 6.678844 45.616085 1.530000 0.000000 0.000000
50000 22 P 3.801181 11.621155 46.553516 2.110000 -1.000000 0.000000
50000 23 S 6.721867 14.105961 46.602726 1.800000 0.000000 0.000000
50000 24 T 5.776838 16.184385 43.996563 1.530000 0.000000 0.000000
50000 25 P 5.867191 17.181730 48.769131 2.110000 -1.000000 0.000000
50000 26 S 6.487338 20.758936 47.601044 1.800000 0.000000 0.000000
50000 27 T 4.692631 23.071680 45.239929 1.530000 0.000000 0.000000
50000 28 P 3.662129 21.777021 50.223675 2.110000 -1.000000 0.000000
50000 29 S 2.953582 24.671066 47.663670 1.800000 0.000000 0.000000
50000 30 A 1.152319 25.158026 44.573490 1.530000 0.000000 0.000000
50000 31 P -0.129677 25.163296 49.847301 2.110000 -1.000000 0.000000
50000 32 S -0.337328 21.289230 50.865028 1.800000 0.000000 0.000000
50000 33 T 2.259521 20.098877 52.968666 1.530000 0.000000 0.000000
50000 34 P -2.170978 18.005253 49.447552 2.110000 -1.000000 0.000000
50000 35 S -4.331038 16.207466 52.137901 1.800000 0.000000 0.000000
50000 36 A -6.821494 18.689478 51.821980 1.530000 0.000000 0.000000
50000 37 P -5.801542 12.942199 50.663296 2.110000 -1.000000 0.000000
50000 38 S -9.757795 12.931158 50.787640 1.800000 0.000000 0.000000
50000 39 G -12.107279 14.544702 48.725006 1.530000 0.000000 0.000000
50000 40 P -9.732799 10.230903 47.891315 2.110000 -1.000000 0.000000
50000 41 S -12.932991 11.502723 45.685944 1.800000 0.000000 0.000000
50000 42 G -12.247128 14.600569 44.209072 1.530000 0.000000 0.000000
50000 43 P -13.704626 10.000216 41.929966 2.110000 -1.000000 0.000000
50000 44 S -15.041945 12.954729 39.631561 1.800000 0.000000 0.000000
50000 45 A -12.592394 15.356082 38.386623 1.530000 0.000000 0.000000
50000 46 P -14.908571 12.351823 35.755318 2.110000 -1.000000 0.000000
50000 47 S -11.477055 10.308410 35.171951 1.800000 0.000000 0.000000
50000 48 T -13.154654 8.055676 37.447601 1.530000 0.000000 0.000000
50000 49 P -10.081938 7.970721 32.143280 2.110000 -1.000000 0.000000
