35000 1 P -21.643387 12.461617 -22.133183 2.110000 -1.000000 0.000000
35000 2 S -20.009541 9.003873 -21.981607 1.800000 0.000000 0.000000
35000 3 A -20.508497 7.716615 -25.196732 1.530000 0.000000 0.000000
35000 4 P -20.785839 5.939857 -19.592058 2.110000 -1.000000 0.000000
35000 5 S -17.992739 3.160391 -18.922808 1.800000 0.000000 0.000000
35000 6 T -15.211003 4.294860 -17.108774 1.530000 0.000000 0.000000
35000 7 P -18.028986 -0.037987 -16.708311 2.110000 -1.000000 0.000000
35000 8 S -14.359310 -0.103317 -15.491333 1.800000 0.000000 0.000000
35000 9 C -13.662376 2.473955 -13.063441 1.530000 0.000000 0.000000
35000 10 P -12.460050 -2.480075 -12.985347 2.110000 -1.000000 0.000000
35000 11 S -9.937217 -0.449492 -10.779626 1.800000 0.000000 0.000000
35000 12 C -12.839193 0.794098 -8.823523 1.530000 0.000000 0.000000
35000 13 P -8.259592 -2.787909 -8.016171 2.110000 -1.000000 0.000000
35000 14 S -4.387795 -2.842958 -8.507844 1.800000 0.000000 0.000000
35000 15 T -3.162451 -0.072997 -6.891465 1.530000 0.000000 0.000000
35000 16 P -2.263545 -4.904203 -5.724504 2.110000 -1.000000 0.000000
35000 17 S -4.430038 -4.113361 -2.479247 1.800000 0.000000 0.000000
35000 18 A -7.304815 -6.000688 -3.639854 1.530000 0.000000 0.000000
35000 19 P -3.756377 -6.261258 0.743719 2.110000 -1.000000 0.000000
35000 20 S -2.952762 -9.599322 -1.094984 1.800000 0.000000 0.000000
35000 21 G 0.216181 -8.432154 -2.335703 1.530000 0.000000 0.000000
35000 22 P -1.378879 -12.584504 1.121502 2.110000 -1.000000 0.000000
35000 23 S 1.217850 -11.630411 3.916246 1.800000 0.000000 0.000000
35000 24 T -0.454871 -9.499763 6.303247 1.530000 0.000000 0.000000
35000 25 P 2.675596 -13.366992 7.207910 2.110000 -1.000000 0.000000
35000 26 S 3.211983 -9.689024 8.604110 1.800000 0.000000 0.000000
35000 27 T 0.490303 -11.701958 9.368009 1.530000 0.000000 0.000000
35000 28 P 0.090681 -7.086071 8.749036 2.110000 -1.000000 0.000000
35000 29 S 2.434980 -4.262285 7.183933 1.800000 0.000000 0.000000
35000 30 A 3.443523 -4.588598 3.735950 1.530000 0.000000 0.000000
35000 31 P 0.054310 -1.338355 5.842780 2.110000 -1.000000 0.000000
35000 32 S -2.208841 -4.520578 5.441307 1.800000 0.000000 0.000000
35000 33 T -3.435892 -5.137623 8.660295 1.530000 0.000000 0.000000
35000 34 P -6.012943 -4.317572 4.614775 2.110000 -1.000000 0.000000
35000 35 S -5.450963 -0.718675 6.183660 1.800000 0.000000 0.000000
35000 36 A -3.188898 0.266604 3.493227 1.530000 0.000000 0.000000
35000 37 P -9.075469 0.435622 5.018428 2.110000 -1.000000 0.000000
35000 38 S -10.325279 3.523090 2.739123 1.800000 0.000000 0.000000
35000 39 G -9.253078 2.703381 -0.383409 1.530000 0.000000 0.000000
35000 40 P -14.038720 3.361043 1.384479 2.110000 -1.000000 0.000000
35000 41 S -14.057822 4.985373 -2.154164 1.800000 0.000000 0.000000
35000 42 G -12.462177 3.063370 -4.481115 1.530000 0.000000 0.000000
35000 43 P -17.648476 4.590909 -3.649863 2.110000 -1.000000 0.000000
35000 44 S -17.931938 3.305693 -7.293143 1.800000 0.000000 0.000000
35000 45 A -17.249876 -0.173499 -7.859432 1.530000 0.000000 0.000000
35000 46 P -21.960587 2.476962 -6.714510 2.110000 -1.000000 0.000000
35000 47 S -24.218475 -0.659198 -7.303365 1.800000 0.000000 0.000000
35000 48 T -22.690880 -2.582791 -4.642333 1.530000 0.000000 0.000000
35000 49 P -27.978235 -0.587627 -6.130140 2.110000 -1.000000 0.000000
40000 1 P -21.201647 8.661590 -22.986969 2.110000 -1.000000 0.000000
40000 2 S -20.133125 5.074013 -24.207598 1.800000 0.000000 0.000000
40000 3 A -21.066183 5.457930 -27.623228 1.530000 0.000000 0.000000
40000 4 P -21.057968 1.537439 -22.799362 2.110000 -1.000000 0.000000
40000 5 S -17.910429 -0.791803 -23.042778 1.800000 0.000000 0.000000
40000 6 T -16.261267 1.416989 -20.599779 1.530000 0.000000 0.000000
40000 7 P -18.066708 -4.125201 -20.865829 2.110000 -1.000000 0.000000
40000 8 S -14.535129 -3.684372 -18.952198 1.800000 0.000000 0.000000
40000 9 C -15.388605 -1.411472 -16.411930 1.530000 0.000000 0.000000
40000 10 P -12.793213 -5.874429 -16.099363 2.110000 -1.000000 0.000000
40000 11 S -11.572467 -4.182500 -12.795231 1.800000 0.000000 0.000000
40000 12 C -14.819226 -4.255920 -11.458784 1.530000 0.000000 0.000000
40000 13 P -11.133553 -6.835909 -9.840178 2.110000 -1.000000 0.000000
40000 14 S -7.374180 -6.837035 -8.434669 1.800000 0.000000 0.000000
40000 15 T -6.940998 -3.644556 -6.952919 1.530000 0.000000 0.000000
40000 16 P -6.284597 -8.602135 -4.846549 2.110000 -1.000000 0.000000
40000 17 S -8.538969 -9.079565 -1.569070 1.800000 0.000000 0.000000
40000 18 A -11.252082 -10.786516 -0.333283 1.530000 0.000000 0.000000
40000 19 P -6.358781 -11.387508 1.095512 2.110000 -1.000000 0.000000
40000 20 S -3.955531 -14.558220 0.449525 1.800000 0.000000 0.000000
40000 21 G -1.184959 -14.002391 -1.425936 1.530000 0.000000 0.000000
40000 22 P -1.409610 -15.306339 3.518465 2.110000 -1.000000 0.000000
40000 23 S 0.184209 -11.876278 3.732432 1.800000 0.000000 0.000000
40000 24 T -2.154448 -9.351235 4.703574 1.530000 0.000000 0.000000
40000 25 P 2.296508 -12.202851 7.156094 2.110000 -1.000000 0.000000
40000 26 S 2.011847 -9.027460 9.600918 1.800000 0.000000 0.000000
40000 27 T 0.229589 -7.097420 12.153255 1.530000 0.000000 0.000000
40000 28 P -1.927390 -8.909249 8.897689 2.110000 -1.000000 0.000000
40000 29 S -0.875919 -5.394435 7.713404 1.800000 0.000000 0.000000
40000 30 A 1.379654 -6.754336 5.056185 1.530000 0.000000 0.000000
40000 31 P -4.128858 -3.789581 5.707961 2.110000 -1.000000 0.000000
40000 32 S -5.878957 -7.346147 5.266053 1.800000 0.000000 0.000000
40000 33 T -7.119510 -8.351068 8.300584 1.530000 0.000000 0.000000
40000 34 P -9.435079 -7.949502 3.461211 2.110000 -1.000000 0.000000
40000 35 S -9.813189 -4.075158 4.311604 1.800000 0.000000 0.000000
40000 36 A -7.705680 -2.578640 2.244552 1.530000 0.000000 0.000000
40000 37 P -12.991466 -3.055604 2.290708 2.110000 -1.000000 0.000000
40000 38 S -11.817330 0.062391 0.151119 1.800000 0.000000 0.000000
40000 39 G -9.686808 -0.474749 -2.545910 1.530000 0.000000 0.000000
40000 40 P -14.322036 2.024384 -2.434451 2.110000 -1.000000 0.000000
40000 41 S -12.117854 3.346483 -5.395107 1.800000 0.000000 0.000000
40000 42 G -10.498634 1.122419 -7.958397 1.530000 0.000000 0.000000
40000 43 P -15.172384 4.431475 -7.663764 2.110000 -1.000000 0.000000
40000 44 S -13.796920 3.599311 -11.393335 1.800000 0.000000 0.000000
40000 45 A -13.071835 0.026612 -11.144032 1.530000 0.000000 0.000000
40000 46 P -16.464695 2.701530 -13.975323 2.110000 -1.000000 0.000000
40000 47 S -17.599277 -0.315353 -11.617424 1.800000 0.000000 0.000000
40000 48 T -20.065676 1.515184 -9.282444 1.530000 0.000000 0.000000
40000 49 P -20.950434 -2.001200 -12.701714 2.110000 -1.000000 0.000000
45000 1 P -18.623585 12.269498 -17.715769 2.110000 -1.000000 0.000000
45000 2 S -20.445538 8.980111 -16.240358 1.800000 0.000000 0.000000
45000 3 A -24.033890 8.951523 -15.718421 1.530000 0.000000 0.000000
45000 4 P -19.632002 7.719047 -12.353384 2.110000 -1.000000 0.000000
45000 5 S -18.922949 3.949363 -13.592003 1.800000 0.000000 0.000000
45000 6 T -15.542785 4.473615 -15.171823 1.530000 0.000000 0.000000
45000 7 P -17.240196 0.743867 -11.673454 2.110000 -1.000000 0.000000
45000 8 S -14.262027 -0.765851 -13.885700 1.800000 0.000000 0.000000
45000 9 C -11.634212 1.575687 -13.821266 1.530000 0.000000 0.000000
45000 10 P -12.192744 -3.234181 -11.675387 2.110000 -1.000000 0.000000
45000 11 S -8.354630 -2.884512 -11.448895 1.800000 0.000000 0.000000
45000 12 C -8.590177 0.156736 -9.544333 1.530000 0.000000 0.000000
45000 13 P -7.040722 -4.985973 -8.428258 2.110000 -1.000000 0.000000
45000 14 S -6.279608 -7.472613 -11.400780 1.800000 0.000000 0.000000
45000 15 T -3.969523 -5.393424 -12.598306 1.530000 0.000000 0.000000
45000 16 P -4.543247 -10.932242 -10.703665 2.110000 -1.000000 0.000000
45000 17 S -3.810004 -9.942965 -7.025457 1.800000 0.000000 0.000000
45000 18 A -7.161491 -10.107731 -5.441743 1.530000 0.000000 0.000000
45000 19 P -2.510309 -12.301394 -3.977000 2.110000 -1.000000 0.000000
45000 20 S -3.434920 -15.949706 -5.173191 1.800000 0.000000 0.000000
45000 21 G -0.953279 -16.200890 -7.645484 1.530000 0.000000 0.000000
45000 22 P -2.548119 -19.508171 -3.769955 2.110000 -1.000000 0.000000
45000 23 S 0.710545 -18.592306 -1.540999 1.800000 0.000000 0.000000
45000 24 T -0.194435 -16.786180 1.396662 1.530000 0.000000 0.000000
45000 25 P 1.992822 -21.606255 0.715839 2.110000 -1.000000 0.000000
45000 26 S 3.237432 -21.034821 4.244695 1.800000 0.000000 0.000000
45000 27 T 1.784391 -19.919760 7.486891 1.530000 0.000000 0.000000
45000 28 P -0.518276 -19.465265 4.070149 2.110000 -1.000000 0.000000
45000 29 S 2.085571 -16.452829 3.781847 1.800000 0.000000 0.000000
45000 30 A 3.755343 -16.849922 0.918259 1.530000 0.000000 0.000000
45000 31 P 1.385560 -12.556105 2.817905 2.110000 -1.000000 0.000000
45000 32 S -1.675990 -12.900740 0.425085 1.800000 0.000000 0.000000
45000 33 T -4.561006 -13.743201 2.565168 1.530000 0.000000 0.000000
45000 34 P -3.954602 -10.101767 -1.363909 2.110000 -1.000000 0.000000
45000 35 S -2.501298 -7.975330 1.673420 1.800000 0.000000 0.000000
45000 36 A 0.197304 -7.820497 -0.592506 1.530000 0.000000 0.000000
45000 37 P -3.724612 -4.243537 1.437744 2.110000 -1.000000 0.000000
45000 38 S -1.236199 -1.790720 -0.200000 1.800000 0.000000 0.000000
45000 39 G -1.252725 -3.174148 -3.311749 1.530000 0.000000 0.000000
45000 40 P -3.034914 1.438018 -1.542619 2.110000 -1.000000 0.000000
45000 41 S -1.810870 2.339007 -5.213157 1.800000 0.000000 0.000000
45000 42 G -3.019193 -0.339442 -7.319444 1.530000 0.000000 0.000000
45000 43 P -3.404423 4.883373 -7.656771 2.110000 -1.000000 0.000000
45000 44 S -3.925324 4.088614 -11.467827 1.800000 0.000000 0.000000
45000 45 A -6.109602 1.835222 -12.410655 1.530000 0.000000 0.000000
45000 46 P -5.573934 7.263089 -12.956815 2.110000 -1.000000 0.000000
45000 47 S -7.876567 7.622469 -9.621950 1.800000 0.000000 0.000000
45000 48 T -6.152627 8.398806 -6.724566 1.530000 0.000000 0.000000
45000 49 P -9.695310 10.921556 -9.872771 2.110000 -1.000000 0.000000
50000 1 P -11.540006 15.971958 -23.199259 2.110000 -1.000000 0.000000
50000 2 S -13.688728 12.757636 -22.345840 1.800000 0.000000 0.000000
50000 3 A -17.249525 13.677811 -21.770452 1.530000 0.000000 0.000000
50000 4 P -13.905052 9.626414 -19.816833 2.110000 -1.000000 0.000000
50000 5 S -14.708972 5.786210 -20.567854 1.800000 0.000000 0.000000
50000 6 T -11.817817 3.993041 -22.153374 1.530000 0.000000 0.000000
50000 7 P -14.544502 3.205423 -17.537540 2.110000 -1.000000 0.000000
50000 8 S -11.948225 0.379462 -18.578590 1.800000 0.000000 0.000000
50000 9 C -8.425886 1.356613 -19.350237 1.530000 0.000000 0.000000
50000 10 P -11.832316 -2.115144 -15.476671 2.110000 -1.000000 0.000000
50000 11 S -8.564639 -3.969521 -14.382371 1.800000 0.000000 0.000000
50000 12 C -6.165484 -1.459252 -13.201349 1.530000 0.000000 0.000000
50000 13 P -7.062292 -6.093578 -11.357755 2.110000 -1.000000 0.000000
50000 14 S -3.302216 -4.761992 -11.295410 1.800000 0.000000 0.000000
50000 15 T -3.960952 -1.921623 -9.463728 1.530000 0.000000 0.000000
50000 16 P -2.362065 -6.374110 -7.837587 2.110000 -1.000000 0.000000
50000 17 S -5.680516 -7.411773 -5.965984 1.800000 0.000000 0.000000
50000 18 A -8.134388 -9.809958 -6.466234 1.530000 0.000000 0.000000
50000 19 P -3.798146 -9.937725 -3.439154 2.110000 -1.000000 0.000000
50000 20 S -6.898123 -12.392443 -3.534983 1.800000 0.000000 0.000000
50000 21 G -6.519004 -13.752313 -6.774546 1.530000 0.000000 0.000000
50000 22 P -5.891078 -15.826410 -1.698642 2.110000 -1.000000 0.000000
50000 23 S -2.147424 -15.628324 -1.058704 1.800000 0.000000 0.000000
50000 24 T -2.410080 -13.268129 1.566041 1.530000 0.000000 0.000000
50000 25 P -2.874103 -18.891436 1.144941 2.110000 -1.000000 0.000000
50000 26 S -1.269949 -19.484335 4.877105 1.800000 0.000000 0.000000
50000 27 T -2.449287 -19.355371 8.454895 1.530000 0.000000 0.000000
50000 28 P -2.130187 -15.601226 4.727093 2.110000 -1.000000 0.000000
50000 29 S 0.322211 -12.643017 5.653296 1.800000 0.000000 0.000000
50000 30 A 2.825882 -13.107471 2.916869 1.530000 0.000000 0.000000
50000 31 P -0.277799 -8.694818 4.773056 2.110000 -1.000000 0.000000
50000 32 S -3.189046 -8.182771 2.159513 1.800000 0.000000 0.000000
50000 33 T -5.362528 -9.257758 4.907979 1.530000 0.000000 0.000000
50000 34 P -5.508842 -5.476272 0.243053 2.110000 -1.000000 0.000000
50000 35 S -3.987592 -1.997846 1.850203 1.800000 0.000000 0.000000
50000 36 A -0.770532 -1.183732 0.525550 1.530000 0.000000 0.000000
50000 37 P -6.217053 -0.431159 -1.019506 2.110000 -1.000000 0.000000
50000 38 S -3.952597 2.211462 -2.830050 1.800000 0.000000 0.000000
50000 39 G -1.355404 1.402582 -5.032543 1.530000 0.000000 0.000000
50000 40 P -5.228724 4.646490 -5.698998 2.110000 -1.000000 0.000000
50000 41 S -3.611063 5.574223 -9.082110 1.800000 0.000000 0.000000
50000 42 G -3.778608 2.570732 -10.960293 1.530000 0.000000 0.000000
50000 43 P -6.886430 7.657824 -10.078132 2.110000 -1.000000 0.000000
50000 44 S -6.415833 6.278929 -13.953774 1.800000 0.000000 0.000000
50000 45 A -7.406367 2.862491 -14.270451 1.530000 0.000000 0.000000
50000 46 P -10.140150 7.305140 -14.786572 2.110000 -1.000000 0.000000
50000 47 S -12.201570 7.131427 -11.359566 1.800000 0.000000 0.000000
50000 48 T -10.839181 10.186896 -9.668650 1.530000 0.000000 0.000000
50000 49 P -15.904473 8.705697 -11.519755 2.110000 -1.000000 0.000000
