35000 1 P -22.815907 -22.006512 3.029297 2.110000 -1.000000 0.000000
35000 2 S -24.020895 -21.540295 -0.718107 1.800000 0.000000 0.000000
35000 3 A -23.005283 -24.832697 -1.644972 1.530000 0.000000 0.000000
35000 4 P -21.800030 -19.661467 -3.389909 2.110000 -1.000000 0.000000
35000 5 S -24.983164 -20.732882 -5.547659 1.800000 0.000000 0.000000
35000 6 T -27.323097 -18.110714 -4.841634 1.530000 0.000000 0.000000
35000 7 P -23.318388 -18.290232 -8.247586 2.110000 -1.000000 0.000000
35000 8 S -26.123882 -15.545048 -7.848319 1.800000 0.000000 0.000000
35000 9 C -26.282484 -13.860092 -4.738623 1.530000 0.000000 0.000000
35000 10 P -24.715008 -12.514642 -9.742830 2.110000 -1.000000 0.000000
35000 11 S -26.286060 -9.263965 -7.878341 1.800000 0.000000 0.000000
35000 12 C -24.219629 -9.046206 -5.040009 1.530000 0.000000 0.000000
35000 13 P -24.203186 -6.393807 -9.828214 2.110000 -1.000000 0.000000
35000 14 S -23.025526 -4.460990 -6.656508 1.800000 0.000000 0.000000
35000 15 T -21.092966 -6.020803 -4.441869 1.530000 0.000000 0.000000
35000 16 P -20.451164 -1.500861 -7.369495 2.110000 -1.000000 0.000000
35000 17 S -18.324598 -2.828281 -4.300934 1.800000 0.000000 0.000000
35000 18 A -16.515141 -5.818514 -5.115877 1.530000 0.000000 0.000000
35000 19 P -14.688398 -1.412411 -3.654092 2.110000 -1.000000 0.000000
35000 20 S -12.439162 -4.567991 -3.757458 1.800000 0.000000 0.000000
35000 21 G -12.754128 -5.338537 -7.139327 1.530000 0.000000 0.000000
35000 22 P -8.511200 -5.434847 -3.393302 2.110000 -1.000000 0.000000
35000 23 S -6.545688 -2.544187 -5.135099 1.800000 0.000000 0.000000
35000 24 T -8.051833 -0.149440 -2.866476 1.530000 0.000000 0.000000
35000 25 P -3.280424 -4.125544 -3.524550 2.110000 -1.000000 0.000000
35000 26 S -0.874989 -2.246112 -1.060617 1.800000 0.000000 0.000000
35000 27 T -0.896250 -1.725966 2.527447 1.530000 0.000000 0.000000
35000 28 P -4.465185 -2.695482 0.140556 2.110000 -1.000000 0.000000
35000 29 S -4.951159 1.117148 1.219568 1.800000 0.000000 0.000000
35000 30 A -5.210279 3.448111 -1.436599 1.530000 0.000000 0.000000
35000 31 P -8.816278 1.380849 1.992163 2.110000 -1.000000 0.000000
35000 32 S -9.720432 -1.861226 0.066492 1.800000 0.000000 0.000000
35000 33 T -8.501597 -4.080105 2.589808 1.530000 0.000000 0.000000
35000 34 P -13.219122 -3.268219 0.297260 2.110000 -1.000000 0.000000
35000 35 S -14.739143 -0.937323 3.206367 1.800000 0.000000 0.000000
35000 36 A -14.827105 2.240460 1.742790 1.530000 0.000000 0.000000
35000 37 P -18.301901 -0.452164 4.860638 2.110000 -1.000000 0.000000
35000 38 S -20.999260 -0.877802 1.905388 1.800000 0.000000 0.000000
35000 39 G -20.914236 -4.070952 -0.065079 1.530000 0.000000 0.000000
35000 40 P -24.720274 -1.788190 2.686219 2.110000 -1.000000 0.000000
35000 41 S -27.083344 -3.993984 0.691163 1.800000 0.000000 0.000000
35000 42 G -25.555754 -7.135382 1.127505 1.530000 0.000000 0.000000
35000 43 P -30.004793 -5.343163 2.813784 2.110000 -1.000000 0.000000
35000 44 S -30.844805 -9.372174 2.704343 1.800000 0.000000 0.000000
35000 45 A -28.465769 -11.434593 4.080843 1.530000 0.000000 0.000000
35000 46 P -33.143906 -10.517313 5.637106 2.110000 -1.000000 0.000000
35000 47 S -31.396627 -13.817634 7.091980 1.800000 0.000000 0.000000
35000 48 T -28.783361 -12.049600 8.282577 1.530000 0.000000 0.000000
35000 49 P -31.534365 -16.060160 10.440908 2.110000 -1.000000 0.000000
40000 1 P -27.056519 -7.983562 18.437950 2.110000 -1.000000 0.000000
40000 2 S -28.148123 -10.726053 15.806509 1.800000 0.000000 0.000000
40000 3 A -25.660883 -12.965909 16.989838 1.530000 0.000000 0.000000
40000 4 P -27.626080 -9.732141 12.185944 2.110000 -1.000000 0.000000
40000 5 S -29.709923 -10.732516 9.067323 1.800000 0.000000 0.000000
40000 6 T -32.837437 -8.976044 8.840376 1.530000 0.000000 0.000000
40000 7 P -29.303288 -8.840555 5.675987 2.110000 -1.000000 0.000000
40000 8 S -32.399124 -7.952703 3.521357 1.800000 0.000000 0.000000
40000 9 C -33.623104 -5.008753 5.515891 1.530000 0.000000 0.000000
40000 10 P -30.850670 -5.167789 1.054710 2.110000 -1.000000 0.000000
40000 11 S -32.924648 -2.091990 1.980245 1.800000 0.000000 0.000000
40000 12 C -31.468155 -0.672971 4.712182 1.530000 0.000000 0.000000
40000 13 P -30.156540 -0.651968 -0.198349 2.110000 -1.000000 0.000000
40000 14 S -28.005310 1.820003 2.003435 1.800000 0.000000 0.000000
40000 15 T -26.504883 0.592730 4.889034 1.530000 0.000000 0.000000
40000 16 P -24.596319 3.088720 1.353899 2.110000 -1.000000 0.000000
40000 17 S -23.577749 2.353359 5.046047 1.800000 0.000000 0.000000
40000 18 A -22.757502 -1.174233 5.481168 1.530000 0.000000 0.000000
40000 19 P -19.994596 2.205746 6.808619 2.110000 -1.000000 0.000000
40000 20 S -19.669857 -1.257119 8.583797 1.800000 0.000000 0.000000
40000 21 G -19.134930 -3.336813 5.616990 1.530000 0.000000 0.000000
40000 22 P -15.788667 -2.128947 9.424913 2.110000 -1.000000 0.000000
40000 23 S -13.213375 0.076240 7.606356 1.800000 0.000000 0.000000
40000 24 T -13.160358 3.251803 8.424511 1.530000 0.000000 0.000000
40000 25 P -9.686937 -0.891044 9.042653 2.110000 -1.000000 0.000000
40000 26 S -7.383252 2.366905 9.214384 1.800000 0.000000 0.000000
40000 27 T -7.407692 4.885253 11.966568 1.530000 0.000000 0.000000
40000 28 P -10.702298 3.475013 11.194495 2.110000 -1.000000 0.000000
40000 29 S -10.092516 6.980168 9.507942 1.800000 0.000000 0.000000
40000 30 A -10.418017 7.171373 6.022904 1.530000 0.000000 0.000000
40000 31 P -13.603560 8.673247 9.907941 2.110000 -1.000000 0.000000
40000 32 S -15.550243 5.335223 10.022322 1.800000 0.000000 0.000000
40000 33 T -14.476088 4.370080 13.214870 1.530000 0.000000 0.000000
40000 34 P -18.998535 3.454657 10.456554 2.110000 -1.000000 0.000000
40000 35 S -20.323723 6.737135 12.317854 1.800000 0.000000 0.000000
40000 36 A -21.187010 8.583822 9.530787 1.530000 0.000000 0.000000
40000 37 P -24.170820 7.639600 13.275241 2.110000 -1.000000 0.000000
40000 38 S -25.361643 7.511631 9.504308 1.800000 0.000000 0.000000
40000 39 G -25.663824 4.026345 9.533715 1.530000 0.000000 0.000000
40000 40 P -29.131027 7.642274 9.406580 2.110000 -1.000000 0.000000
40000 41 S -31.505041 4.785450 7.795590 1.800000 0.000000 0.000000
40000 42 G -31.373621 1.955615 9.748426 1.530000 0.000000 0.000000
40000 43 P -35.406078 4.275115 8.086084 2.110000 -1.000000 0.000000
40000 44 S -37.284508 0.881999 8.210642 1.800000 0.000000 0.000000
40000 45 A -37.239674 -1.160732 11.199398 1.530000 0.000000 0.000000
40000 46 P -40.970207 1.700859 9.176266 2.110000 -1.000000 0.000000
40000 47 S -41.052334 5.442851 10.564551 1.800000 0.000000 0.000000
40000 48 T -40.269997 6.462760 7.132787 1.530000 0.000000 0.000000
40000 49 P -44.342503 7.381306 11.291447 2.110000 -1.000000 0.000000
45000 1 P -28.088165 -20.052319 20.981056 2.110000 -1.000000 0.000000
45000 2 S -30.322319 -22.254004 18.776230 1.800000 0.000000 0.000000
45000 3 A -29.150377 -24.757883 16.474350 1.530000 0.000000 0.000000
45000 4 P -30.818865 -20.018175 15.767696 2.110000 -1.000000 0.000000
45000 5 S -34.371582 -19.426497 13.957828 1.800000 0.000000 0.000000
45000 6 T -36.184982 -17.341833 16.358828 1.530000 0.000000 0.000000
45000 7 P -34.186043 -16.428226 11.439225 2.110000 -1.000000 0.000000
45000 8 S -37.557419 -14.291053 11.349266 1.800000 0.000000 0.000000
45000 9 C -38.557560 -12.070301 13.950291 1.530000 0.000000 0.000000
45000 10 P -35.011696 -11.868711 9.466858 2.110000 -1.000000 0.000000
45000 11 S -34.512489 -7.969501 10.057838 1.800000 0.000000 0.000000
45000 12 C -32.915524 -7.231475 13.113358 1.530000 0.000000 0.000000
45000 13 P -31.894577 -5.431334 8.463897 2.110000 -1.000000 0.000000
45000 14 S -30.323101 -3.183776 11.350243 1.800000 0.000000 0.000000
45000 15 T -27.857626 -5.060201 13.206193 1.530000 0.000000 0.000000
45000 16 P -27.068296 -1.997605 9.337924 2.110000 -1.000000 0.000000
45000 17 S -24.326683 -1.433808 12.265534 1.800000 0.000000 0.000000
45000 18 A -23.318377 -4.567935 13.592824 1.530000 0.000000 0.000000
45000 19 P -20.530632 -0.715656 13.401442 2.110000 -1.000000 0.000000
45000 20 S -19.207697 -3.346123 16.135984 1.800000 0.000000 0.000000
45000 21 G -18.926500 -6.447299 14.321507 1.530000 0.000000 0.000000
45000 22 P -15.733461 -3.627585 17.522821 2.110000 -1.000000 0.000000
45000 23 S -12.164203 -3.004290 15.995623 1.800000 0.000000 0.000000
45000 24 T -11.887929 0.316826 16.731998 1.530000 0.000000 0.000000
45000 25 P -11.048805 -3.081762 19.906149 2.110000 -1.000000 0.000000
45000 26 S -9.208552 0.338660 20.391928 1.800000 0.000000 0.000000
45000 27 T -10.462186 3.120304 22.138344 1.530000 0.000000 0.000000
45000 28 P -11.689047 3.237286 18.852043 2.110000 -1.000000 0.000000
45000 29 S -12.470659 6.628985 16.783894 1.800000 0.000000 0.000000
45000 30 A -10.945770 5.513447 13.911719 1.530000 0.000000 0.000000
45000 31 P -16.254026 7.238808 16.022387 2.110000 -1.000000 0.000000
45000 32 S -16.858538 3.532646 16.995186 1.800000 0.000000 0.000000
45000 33 T -16.772476 2.697837 20.511665 1.530000 0.000000 0.000000
45000 34 P -20.407217 1.534653 17.592855 2.110000 -1.000000 0.000000
45000 35 S -23.318119 3.988710 18.653214 1.800000 0.000000 0.000000
45000 36 A -24.062759 6.125527 16.097502 1.530000 0.000000 0.000000
45000 37 P -27.241449 3.411767 18.088873 2.110000 -1.000000 0.000000
45000 38 S -28.025953 1.507104 14.974806 1.800000 0.000000 0.000000
45000 39 G -27.536907 -1.650229 16.118650 1.530000 0.000000 0.000000
45000 40 P -31.989597 0.860744 15.147296 2.110000 -1.000000 0.000000
45000 41 S -33.479332 -2.664246 13.901420 1.800000 0.000000 0.000000
45000 42 G -32.512489 -5.397188 16.311172 1.530000 0.000000 0.000000
45000 43 P -37.112732 -4.184047 14.414498 2.110000 -1.000000 0.000000
45000 44 S -36.572903 -8.002511 14.695070 1.800000 0.000000 0.000000
45000 45 A -34.980225 -8.925147 17.754036 1.530000 0.000000 0.000000
45000 46 P -39.815220 -9.367722 16.109909 2.110000 -1.000000 0.000000
45000 47 S -41.534031 -7.229205 19.010735 1.800000 0.000000 0.000000
45000 48 T -43.457699 -4.912883 16.718456 1.530000 0.000000 0.000000
45000 49 P -44.854385 -8.439656 20.224417 2.110000 -1.000000 0.000000
50000 1 P -40.469200 -23.689404 29.294230 2.110000 -1.000000 0.000000
50000 2 S -37.934601 -24.515940 26.309814 1.800000 0.000000 0.000000
50000 3 A -38.612343 -27.807892 25.700045 1.530000 0.000000 0.000000
50000 4 P -33.928612 -24.489462 26.257019 2.110000 -1.000000 0.000000
50000 5 S -34.117466 -23.675070 22.344498 1.800000 0.000000 0.000000
50000 6 T -35.131062 -20.351881 21.761999 1.530000 0.000000 0.000000
50000 7 P -30.940147 -22.147455 20.647903 2.110000 -1.000000 0.000000
50000 8 S -31.414391 -19.658020 17.691565 1.800000 0.000000 0.000000
50000 9 C -32.798088 -16.623594 19.230959 1.530000 0.000000 0.000000
50000 10 P -28.723324 -17.517094 15.722259 2.110000 -1.000000 0.000000
50000 11 S -29.758537 -13.802178 16.388819 1.800000 0.000000 0.000000
50000 12 C -29.090357 -11.886898 19.398844 1.530000 0.000000 0.000000
50000 13 P -26.409018 -11.921864 15.241358 2.110000 -1.000000 0.000000
50000 14 S -25.824806 -8.147906 16.727198 1.800000 0.000000 0.000000
50000 15 T -25.081570 -9.035394 19.997023 1.530000 0.000000 0.000000
50000 16 P -22.527037 -6.022179 16.099447 2.110000 -1.000000 0.000000
50000 17 S -21.705275 -5.115577 19.909870 1.800000 0.000000 0.000000
50000 18 A -20.976271 -8.411864 21.057302 1.530000 0.000000 0.000000
50000 19 P -18.134823 -3.517416 21.538464 2.110000 -1.000000 0.000000
50000 20 S -17.851751 -5.902685 24.637100 1.800000 0.000000 0.000000
50000 21 G -17.118250 -9.336224 23.447491 1.530000 0.000000 0.000000
50000 22 P -15.337831 -6.155794 27.687441 2.110000 -1.000000 0.000000
50000 23 S -11.580794 -4.833912 28.142635 1.800000 0.000000 0.000000
50000 24 T -12.129129 -1.504063 28.002960 1.530000 0.000000 0.000000
50000 25 P -11.771753 -4.844657 32.013588 2.110000 -1.000000 0.000000
50000 26 S -12.007327 -1.000183 32.286232 1.800000 0.000000 0.000000
50000 27 T -15.223934 0.850993 32.925587 1.530000 0.000000 0.000000
50000 28 P -14.947735 -0.258315 29.830132 2.110000 -1.000000 0.000000
50000 29 S -14.180263 3.195537 28.164635 1.800000 0.000000 0.000000
50000 30 A -12.168800 2.335957 25.595058 1.530000 0.000000 0.000000
50000 31 P -17.112736 3.351013 25.464554 2.110000 -1.000000 0.000000
50000 32 S -17.621363 -0.604964 25.806211 1.800000 0.000000 0.000000
50000 33 T -19.311701 -1.032510 28.919857 1.530000 0.000000 0.000000
50000 34 P -20.508165 -3.077613 24.396976 2.110000 -1.000000 0.000000
50000 35 S -22.613384 0.264964 24.420567 1.800000 0.000000 0.000000
50000 36 A -21.164673 2.309012 21.951075 1.530000 0.000000 0.000000
50000 37 P -25.986315 1.063394 22.579182 2.110000 -1.000000 0.000000
50000 38 S -26.084476 -1.470901 19.663404 1.800000 0.000000 0.000000
50000 39 G -25.975634 -4.851764 21.037745 1.530000 0.000000 0.000000
50000 40 P -29.319450 -2.162617 17.606623 2.110000 -1.000000 0.000000
50000 41 S -29.238777 -5.898438 16.315716 1.800000 0.000000 0.000000
50000 42 G -29.773409 -7.452044 19.524368 1.530000 0.000000 0.000000
50000 43 P -32.551247 -7.571546 14.752641 2.110000 -1.000000 0.000000
50000 44 S -34.023361 -10.846308 16.220238 1.800000 0.000000 0.000000
50000 45 A -36.200733 -11.414951 18.805351 1.530000 0.000000 0.000000
50000 46 P -37.320805 -11.968579 14.574366 2.110000 -1.000000 0.000000
50000 47 S -40.239128 -9.580602 13.772230 1.800000 0.000000 0.000000
50000 48 T -38.866264 -7.867733 11.243837 1.530000 0.000000 0.000000
50000 49 P -43.408333 -10.704697 11.684810 2.110000 -1.000000 0.000000
