35000 1 P -1.415082 1.847317 -6.237502 2.110000 -1.000000 0.000000
35000 2 S -4.864255 0.807591 -4.750556 1.800000 0.000000 0.000000
35000 3 A -6.903012 2.806213 -6.927369 1.530000 0.000000 0.000000
35000 4 P -5.198519 0.993905 -0.876708 2.110000 -1.000000 0.000000
35000 5 S -7.628872 -1.973001 -0.324084 1.800000 0.000000 0.000000
35000 6 T -6.033276 -5.134158 -0.519263 1.530000 0.000000 0.000000
35000 7 P -7.730409 -3.161262 3.393189 2.110000 -1.000000 0.000000
35000 8 S -4.126033 -1.668076 3.977506 1.800000 0.000000 0.000000
35000 9 C -4.702177 1.991778 4.316624 1.530000 0.000000 0.000000
35000 10 P -3.962685 -1.935383 7.768544 2.110000 -1.000000 0.000000
35000 11 S -1.966730 0.974090 9.409734 1.800000 0.000000 0.000000
35000 12 C -4.175722 3.611420 8.588233 1.530000 0.000000 0.000000
35000 13 P -1.011866 2.535640 13.037420 2.110000 -1.000000 0.000000
35000 14 S -1.580112 6.344069 11.980866 1.800000 0.000000 0.000000
35000 15 T -4.853549 7.300168 11.471806 1.530000 0.000000 0.000000
35000 16 P -1.865901 8.632484 15.218187 2.110000 -1.000000 0.000000
35000 17 S -3.573745 6.065855 17.584377 1.800000 0.000000 0.000000
35000 18 A -1.333912 3.213848 18.411856 1.530000 0.000000 0.000000
35000 19 P -3.935866 6.816952 21.436827 2.110000 -1.000000 0.000000
35000 20 S -3.481345 3.651305 23.883163 1.800000 0.000000 0.000000
35000 21 G 0.062053 2.577899 23.395649 1.530000 0.000000 0.000000
35000 22 P -3.257167 3.077689 27.812666 2.110000 -1.000000 0.000000
35000 23 S -2.256690 6.727808 29.287542 1.800000 0.000000 0.000000
35000 24 T -5.415030 7.820181 28.055338 1.530000 0.000000 0.000000
35000 25 P -2.508703 7.556519 33.219112 2.110000 -1.000000 0.000000
35000 26 S -5.020336 10.791895 33.666233 1.800000 0.000000 0.000000
35000 27 T -8.366014 11.354119 34.570633 1.530000 0.000000 0.000000
35000 28 P -7.848074 8.967080 31.293730 2.110000 -1.000000 0.000000
35000 29 S -8.901703 11.602367 28.610653 1.800000 0.000000 0.000000
35000 30 A -6.393077 12.521208 26.376150 1.530000 0.000000 0.000000
35000 31 P -10.632014 10.896654 25.063196 2.110000 -1.000000 0.000000
35000 32 S -8.725044 7.451452 24.894327 1.800000 0.000000 0.000000
35000 33 T -11.070395 5.880721 27.009010 1.530000 0.000000 0.000000
35000 34 P -8.846895 4.725690 22.046846 2.110000 -1.000000 0.000000
35000 35 S -11.746443 4.211500 19.459965 1.800000 0.000000 0.000000
35000 36 A -11.912423 6.617387 16.895861 1.530000 0.000000 0.000000
35000 37 P -10.830677 1.581946 16.908831 2.110000 -1.000000 0.000000
35000 38 S -6.952316 0.690384 16.839127 1.800000 0.000000 0.000000
35000 39 G -5.320969 -1.214331 19.488054 1.530000 0.000000 0.000000
35000 40 P -5.403258 -2.250518 14.861817 2.110000 -1.000000 0.000000
35000 41 S -8.474154 -4.666644 15.085870 1.800000 0.000000 0.000000
35000 42 G -11.547856 -4.181146 13.185714 1.530000 0.000000 0.000000
35000 43 P -7.799869 -7.490742 12.579657 2.110000 -1.000000 0.000000
35000 44 S -11.096459 -7.526335 10.346048 1.800000 0.000000 0.000000
35000 45 A -11.086654 -4.596517 8.480684 1.530000 0.000000 0.000000
35000 46 P -9.869986 -9.827781 7.479243 2.110000 -1.000000 0.000000
35000 47 S -11.357678 -7.962091 4.275958 1.800000 0.000000 0.000000
35000 48 T -8.704874 -5.690990 4.942486 1.530000 0.000000 0.000000
35000 49 P -9.715233 -9.817762 1.102327 2.110000 -1.000000 0.000000
40000 1 P 6.506950 3.006137 -13.447016 2.110000 -1.000000 0.000000
40000 2 S 4.580612 2.068378 -10.129923 1.800000 0.000000 0.000000
40000 3 A 1.603152 4.087545 -10.038982 1.530000 0.000000 0.000000
40000 4 P 4.995994 3.011714 -6.257708 2.110000 -1.000000 0.000000
40000 5 S 2.305651 0.759561 -4.551600 1.800000 0.000000 0.000000
40000 6 T 3.541428 -2.477479 -4.804260 1.530000 0.000000 0.000000
40000 7 P 3.412732 0.377508 -0.751274 2.110000 -1.000000 0.000000
40000 8 S 6.776061 1.485638 1.079444 1.800000 0.000000 0.000000
40000 9 C 7.206681 4.988493 1.650181 1.530000 0.000000 0.000000
40000 10 P 5.993186 1.098612 4.793336 2.110000 -1.000000 0.000000
40000 11 S 7.214717 4.331529 6.897201 1.800000 0.000000 0.000000
40000 12 C 4.777814 6.213610 5.622757 1.530000 0.000000 0.000000
40000 13 P 6.161688 5.316151 10.520184 2.110000 -1.000000 0.000000
40000 14 S 4.603693 8.723419 9.220048 1.800000 0.000000 0.000000
40000 15 T 1.520375 9.038319 7.190775 1.530000 0.000000 0.000000
40000 16 P 3.026272 10.975061 11.984962 2.110000 -1.000000 0.000000
40000 17 S 1.442065 7.732392 13.718349 1.800000 0.000000 0.000000
40000 18 A 4.080936 5.528829 15.235724 1.530000 0.000000 0.000000
40000 19 P 0.289270 8.288999 17.340528 2.110000 -1.000000 0.000000
40000 20 S 1.016968 6.229173 20.599657 1.800000 0.000000 0.000000
40000 21 G 4.350823 6.781060 21.485704 1.530000 0.000000 0.000000
40000 22 P 0.260717 6.784971 24.510109 2.110000 -1.000000 0.000000
40000 23 S -0.118588 10.659635 23.487141 1.800000 0.000000 0.000000
40000 24 T -3.172756 11.466165 21.908775 1.530000 0.000000 0.000000
40000 25 P -1.753102 11.197936 26.978788 2.110000 -1.000000 0.000000
40000 26 S -5.223151 12.770664 25.973875 1.800000 0.000000 0.000000
40000 27 T -8.608038 11.970039 24.544209 1.530000 0.000000 0.000000
40000 28 P -5.362629 9.410067 23.722645 2.110000 -1.000000 0.000000
40000 29 S -6.523558 11.439654 20.774977 1.800000 0.000000 0.000000
40000 30 A -4.025970 13.752309 19.198296 1.530000 0.000000 0.000000
40000 31 P -7.425202 9.227611 17.724152 2.110000 -1.000000 0.000000
40000 32 S -4.282002 7.176602 18.784481 1.800000 0.000000 0.000000
40000 33 T -4.118941 5.132801 21.752333 1.530000 0.000000 0.000000
40000 34 P -3.085884 3.935928 16.776339 2.110000 -1.000000 0.000000
40000 35 S -6.436120 2.603239 15.201381 1.800000 0.000000 0.000000
40000 36 A -8.458298 4.080963 12.781364 1.530000 0.000000 0.000000
40000 37 P -4.819125 -0.099639 12.806040 2.110000 -1.000000 0.000000
40000 38 S -2.685830 3.333498 12.617182 1.800000 0.000000 0.000000
40000 39 G -0.097597 4.917675 14.774606 1.530000 0.000000 0.000000
40000 40 P 0.790152 3.423265 10.785627 2.110000 -1.000000 0.000000
40000 41 S 2.916339 0.194939 11.147947 1.800000 0.000000 0.000000
40000 42 G 0.696352 -2.306839 9.319688 1.530000 0.000000 0.000000
40000 43 P 6.569454 -0.565469 9.987814 2.110000 -1.000000 0.000000
40000 44 S 6.756307 -4.145504 8.290898 1.800000 0.000000 0.000000
40000 45 A 4.996029 -4.116339 5.312335 1.530000 0.000000 0.000000
40000 46 P 10.178395 -5.175597 7.065127 2.110000 -1.000000 0.000000
40000 47 S 9.439748 -5.409589 3.105778 1.800000 0.000000 0.000000
40000 48 T 9.550235 -1.967729 2.355980 1.530000 0.000000 0.000000
40000 49 P 13.081019 -6.013543 1.263824 2.110000 -1.000000 0.000000
45000 1 P 7.645684 -10.865973 -6.780188 2.110000 -1.000000 0.000000
45000 2 S 4.088240 -11.718287 -5.225980 1.800000 0.000000 0.000000
45000 3 A 1.866227 -9.355485 -6.211882 1.530000 0.000000 0.000000
45000 4 P 3.672486 -11.264266 -1.336254 2.110000 -1.000000 0.000000
45000 5 S 0.853769 -13.548072 -0.105313 1.800000 0.000000 0.000000
45000 6 T 1.961550 -17.013308 0.424418 1.530000 0.000000 0.000000
45000 7 P 1.272739 -13.394040 3.891185 2.110000 -1.000000 0.000000
45000 8 S 4.561473 -11.629928 5.362700 1.800000 0.000000 0.000000
45000 9 C 5.007578 -7.987923 4.875132 1.530000 0.000000 0.000000
45000 10 P 4.342206 -10.586989 9.235039 2.110000 -1.000000 0.000000
45000 11 S 5.518317 -6.901640 9.874807 1.800000 0.000000 0.000000
45000 12 C 3.290676 -4.436800 8.528638 1.530000 0.000000 0.000000
45000 13 P 4.971949 -5.116525 13.382972 2.110000 -1.000000 0.000000
45000 14 S 4.444131 -1.408971 12.004218 1.800000 0.000000 0.000000
45000 15 T 1.257913 -1.863810 10.442850 1.530000 0.000000 0.000000
45000 16 P 3.194391 1.098631 14.651595 2.110000 -1.000000 0.000000
45000 17 S 1.371898 -0.334886 17.961544 1.800000 0.000000 0.000000
45000 18 A 3.436172 -2.093066 20.490286 1.530000 0.000000 0.000000
45000 19 P 0.807645 3.069062 20.173763 2.110000 -1.000000 0.000000
45000 20 S 1.350486 1.171006 23.786798 1.800000 0.000000 0.000000
45000 21 G 4.934711 0.627623 24.657412 1.530000 0.000000 0.000000
45000 22 P 1.728375 3.503330 26.755142 2.110000 -1.000000 0.000000
45000 23 S 2.264180 7.516032 26.788794 1.800000 0.000000 0.000000
45000 24 T -0.996174 8.077032 25.668739 1.530000 0.000000 0.000000
45000 25 P 1.276709 8.690470 30.364296 2.110000 -1.000000 0.000000
45000 26 S -0.918770 11.936954 30.602848 1.800000 0.000000 0.000000
45000 27 T -4.127586 13.185378 30.994616 1.530000 0.000000 0.000000
45000 28 P -2.840842 9.825295 27.811470 2.110000 -1.000000 0.000000
45000 29 S -4.466035 10.867142 24.422535 1.800000 0.000000 0.000000
45000 30 A -1.120426 11.344669 23.353165 1.530000 0.000000 0.000000
45000 31 P -5.595356 8.062111 22.093723 2.110000 -1.000000 0.000000
45000 32 S -2.706520 5.908048 23.262436 1.800000 0.000000 0.000000
45000 33 T -4.138347 4.561661 26.240784 1.530000 0.000000 0.000000
45000 34 P -3.327853 2.288828 21.623466 2.110000 -1.000000 0.000000
45000 35 S -6.452725 1.237309 19.512941 1.800000 0.000000 0.000000
45000 36 A -6.555799 2.762934 16.454348 1.530000 0.000000 0.000000
45000 37 P -5.981807 -2.379474 17.553194 2.110000 -1.000000 0.000000
45000 38 S -2.074860 -2.860742 16.903309 1.800000 0.000000 0.000000
45000 39 G -0.598954 -3.435633 20.125448 1.530000 0.000000 0.000000
45000 40 P -0.042637 -6.140504 15.903024 2.110000 -1.000000 0.000000
45000 41 S -2.494856 -9.125623 16.704540 1.800000 0.000000 0.000000
45000 42 G -4.310405 -7.566859 14.084175 1.530000 0.000000 0.000000
45000 43 P -1.213199 -12.713506 15.487964 2.110000 -1.000000 0.000000
45000 44 S -3.305362 -14.644678 12.839243 1.800000 0.000000 0.000000
45000 45 A -4.096113 -13.970890 9.255973 1.530000 0.000000 0.000000
45000 46 P -0.891857 -17.691151 12.219489 2.110000 -1.000000 0.000000
45000 47 S -1.167025 -18.531570 8.291901 1.800000 0.000000 0.000000
45000 48 T 0.602928 -15.491983 7.733051 1.530000 0.000000 0.000000
45000 49 P 1.999866 -20.796335 8.052025 2.110000 -1.000000 0.000000
50000 1 P 5.953187 -7.218185 -3.456104 2.110000 -1.000000 0.000000
50000 2 S 2.350972 -7.626927 -1.748294 1.800000 0.000000 0.000000
50000 3 A 0.838133 -4.332454 -1.891109 1.530000 0.000000 0.000000
50000 4 P 2.511714 -7.059146 2.080960 2.110000 -1.000000 0.000000
50000 5 S -0.461647 -8.508459 4.184671 1.800000 0.000000 0.000000
50000 6 T -0.467804 -12.102632 4.189606 1.530000 0.000000 0.000000
50000 7 P -0.813882 -8.818343 7.960336 2.110000 -1.000000 0.000000
50000 8 S 3.033869 -9.856615 8.993588 1.800000 0.000000 0.000000
50000 9 C 4.822748 -6.931521 8.240982 1.530000 0.000000 0.000000
50000 10 P 3.222809 -9.179722 12.918842 2.110000 -1.000000 0.000000
50000 11 S 6.308745 -6.719733 13.174184 1.800000 0.000000 0.000000
50000 12 C 4.845923 -3.771674 11.289414 1.530000 0.000000 0.000000
50000 13 P 7.129146 -4.769796 16.479448 2.110000 -1.000000 0.000000
50000 14 S 7.325243 -1.750721 14.105857 1.800000 0.000000 0.000000
50000 15 T 3.934365 -0.544863 13.003210 1.530000 0.000000 0.000000
50000 16 P 7.657305 1.533612 16.255806 2.110000 -1.000000 0.000000
50000 17 S 6.455224 0.679719 19.953932 1.800000 0.000000 0.000000
50000 18 A 9.405034 -0.815237 21.492033 1.530000 0.000000 0.000000
50000 19 P 6.914089 3.374107 22.628632 2.110000 -1.000000 0.000000
50000 20 S 8.178960 1.033001 25.625984 1.800000 0.000000 0.000000
50000 21 G 11.302769 -0.560456 25.367716 1.530000 0.000000 0.000000
50000 22 P 8.890098 2.911129 28.993097 2.110000 -1.000000 0.000000
50000 23 S 10.962267 6.203832 28.750158 1.800000 0.000000 0.000000
50000 24 T 9.351617 8.453644 26.497759 1.530000 0.000000 0.000000
50000 25 P 10.299377 7.619978 32.271442 2.110000 -1.000000 0.000000
50000 26 S 8.089363 10.161057 30.174387 1.800000 0.000000 0.000000
50000 27 T 7.547053 6.515263 30.551113 1.530000 0.000000 0.000000
50000 28 P 5.151702 9.679276 27.386248 2.110000 -1.000000 0.000000
50000 29 S 5.434653 12.427678 24.625769 1.800000 0.000000 0.000000
50000 30 A 8.302630 11.984525 22.795586 1.530000 0.000000 0.000000
50000 31 P 2.656471 10.449823 22.447399 2.110000 -1.000000 0.000000
50000 32 S 3.808616 6.998388 24.166355 1.800000 0.000000 0.000000
50000 33 T 3.099488 6.211829 27.601662 1.530000 0.000000 0.000000
50000 34 P 1.501830 3.776127 23.360672 2.110000 -1.000000 0.000000
50000 35 S -2.197630 3.180902 22.282171 1.800000 0.000000 0.000000
50000 36 A -1.857815 3.162808 18.671476 1.530000 0.000000 0.000000
50000 37 P -2.505361 -0.648015 21.853146 2.110000 -1.000000 0.000000
50000 38 S 0.815615 -2.457678 20.786016 1.800000 0.000000 0.000000
50000 39 G 2.974834 -1.161238 23.226736 1.530000 0.000000 0.000000
50000 40 P 1.922654 -6.214173 20.302471 2.110000 -1.000000 0.000000
50000 41 S 0.258503 -9.435444 21.770782 1.800000 0.000000 0.000000
50000 42 G -2.613784 -9.054426 19.584471 1.530000 0.000000 0.000000
50000 43 P 2.432167 -12.148792 19.927910 2.110000 -1.000000 0.000000
50000 44 S -0.593403 -14.029608 17.866623 1.800000 0.000000 0.000000
50000 45 A -1.672480 -12.045343 15.032982 1.530000 0.000000 0.000000
50000 46 P 1.713649 -16.475916 16.093079 2.110000 -1.000000 0.000000
50000 47 S -0.145920 -15.741788 12.750102 1.800000 0.000000 0.000000
50000 48 T 1.639556 -12.729243 13.107382 1.530000 0.000000 0.000000
50000 49 P 1.462941 -17.238810 9.512226 2.110000 -1.000000 0.000000
