35000 1 P -31.323473 -0.888140 -38.794403 2.110000 -1.000000 0.000000
35000 2 S -27.834066 -2.817119 -39.045097 1.800000 0.000000 0.000000
35000 3 A -27.990391 -5.050231 -41.718491 1.530000 0.000000 0.000000
35000 4 P -26.625475 -5.496148 -36.317867 2.110000 -1.000000 0.000000
35000 5 S -22.747799 -5.777097 -36.048138 1.800000 0.000000 0.000000
35000 6 T -20.653509 -3.563426 -34.342258 1.530000 0.000000 0.000000
35000 7 P -21.726295 -8.470640 -33.401878 2.110000 -1.000000 0.000000
35000 8 S -18.709068 -6.564415 -31.866985 1.800000 0.000000 0.000000
35000 9 C -19.514421 -3.662106 -30.062923 1.530000 0.000000 0.000000
35000 10 P -17.425236 -8.677338 -28.762079 2.110000 -1.000000 0.000000
35000 11 S -16.741610 -6.388494 -25.577116 1.800000 0.000000 0.000000
35000 12 C -20.133209 -6.835809 -25.337418 1.530000 0.000000 0.000000
35000 13 P -16.644396 -7.291144 -21.748234 2.110000 -1.000000 0.000000
35000 14 S -12.943109 -6.549329 -20.815510 1.800000 0.000000 0.000000
35000 15 T -15.423180 -3.989926 -21.175995 1.530000 0.000000 0.000000
35000 16 P -10.415762 -3.824474 -21.115768 2.110000 -1.000000 0.000000
35000 17 S -9.846972 -4.095149 -17.241390 1.800000 0.000000 0.000000
35000 18 A -7.935293 -6.898753 -15.731153 1.530000 0.000000 0.000000
35000 19 P -6.688402 -2.277656 -18.236052 2.110000 -1.000000 0.000000
35000 20 S -4.644058 -4.303558 -15.877922 1.800000 0.000000 0.000000
35000 21 G -5.188191 -6.618065 -18.814133 1.530000 0.000000 0.000000
35000 22 P -0.829222 -5.182949 -15.083393 2.110000 -1.000000 0.000000
35000 23 S -0.130695 -3.265732 -11.728227 1.800000 0.000000 0.000000
35000 24 T -2.347301 -4.562684 -9.503350 1.530000 0.000000 0.000000
35000 25 P 2.750110 -3.581005 -9.142945 2.110000 -1.000000 0.000000
35000 26 S -0.183130 -2.156730 -6.862474 1.800000 0.000000 0.000000
35000 27 T 0.064010 -1.284652 -3.444938 1.530000 0.000000 0.000000
35000 28 P -3.844878 -2.814883 -5.381202 2.110000 -1.000000 0.000000
35000 29 S -5.948413 0.485359 -5.961489 1.800000 0.000000 0.000000
35000 30 A -6.123777 1.601478 -9.454063 1.530000 0.000000 0.000000
35000 31 P -9.816644 -0.087892 -5.943562 2.110000 -1.000000 0.000000
35000 32 S -10.334991 -3.224809 -8.032951 1.800000 0.000000 0.000000
35000 33 T -8.227021 -5.354547 -6.154403 1.530000 0.000000 0.000000
35000 34 P -10.357498 -5.138347 -11.393557 2.110000 -1.000000 0.000000
35000 35 S -13.282882 -7.912611 -10.815948 1.800000 0.000000 0.000000
35000 36 A -16.438887 -6.397275 -10.007449 1.530000 0.000000 0.000000
35000 37 P -14.247857 -9.280257 -14.549888 2.110000 -1.000000 0.000000
35000 38 S -18.119804 -9.329968 -14.033920 1.800000 0.000000 0.000000
35000 39 G -17.438345 -5.859865 -14.896376 1.530000 0.000000 0.000000
35000 40 P -20.462723 -9.787066 -17.260878 2.110000 -1.000000 0.000000
35000 41 S -22.602541 -6.327372 -17.519255 1.800000 0.000000 0.000000
35000 42 G -21.496410 -3.397898 -18.682949 1.530000 0.000000 0.000000
35000 43 P -24.689276 -6.889378 -20.751560 2.110000 -1.000000 0.000000
35000 44 S -23.330029 -3.581609 -22.330708 1.800000 0.000000 0.000000
35000 45 A -20.291668 -3.097009 -23.872845 1.530000 0.000000 0.000000
35000 46 P -25.081596 -4.118471 -25.958759 2.110000 -1.000000 0.000000
35000 47 S -25.691149 -7.721556 -27.324415 1.800000 0.000000 0.000000
35000 48 T -28.138416 -8.305511 -24.863264 1.530000 0.000000 0.000000
35000 49 P -28.078733 -7.690410 -30.385883 2.110000 -1.000000 0.000000
40000 1 P -38.676094 0.366248 -24.500870 2.110000 -1.000000 0.000000
40000 2 S -37.094868 -3.109264 -25.384283 1.800000 0.000000 0.000000
40000 3 A -40.069138 -4.945518 -26.900702 1.530000 0.000000 0.000000
40000 4 P -36.454990 -6.552469 -23.584642 2.110000 -1.000000 0.000000
40000 5 S -33.898216 -8.876553 -25.458426 1.800000 0.000000 0.000000
40000 6 T -30.778505 -7.477026 -24.903784 1.530000 0.000000 0.000000
40000 7 P -32.129147 -11.920671 -23.867794 2.110000 -1.000000 0.000000
40000 8 S -28.214136 -11.212122 -23.786512 1.800000 0.000000 0.000000
40000 9 C -26.744970 -8.849025 -21.497679 1.530000 0.000000 0.000000
40000 10 P -26.497431 -13.580812 -21.191456 2.110000 -1.000000 0.000000
40000 11 S -24.159105 -11.355903 -18.701237 1.800000 0.000000 0.000000
40000 12 C -27.574495 -11.338483 -18.558743 1.530000 0.000000 0.000000
40000 13 P -23.414244 -13.995929 -15.757401 2.110000 -1.000000 0.000000
40000 14 S -19.751135 -12.669220 -15.012293 1.800000 0.000000 0.000000
40000 15 T -22.406206 -10.780932 -13.501196 1.530000 0.000000 0.000000
40000 16 P -17.755480 -9.229669 -14.748403 2.110000 -1.000000 0.000000
40000 17 S -16.065310 -9.227736 -11.170535 1.800000 0.000000 0.000000
40000 18 A -14.086399 -12.211336 -11.140891 1.530000 0.000000 0.000000
40000 19 P -13.206645 -6.666816 -10.340059 2.110000 -1.000000 0.000000
40000 20 S -11.064718 -9.334925 -8.603409 1.800000 0.000000 0.000000
40000 21 G -9.622111 -10.671199 -11.554074 1.530000 0.000000 0.000000
40000 22 P -7.395746 -7.963481 -7.982157 2.110000 -1.000000 0.000000
40000 23 S -8.650487 -5.096547 -10.533815 1.800000 0.000000 0.000000
40000 24 T -10.883721 -3.345220 -8.223459 1.530000 0.000000 0.000000
40000 25 P -5.551329 -2.758799 -10.015085 2.110000 -1.000000 0.000000
40000 26 S -6.452371 0.733686 -8.092888 1.800000 0.000000 0.000000
40000 27 T -5.997879 0.342982 -4.592590 1.530000 0.000000 0.000000
40000 28 P -9.102450 -1.473740 -5.931751 2.110000 -1.000000 0.000000
40000 29 S -11.231780 1.730643 -6.576523 1.800000 0.000000 0.000000
40000 30 A -11.983348 1.001453 -10.068951 1.530000 0.000000 0.000000
40000 31 P -15.006359 0.646756 -5.577657 2.110000 -1.000000 0.000000
40000 32 S -16.031178 -3.150930 -5.116281 1.800000 0.000000 0.000000
40000 33 T -14.319971 -4.350579 -2.148745 1.530000 0.000000 0.000000
40000 34 P -16.913145 -6.273988 -7.204182 2.110000 -1.000000 0.000000
40000 35 S -19.805227 -7.987566 -4.959157 1.800000 0.000000 0.000000
40000 36 A -21.809130 -5.175204 -5.891248 1.530000 0.000000 0.000000
40000 37 P -21.611361 -11.274781 -6.103039 2.110000 -1.000000 0.000000
40000 38 S -25.557568 -10.366649 -5.786620 1.800000 0.000000 0.000000
40000 39 G -27.804138 -8.115202 -7.598873 1.530000 0.000000 0.000000
40000 40 P -27.949997 -13.136103 -7.445143 2.110000 -1.000000 0.000000
40000 41 S -30.587690 -10.606379 -8.396413 1.800000 0.000000 0.000000
40000 42 G -29.771355 -8.846749 -10.975684 1.530000 0.000000 0.000000
40000 43 P -31.946966 -13.539204 -10.627568 2.110000 -1.000000 0.000000
40000 44 S -33.290806 -10.827302 -13.275605 1.800000 0.000000 0.000000
40000 45 A -30.544436 -8.955536 -14.840257 1.530000 0.000000 0.000000
40000 46 P -34.573860 -12.316055 -16.747190 2.110000 -1.000000 0.000000
40000 47 S -31.782860 -15.181691 -16.035484 1.800000 0.000000 0.000000
40000 48 T -34.118782 -16.949678 -13.693113 1.530000 0.000000 0.000000
40000 49 P -32.121758 -18.554037 -18.450485 2.110000 -1.000000 0.000000
45000 1 P -34.767651 0.882917 -28.610001 2.110000 -1.000000 0.000000
45000 2 S -32.441261 1.949635 -31.380011 1.800000 0.000000 0.000000
45000 3 A -32.266891 0.058610 -34.535145 1.530000 0.000000 0.000000
45000 4 P -29.364803 -0.422623 -30.829428 2.110000 -1.000000 0.000000
45000 5 S -25.648355 0.632844 -31.224945 1.800000 0.000000 0.000000
45000 6 T -24.623934 3.261620 -28.943274 1.530000 0.000000 0.000000
45000 7 P -23.634237 -2.224083 -29.623350 2.110000 -1.000000 0.000000
45000 8 S -20.593163 -0.907105 -27.508190 1.800000 0.000000 0.000000
45000 9 C -22.368675 0.078075 -24.809935 1.530000 0.000000 0.000000
45000 10 P -18.839560 -3.876410 -25.612854 2.110000 -1.000000 0.000000
45000 11 S -18.895893 -3.489173 -21.686781 1.800000 0.000000 0.000000
45000 12 C -22.221062 -4.690649 -21.822632 1.530000 0.000000 0.000000
45000 13 P -18.240494 -6.553142 -19.400049 2.110000 -1.000000 0.000000
45000 14 S -15.013829 -5.869807 -17.035467 1.800000 0.000000 0.000000
45000 15 T -17.911573 -4.016020 -15.790020 1.530000 0.000000 0.000000
45000 16 P -13.392436 -3.743805 -14.120861 2.110000 -1.000000 0.000000
45000 17 S -13.098231 -6.560236 -11.368281 1.800000 0.000000 0.000000
45000 18 A -10.636752 -8.835717 -12.631799 1.530000 0.000000 0.000000
45000 19 P -11.430202 -5.000901 -8.196103 2.110000 -1.000000 0.000000
45000 20 S -9.435912 -8.362393 -7.373918 1.800000 0.000000 0.000000
45000 21 G -7.087646 -9.208659 -9.655561 1.530000 0.000000 0.000000
45000 22 P -6.938993 -7.706382 -4.310113 2.110000 -1.000000 0.000000
45000 23 S -5.112489 -4.155641 -4.978281 1.800000 0.000000 0.000000
45000 24 T -8.150508 -2.142704 -4.438915 1.530000 0.000000 0.000000
45000 25 P -3.046319 -3.219054 -1.834732 2.110000 -1.000000 0.000000
45000 26 S -3.686623 0.246198 -0.078911 1.800000 0.000000 0.000000
45000 27 T -5.588887 0.659920 2.999101 1.530000 0.000000 0.000000
45000 28 P -7.464023 -1.029830 -0.045814 2.110000 -1.000000 0.000000
45000 29 S -10.361207 1.625696 -0.515214 1.800000 0.000000 0.000000
45000 30 A -10.328665 2.280178 -3.752125 1.530000 0.000000 0.000000
45000 31 P -14.025455 1.222362 -1.856153 2.110000 -1.000000 0.000000
45000 32 S -12.393093 -2.138923 -3.059453 1.800000 0.000000 0.000000
45000 33 T -12.699456 -3.590677 0.183834 1.530000 0.000000 0.000000
45000 34 P -14.264955 -5.117431 -4.462777 2.110000 -1.000000 0.000000
45000 35 S -18.006811 -3.724989 -4.259266 1.800000 0.000000 0.000000
45000 36 A -18.949923 -1.285877 -6.662293 1.530000 0.000000 0.000000
45000 37 P -20.638292 -5.818401 -6.583344 2.110000 -1.000000 0.000000
45000 38 S -23.037712 -3.152019 -8.179517 1.800000 0.000000 0.000000
45000 39 G -21.220085 -1.227535 -10.717697 1.530000 0.000000 0.000000
45000 40 P -25.706329 -4.376118 -10.889271 2.110000 -1.000000 0.000000
45000 41 S -26.795998 -1.587388 -13.774936 1.800000 0.000000 0.000000
45000 42 G -24.141722 -1.778074 -16.065392 1.530000 0.000000 0.000000
45000 43 P -28.809654 -1.662936 -17.228590 2.110000 -1.000000 0.000000
45000 44 S -26.811203 1.462638 -18.778522 1.800000 0.000000 0.000000
45000 45 A -23.746607 -0.021447 -20.249758 1.530000 0.000000 0.000000
45000 46 P -27.602201 2.532133 -22.571657 2.110000 -1.000000 0.000000
45000 47 S -29.064163 -1.052429 -23.350786 1.800000 0.000000 0.000000
45000 48 T -31.823103 0.247866 -21.193123 1.530000 0.000000 0.000000
45000 49 P -31.535666 -2.110401 -26.177629 2.110000 -1.000000 0.000000
50000 1 P -48.932983 -13.857771 -32.619144 2.110000 -1.000000 0.000000
50000 2 S -47.358528 -12.301950 -35.813313 1.800000 0.000000 0.000000
50000 3 A -46.762562 -14.885203 -38.401161 1.530000 0.000000 0.000000
50000 4 P -43.589546 -11.804818 -35.396294 2.110000 -1.000000 0.000000
50000 5 S -41.453747 -8.994287 -36.970715 1.800000 0.000000 0.000000
50000 6 T -42.337833 -6.047707 -35.029068 1.530000 0.000000 0.000000
50000 7 P -38.357197 -10.426455 -34.711029 2.110000 -1.000000 0.000000
50000 8 S -36.395973 -7.241678 -33.691830 1.800000 0.000000 0.000000
50000 9 C -38.584717 -5.046091 -31.604166 1.530000 0.000000 0.000000
50000 10 P -34.086685 -7.888353 -30.647236 2.110000 -1.000000 0.000000
50000 11 S -33.770668 -6.551576 -26.947470 1.800000 0.000000 0.000000
50000 12 C -36.774513 -8.344545 -26.658928 1.530000 0.000000 0.000000
50000 13 P -31.851027 -8.823052 -24.466667 2.110000 -1.000000 0.000000
50000 14 S -28.184448 -7.024620 -23.920237 1.800000 0.000000 0.000000
50000 15 T -31.134354 -5.917228 -22.476969 1.530000 0.000000 0.000000
50000 16 P -26.319063 -3.872269 -22.505253 2.110000 -1.000000 0.000000
50000 17 S -26.251398 -5.901311 -19.165258 1.800000 0.000000 0.000000
50000 18 A -24.514709 -8.549114 -19.964844 1.530000 0.000000 0.000000
50000 19 P -24.253796 -4.799521 -16.109409 2.110000 -1.000000 0.000000
50000 20 S -23.122549 -8.502023 -14.853804 1.800000 0.000000 0.000000
50000 21 G -21.284142 -9.247067 -17.548283 1.530000 0.000000 0.000000
50000 22 P -20.715073 -8.084224 -11.667521 2.110000 -1.000000 0.000000
50000 23 S -19.035534 -4.552182 -11.895308 1.800000 0.000000 0.000000
50000 24 T -21.595076 -2.011884 -11.036274 1.530000 0.000000 0.000000
50000 25 P -17.606722 -4.317195 -7.927933 2.110000 -1.000000 0.000000
50000 26 S -18.249407 -0.738727 -6.140317 1.800000 0.000000 0.000000
50000 27 T -20.405865 0.202862 -3.493707 1.530000 0.000000 0.000000
50000 28 P -21.909855 -0.567134 -7.563466 2.110000 -1.000000 0.000000
50000 29 S -24.540133 1.828418 -9.145696 1.800000 0.000000 0.000000
50000 30 A -23.951881 1.875093 -12.563761 1.530000 0.000000 0.000000
50000 31 P -27.990297 0.446045 -10.104091 2.110000 -1.000000 0.000000
50000 32 S -26.513447 -3.218801 -10.522599 1.800000 0.000000 0.000000
50000 33 T -26.052301 -4.799457 -7.666222 1.530000 0.000000 0.000000
50000 34 P -28.940212 -5.699224 -12.094871 2.110000 -1.000000 0.000000
50000 35 S -32.555038 -3.989912 -11.503333 1.800000 0.000000 0.000000
50000 36 A -33.722008 -0.780310 -12.613541 1.530000 0.000000 0.000000
50000 37 P -35.564926 -5.786457 -13.128958 2.110000 -1.000000 0.000000
50000 38 S -37.477879 -2.700967 -14.396783 1.800000 0.000000 0.000000
50000 39 G -36.116711 -1.951952 -17.706736 1.530000 0.000000 0.000000
50000 40 P -40.535278 -2.560482 -16.738525 2.110000 -1.000000 0.000000
50000 41 S -40.549698 -0.722626 -20.231859 1.800000 0.000000 0.000000
50000 42 G -38.666111 -1.165468 -23.259695 1.530000 0.000000 0.000000
50000 43 P -43.674053 -2.569132 -21.890200 2.110000 -1.000000 0.000000
50000 44 S -42.856514 -2.481480 -25.597055 1.800000 0.000000 0.000000
50000 45 A -39.721809 -3.826975 -27.089167 1.530000 0.000000 0.000000
50000 46 P -44.240067 -4.133316 -29.086676 2.110000 -1.000000 0.000000
50000 47 S -45.526661 -7.548756 -27.730257 1.800000 0.000000 0.000000
50000 48 T -48.248726 -5.851954 -25.702820 1.530000 0.000000 0.000000
50000 49 P -47.627464 -9.398346 -30.400059 2.110000 -1.000000 0.000000
