35000 1 P -24.712700 13.893811 42.590240 2.110000 -1.000000 0.000000
35000 2 S -27.730314 11.583418 41.224258 1.800000 0.000000 0.000000
35000 3 A -30.914137 12.806560 40.949078 1.530000 0.000000 0.000000
35000 4 P -29.768707 8.709437 43.002399 2.110000 -1.000000 0.000000
35000 5 S -30.333666 6.390602 39.824158 1.800000 0.000000 0.000000
35000 6 T -26.709759 6.100267 39.666595 1.530000 0.000000 0.000000
35000 7 P -32.079113 2.936929 40.020767 2.110000 -1.000000 0.000000
35000 8 S -29.284592 1.123318 37.990040 1.800000 0.000000 0.000000
35000 9 C -26.008245 0.776917 38.969532 1.530000 0.000000 0.000000
35000 10 P -29.243893 -2.691710 37.020733 2.110000 -1.000000 0.000000
35000 11 S -25.431423 -3.516109 37.177834 1.800000 0.000000 0.000000
35000 12 C -26.451921 -3.730325 40.603901 1.530000 0.000000 0.000000
35000 13 P -22.000973 -3.386493 39.167439 2.110000 -1.000000 0.000000
35000 14 S -19.887125 -6.630495 39.893803 1.800000 0.000000 0.000000
35000 15 T -19.322170 -6.697228 36.463001 1.530000 0.000000 0.000000
35000 16 P -17.585526 -9.814329 38.927361 2.110000 -1.000000 0.000000
35000 17 S -13.671232 -9.764455 39.563828 1.800000 0.000000 0.000000
35000 18 A -14.033359 -10.236529 43.053066 1.530000 0.000000 0.000000
35000 19 P -12.394879 -13.398373 38.701691 2.110000 -1.000000 0.000000
35000 20 S -9.585501 -15.262000 40.893108 1.800000 0.000000 0.000000
35000 21 G -12.938507 -16.147413 41.787663 1.530000 0.000000 0.000000
35000 22 P -9.973298 -15.321107 44.820984 2.110000 -1.000000 0.000000
35000 23 S -6.725023 -15.377664 46.966259 1.800000 0.000000 0.000000
35000 24 T -5.218213 -11.925284 46.471783 1.530000 0.000000 0.000000
35000 25 P -8.403984 -14.694828 50.487625 2.110000 -1.000000 0.000000
35000 26 S -6.803651 -11.504362 51.922993 1.800000 0.000000 0.000000
35000 27 T -7.061245 -8.221437 50.705090 1.530000 0.000000 0.000000
35000 28 P -9.664710 -11.161510 54.612064 2.110000 -1.000000 0.000000
35000 29 S -11.185464 -7.558969 55.527473 1.800000 0.000000 0.000000
35000 30 A -12.450239 -6.229014 52.416618 1.530000 0.000000 0.000000
35000 31 P -14.814929 -8.348750 56.850590 2.110000 -1.000000 0.000000
35000 32 S -14.634407 -10.995336 54.071968 1.800000 0.000000 0.000000
35000 33 T -12.614937 -13.969951 54.231678 1.530000 0.000000 0.000000
35000 34 P -15.224419 -10.483455 50.274212 2.110000 -1.000000 0.000000
35000 35 S -16.720209 -12.920857 47.639996 1.800000 0.000000 0.000000
35000 36 A -19.915537 -13.096321 49.266201 1.530000 0.000000 0.000000
35000 37 P -18.267643 -12.176314 44.057114 2.110000 -1.000000 0.000000
35000 38 S -21.980682 -13.225069 43.965668 1.800000 0.000000 0.000000
35000 39 G -24.096424 -10.989073 45.565857 1.530000 0.000000 0.000000
35000 40 P -23.094032 -11.422819 40.643753 2.110000 -1.000000 0.000000
35000 41 S -26.075756 -9.658266 42.469193 1.800000 0.000000 0.000000
35000 42 G -25.050327 -7.372947 45.000374 1.530000 0.000000 0.000000
35000 43 P -28.729704 -6.980927 41.646816 2.110000 -1.000000 0.000000
35000 44 S -27.594788 -5.365034 45.112888 1.800000 0.000000 0.000000
35000 45 A -24.507502 -3.590394 45.114529 1.530000 0.000000 0.000000
35000 46 P -29.418955 -1.983764 44.527431 2.110000 -1.000000 0.000000
35000 47 S -27.425438 1.282645 45.920376 1.800000 0.000000 0.000000
35000 48 T -26.355927 -0.118407 42.859520 1.530000 0.000000 0.000000
35000 49 P -29.452534 4.413974 44.477997 2.110000 -1.000000 0.000000
40000 1 P -24.912262 15.362782 56.609341 2.110000 -1.000000 0.000000
40000 2 S -27.695053 13.395228 54.669838 1.800000 0.000000 0.000000
40000 3 A -31.224024 13.788659 54.790890 1.530000 0.000000 0.000000
40000 4 P -28.356520 9.435181 54.775341 2.110000 -1.000000 0.000000
40000 5 S -29.613947 8.314020 51.170025 1.800000 0.000000 0.000000
40000 6 T -26.359264 8.511034 50.138813 1.530000 0.000000 0.000000
40000 7 P -30.669806 4.590093 50.045300 2.110000 -1.000000 0.000000
40000 8 S -27.756516 4.680022 47.399330 1.800000 0.000000 0.000000
40000 9 C -24.764778 3.827368 49.050732 1.530000 0.000000 0.000000
40000 10 P -26.803560 1.073225 46.186874 2.110000 -1.000000 0.000000
40000 11 S -23.233631 -0.796264 46.811413 1.800000 0.000000 0.000000
40000 12 C -25.513048 -1.254979 49.619656 1.530000 0.000000 0.000000
40000 13 P -20.956419 -2.163041 49.740822 2.110000 -1.000000 0.000000
40000 14 S -19.587461 -5.716855 50.755745 1.800000 0.000000 0.000000
40000 15 T -17.356781 -4.187627 48.294556 1.530000 0.000000 0.000000
40000 16 P -17.275547 -8.803779 49.498745 2.110000 -1.000000 0.000000
40000 17 S -13.534418 -9.868775 50.491749 1.800000 0.000000 0.000000
40000 18 A -13.036162 -11.092185 53.863945 1.530000 0.000000 0.000000
40000 19 P -12.457244 -13.611861 49.288536 2.110000 -1.000000 0.000000
40000 20 S -9.827518 -15.574673 51.311279 1.800000 0.000000 0.000000
40000 21 G -9.789781 -18.263577 53.705772 1.530000 0.000000 0.000000
40000 22 P -12.175016 -14.812943 54.557274 2.110000 -1.000000 0.000000
40000 23 S -9.970675 -13.515668 57.571407 1.800000 0.000000 0.000000
40000 24 T -9.442140 -9.978422 57.263363 1.530000 0.000000 0.000000
40000 25 P -12.939236 -12.848584 60.384884 2.110000 -1.000000 0.000000
40000 26 S -13.244761 -9.195447 61.900616 1.800000 0.000000 0.000000
40000 27 T -14.700098 -6.789334 59.501320 1.530000 0.000000 0.000000
40000 28 P -16.416729 -10.720176 63.456337 2.110000 -1.000000 0.000000
40000 29 S -19.492891 -8.223684 62.953156 1.800000 0.000000 0.000000
40000 30 A -21.208805 -7.262596 59.794727 1.530000 0.000000 0.000000
40000 31 P -22.653702 -10.552736 63.685699 2.110000 -1.000000 0.000000
40000 32 S -20.189528 -13.179585 61.912571 1.800000 0.000000 0.000000
40000 33 T -17.192087 -14.248935 63.391033 1.530000 0.000000 0.000000
40000 34 P -19.244942 -12.876848 58.078144 2.110000 -1.000000 0.000000
40000 35 S -19.187683 -15.017661 54.770908 1.800000 0.000000 0.000000
40000 36 A -22.971766 -15.010334 54.616913 1.530000 0.000000 0.000000
40000 37 P -18.680920 -12.393837 51.696358 2.110000 -1.000000 0.000000
40000 38 S -22.527189 -12.872732 50.370266 1.800000 0.000000 0.000000
40000 39 G -24.767878 -11.087324 52.625069 1.530000 0.000000 0.000000
40000 40 P -23.021132 -9.613465 48.093830 2.110000 -1.000000 0.000000
40000 41 S -25.845064 -8.289587 50.595932 1.800000 0.000000 0.000000
40000 42 G -25.612177 -6.914295 54.002136 1.530000 0.000000 0.000000
40000 43 P -27.583582 -4.923124 49.696541 2.110000 -1.000000 0.000000
40000 44 S -29.209347 -3.578621 52.944809 1.800000 0.000000 0.000000
40000 45 A -26.780800 -2.426064 54.812130 1.530000 0.000000 0.000000
40000 46 P -31.243874 -0.413429 54.280869 2.110000 -1.000000 0.000000
40000 47 S -28.879898 0.252191 57.344608 1.800000 0.000000 0.000000
40000 48 T -26.336519 1.510746 55.247971 1.530000 0.000000 0.000000
40000 49 P -29.063702 3.421177 59.405197 2.110000 -1.000000 0.000000
45000 1 P -31.350712 5.261338 39.414730 2.110000 -1.000000 0.000000
45000 2 S -31.764494 1.379378 39.330406 1.800000 0.000000 0.000000
45000 3 A -34.641979 1.393430 37.384430 1.530000 0.000000 0.000000
45000 4 P -33.636749 -1.359961 41.685635 2.110000 -1.000000 0.000000
45000 5 S -31.355345 -3.049784 38.934902 1.800000 0.000000 0.000000
45000 6 T -27.917589 -2.590260 39.981953 1.530000 0.000000 0.000000
45000 7 P -30.845850 -6.930103 38.408283 2.110000 -1.000000 0.000000
45000 8 S -26.931040 -7.138813 38.023037 1.800000 0.000000 0.000000
45000 9 C -26.265913 -6.376534 41.432407 1.530000 0.000000 0.000000
45000 10 P -24.428921 -10.010120 38.193695 2.110000 -1.000000 0.000000
45000 11 S -22.061512 -9.366535 41.246647 1.800000 0.000000 0.000000
45000 12 C -24.173508 -10.048889 44.078465 1.530000 0.000000 0.000000
45000 13 P -19.053469 -11.310843 43.161739 2.110000 -1.000000 0.000000
45000 14 S -17.329636 -14.857481 43.869617 1.800000 0.000000 0.000000
45000 15 T -16.302967 -14.621200 40.412479 1.530000 0.000000 0.000000
45000 16 P -16.420137 -17.949118 41.525620 2.110000 -1.000000 0.000000
45000 17 S -12.418988 -17.780722 41.316280 1.800000 0.000000 0.000000
45000 18 A -11.253663 -18.792345 44.592350 1.530000 0.000000 0.000000
45000 19 P -10.411670 -20.755144 39.950466 2.110000 -1.000000 0.000000
45000 20 S -6.762834 -21.997892 40.925861 1.800000 0.000000 0.000000
45000 21 G -5.289902 -24.405396 43.313412 1.530000 0.000000 0.000000
45000 22 P -9.242812 -22.420748 43.956245 2.110000 -1.000000 0.000000
45000 23 S -6.680014 -20.625494 46.372517 1.800000 0.000000 0.000000
45000 24 T -7.543842 -17.452782 45.174522 1.530000 0.000000 0.000000
45000 25 P -7.888491 -19.944286 50.202599 2.110000 -1.000000 0.000000
45000 26 S -8.858669 -18.296394 53.739441 1.800000 0.000000 0.000000
45000 27 T -11.994122 -16.618692 53.689281 1.530000 0.000000 0.000000
45000 28 P -11.463489 -21.016661 54.880711 2.110000 -1.000000 0.000000
45000 29 S -14.102777 -18.418945 56.341965 1.800000 0.000000 0.000000
45000 30 A -15.606412 -16.609013 53.875320 1.530000 0.000000 0.000000
45000 31 P -17.597881 -20.613491 56.569065 2.110000 -1.000000 0.000000
45000 32 S -17.194855 -22.808126 53.373940 1.800000 0.000000 0.000000
45000 33 T -13.909771 -24.394600 53.459373 1.530000 0.000000 0.000000
45000 34 P -17.545277 -21.690111 49.661068 2.110000 -1.000000 0.000000
45000 35 S -18.790161 -23.919210 46.643612 1.800000 0.000000 0.000000
45000 36 A -22.250109 -23.398697 47.538898 1.530000 0.000000 0.000000
45000 37 P -19.011898 -21.699909 43.429455 2.110000 -1.000000 0.000000
45000 38 S -22.686068 -22.617908 42.166698 1.800000 0.000000 0.000000
45000 39 G -24.668112 -21.084002 44.532352 1.530000 0.000000 0.000000
45000 40 P -24.218718 -20.612179 39.113255 2.110000 -1.000000 0.000000
45000 41 S -28.125708 -19.943583 39.884796 1.800000 0.000000 0.000000
45000 42 G -27.304543 -17.765463 42.511425 1.530000 0.000000 0.000000
45000 43 P -29.336399 -17.985756 36.702198 2.110000 -1.000000 0.000000
45000 44 S -31.456055 -15.091663 38.325279 1.800000 0.000000 0.000000
45000 45 A -29.629820 -12.728873 40.057949 1.530000 0.000000 0.000000
45000 46 P -31.502125 -13.668538 34.711269 2.110000 -1.000000 0.000000
45000 47 S -31.182701 -10.034329 33.871918 1.800000 0.000000 0.000000
45000 48 T -27.693363 -9.215652 34.492664 1.530000 0.000000 0.000000
45000 49 P -30.912960 -10.499641 29.995287 2.110000 -1.000000 0.000000
50000 1 P -34.731800 -3.684947 48.950882 2.110000 -1.000000 0.000000
50000 2 S -34.851295 -6.562795 46.526978 1.800000 0.000000 0.000000
50000 3 A -35.347725 -4.155302 43.973213 1.530000 0.000000 0.000000
50000 4 P -36.460308 -10.250818 46.344250 2.110000 -1.000000 0.000000
50000 5 S -34.453480 -13.209529 44.732536 1.800000 0.000000 0.000000
50000 6 T -31.823147 -13.542506 46.976742 1.530000 0.000000 0.000000
50000 7 P -34.360775 -17.235264 44.347054 2.110000 -1.000000 0.000000
50000 8 S -30.546047 -17.919098 45.152233 1.800000 0.000000 0.000000
50000 9 C -29.273932 -17.512819 48.480946 1.530000 0.000000 0.000000
50000 10 P -28.603014 -21.270020 45.702579 2.110000 -1.000000 0.000000
50000 11 S -26.008553 -19.835564 48.315460 1.800000 0.000000 0.000000
50000 12 C -28.654142 -20.451788 50.607971 1.530000 0.000000 0.000000
50000 13 P -23.206232 -21.585598 50.407753 2.110000 -1.000000 0.000000
50000 14 S -23.192690 -25.582752 50.916946 1.800000 0.000000 0.000000
50000 15 T -22.105484 -24.204338 47.906219 1.530000 0.000000 0.000000
50000 16 P -23.107384 -28.742563 48.515778 2.110000 -1.000000 0.000000
50000 17 S -19.235905 -29.273754 48.759113 1.800000 0.000000 0.000000
50000 18 A -18.896805 -30.502947 51.990601 1.530000 0.000000 0.000000
50000 19 P -16.717060 -32.248398 47.963192 2.110000 -1.000000 0.000000
50000 20 S -13.387860 -33.042225 49.800198 1.800000 0.000000 0.000000
50000 21 G -16.420406 -33.779781 51.570938 1.530000 0.000000 0.000000
50000 22 P -13.199252 -33.832371 53.881584 2.110000 -1.000000 0.000000
50000 23 S -9.638813 -34.161827 55.503197 1.800000 0.000000 0.000000
50000 24 T -7.831310 -31.289358 56.193722 1.530000 0.000000 0.000000
50000 25 P -11.168004 -33.836723 59.203777 2.110000 -1.000000 0.000000
50000 26 S -8.765175 -31.446308 61.289612 1.800000 0.000000 0.000000
50000 27 T -9.016765 -28.260008 59.652199 1.530000 0.000000 0.000000
50000 28 P -11.980362 -30.647497 63.530857 2.110000 -1.000000 0.000000
50000 29 S -12.318410 -26.874331 63.647282 1.800000 0.000000 0.000000
50000 30 A -13.001419 -23.981760 61.815628 1.530000 0.000000 0.000000
50000 31 P -15.977918 -25.828804 64.474968 2.110000 -1.000000 0.000000
50000 32 S -17.789267 -28.325199 61.766502 1.800000 0.000000 0.000000
50000 33 T -16.519760 -31.525194 62.748848 1.530000 0.000000 0.000000
50000 34 P -18.027748 -27.055613 57.834743 2.110000 -1.000000 0.000000
50000 35 S -21.215214 -29.266386 58.690449 1.800000 0.000000 0.000000
50000 36 A -23.144938 -27.448822 60.924477 1.530000 0.000000 0.000000
50000 37 P -23.597261 -29.909185 55.617687 2.110000 -1.000000 0.000000
50000 38 S -26.855309 -29.639027 57.841480 1.800000 0.000000 0.000000
50000 39 G -26.771517 -26.203672 58.293167 1.530000 0.000000 0.000000
50000 40 P -30.146236 -30.035391 55.509697 2.110000 -1.000000 0.000000
50000 41 S -31.991318 -26.868628 57.106361 1.800000 0.000000 0.000000
50000 42 G -30.628544 -23.642582 56.835960 1.530000 0.000000 0.000000
50000 43 P -35.425819 -25.444925 55.775955 2.110000 -1.000000 0.000000
50000 44 S -36.249123 -21.517193 55.757622 1.800000 0.000000 0.000000
50000 45 A -34.686153 -19.903376 53.021675 1.530000 0.000000 0.000000
50000 46 P -39.472481 -21.058346 53.439426 2.110000 -1.000000 0.000000
50000 47 S -37.719048 -18.516134 51.088280 1.800000 0.000000 0.000000
50000 48 T -35.961845 -21.023420 49.350395 1.530000 0.000000 0.000000
50000 49 P -38.734577 -17.124151 47.447140 2.110000 -1.000000 0.000000
