35000 1 P -10.580956 18.225231 -25.348846 2.110000 -1.000000 0.000000
35000 2 S -7.317852 18.237812 -27.582115 1.800000 0.000000 0.000000
35000 3 A -8.112283 19.524143 -30.691772 1.530000 0.000000 0.000000
35000 4 P -5.030899 15.187863 -28.684391 2.110000 -1.000000 0.000000
35000 5 S -1.606453 16.742289 -29.816252 1.800000 0.000000 0.000000
35000 6 T 0.539697 17.765385 -27.036062 1.530000 0.000000 0.000000
35000 7 P 0.077910 13.057000 -30.064396 2.110000 -1.000000 0.000000
35000 8 S 3.059150 14.813427 -28.318401 1.800000 0.000000 0.000000
35000 9 C 2.415562 14.949737 -24.985142 1.530000 0.000000 0.000000
35000 10 P 5.795030 12.150292 -26.952335 2.110000 -1.000000 0.000000
35000 11 S 6.437871 13.278460 -23.363785 1.800000 0.000000 0.000000
35000 12 C 4.954649 13.023830 -20.198626 1.530000 0.000000 0.000000
35000 13 P 9.143075 10.397930 -22.547689 2.110000 -1.000000 0.000000
35000 14 S 8.774165 6.529840 -22.290726 1.800000 0.000000 0.000000
35000 15 T 9.058808 7.016782 -25.882505 1.530000 0.000000 0.000000
35000 16 P 12.494660 5.079803 -22.121393 2.110000 -1.000000 0.000000
35000 17 S 13.480720 2.749964 -19.114008 1.800000 0.000000 0.000000
35000 18 A 11.107266 0.933722 -21.219477 1.530000 0.000000 0.000000
35000 19 P 17.019230 1.291424 -19.177160 2.110000 -1.000000 0.000000
35000 20 S 15.381285 -2.295044 -19.805262 1.800000 0.000000 0.000000
35000 21 G 14.566771 -1.433343 -22.934879 1.530000 0.000000 0.000000
35000 22 P 13.217854 -4.937150 -21.622066 2.110000 -1.000000 0.000000
35000 23 S 10.788236 -6.901717 -19.083410 1.800000 0.000000 0.000000
35000 24 T 8.209436 -4.371827 -18.683161 1.530000 0.000000 0.000000
35000 25 P 8.420140 -8.355150 -21.607975 2.110000 -1.000000 0.000000
35000 26 S 4.726675 -7.312130 -21.474812 1.800000 0.000000 0.000000
35000 27 T 7.237641 -5.630569 -23.182804 1.530000 0.000000 0.000000
35000 28 P 2.487988 -4.111750 -21.566139 2.110000 -1.000000 0.000000
35000 29 S 0.432134 -6.410468 -19.215525 1.800000 0.000000 0.000000
35000 30 A 1.817629 -7.134817 -16.073454 1.530000 0.000000 0.000000
35000 31 P -1.836042 -3.497116 -18.237707 2.110000 -1.000000 0.000000
35000 32 S 0.274320 -0.108082 -18.610579 1.800000 0.000000 0.000000
35000 33 T 1.135936 1.036437 -21.734129 1.530000 0.000000 0.000000
35000 34 P -1.624182 3.252798 -19.642076 2.110000 -1.000000 0.000000
35000 35 S -0.979481 5.027055 -22.866547 1.800000 0.000000 0.000000
35000 36 A -2.919646 2.754394 -24.330671 1.530000 0.000000 0.000000
35000 37 P -3.429825 8.062679 -23.709927 2.110000 -1.000000 0.000000
35000 38 S -6.192070 7.996356 -20.896643 1.800000 0.000000 0.000000
35000 39 G -4.479571 9.532166 -18.389841 1.530000 0.000000 0.000000
35000 40 P -7.908629 11.617679 -20.840187 2.110000 -1.000000 0.000000
35000 41 S -6.230410 12.088784 -17.356989 1.800000 0.000000 0.000000
35000 42 G -3.343435 12.392535 -15.732284 1.530000 0.000000 0.000000
35000 43 P -6.890264 15.940128 -16.331472 2.110000 -1.000000 0.000000
35000 44 S -3.650576 16.639242 -14.434473 1.800000 0.000000 0.000000
35000 45 A -0.894580 17.080542 -16.915110 1.530000 0.000000 0.000000
35000 46 P -3.574136 20.533056 -13.776473 2.110000 -1.000000 0.000000
35000 47 S 0.142916 21.768303 -14.029413 1.800000 0.000000 0.000000
35000 48 T 1.148747 21.692087 -17.528700 1.530000 0.000000 0.000000
35000 49 P 0.520698 25.666279 -14.602054 2.110000 -1.000000 0.000000
40000 1 P -10.997035 15.078835 -29.375286 2.110000 -1.000000 0.000000
40000 2 S -8.525332 12.762613 -31.209274 1.800000 0.000000 0.000000
40000 3 A -7.918085 13.472402 -34.637745 1.530000 0.000000 0.000000
40000 4 P -8.104083 8.919945 -32.019207 2.110000 -1.000000 0.000000
40000 5 S -4.898030 10.968668 -31.274639 1.800000 0.000000 0.000000
40000 6 T -3.786024 12.038209 -28.062901 1.530000 0.000000 0.000000
40000 7 P -1.738148 8.888073 -31.086365 2.110000 -1.000000 0.000000
40000 8 S 0.935141 10.731984 -28.820511 1.800000 0.000000 0.000000
40000 9 C 0.054400 11.164921 -25.442854 1.530000 0.000000 0.000000
40000 10 P 4.355522 9.264289 -27.482809 2.110000 -1.000000 0.000000
40000 11 S 5.558563 9.758291 -23.883337 1.800000 0.000000 0.000000
40000 12 C 3.678439 8.144382 -21.451784 1.530000 0.000000 0.000000
40000 13 P 8.552199 7.530053 -23.175455 2.110000 -1.000000 0.000000
40000 14 S 8.257336 4.539270 -25.587534 1.800000 0.000000 0.000000
40000 15 T 8.913730 5.913141 -28.956837 1.530000 0.000000 0.000000
40000 16 P 11.972715 3.785098 -24.609802 2.110000 -1.000000 0.000000
40000 17 S 11.333505 0.401986 -22.910856 1.800000 0.000000 0.000000
40000 18 A 10.447021 -1.732011 -25.663589 1.530000 0.000000 0.000000
40000 19 P 14.147795 -2.304705 -21.869837 2.110000 -1.000000 0.000000
40000 20 S 13.306121 -6.043251 -23.066174 1.800000 0.000000 0.000000
40000 21 G 14.963271 -3.483480 -24.849731 1.530000 0.000000 0.000000
40000 22 P 12.540613 -8.345843 -26.341509 2.110000 -1.000000 0.000000
40000 23 S 9.631868 -10.233450 -24.437284 1.800000 0.000000 0.000000
40000 24 T 7.861084 -6.855177 -24.119427 1.530000 0.000000 0.000000
40000 25 P 7.656034 -12.260007 -27.050337 2.110000 -1.000000 0.000000
40000 26 S 3.831150 -11.489345 -26.939756 1.800000 0.000000 0.000000
40000 27 T 6.467329 -9.407217 -28.464689 1.530000 0.000000 0.000000
40000 28 P 1.397510 -8.546378 -27.321918 2.110000 -1.000000 0.000000
40000 29 S -0.690575 -8.153115 -24.104412 1.800000 0.000000 0.000000
40000 30 A 0.868371 -7.062743 -21.357098 1.530000 0.000000 0.000000
40000 31 P -2.681355 -4.718235 -23.525084 2.110000 -1.000000 0.000000
40000 32 S -0.448601 -2.057024 -25.336422 1.800000 0.000000 0.000000
40000 33 T 0.517002 -1.723728 -28.742788 1.530000 0.000000 0.000000
40000 34 P -2.691847 1.328970 -25.296047 2.110000 -1.000000 0.000000
40000 35 S -1.569784 2.210595 -29.161480 1.800000 0.000000 0.000000
40000 36 A -4.078591 -0.225127 -30.486086 1.530000 0.000000 0.000000
40000 37 P -4.491741 4.696988 -29.179859 2.110000 -1.000000 0.000000
40000 38 S -6.605266 2.751357 -26.488716 1.800000 0.000000 0.000000
40000 39 G -5.110415 3.400781 -23.378407 1.530000 0.000000 0.000000
40000 40 P -9.645237 4.335307 -24.707762 2.110000 -1.000000 0.000000
40000 41 S -9.731581 5.078690 -20.891167 1.800000 0.000000 0.000000
40000 42 G -7.090619 7.421429 -20.479837 1.530000 0.000000 0.000000
40000 43 P -12.915241 7.250909 -20.152815 2.110000 -1.000000 0.000000
40000 44 S -11.141375 9.846110 -17.699789 1.800000 0.000000 0.000000
40000 45 A -8.803495 12.003756 -19.131788 1.530000 0.000000 0.000000
40000 46 P -13.168566 13.029968 -16.658466 2.110000 -1.000000 0.000000
40000 47 S -10.897942 16.274443 -16.557550 1.800000 0.000000 0.000000
40000 48 T -11.774661 15.954154 -19.992792 1.530000 0.000000 0.000000
40000 49 P -11.388756 20.085363 -16.043318 2.110000 -1.000000 0.000000
45000 1 P -17.600243 17.966663 -32.529335 2.110000 -1.000000 0.000000
45000 2 S -13.610827 18.470097 -33.389935 1.800000 0.000000 0.000000
45000 3 A -13.629195 17.639618 -36.797363 1.530000 0.000000 0.000000
45000 4 P -11.262650 15.272193 -33.439777 2.110000 -1.000000 0.000000
45000 5 S -7.779919 17.221725 -33.611004 1.800000 0.000000 0.000000
45000 6 T -7.626427 17.867077 -30.054155 1.530000 0.000000 0.000000
45000 7 P -4.861755 14.877737 -32.951168 2.110000 -1.000000 0.000000
45000 8 S -2.275488 16.199223 -30.171103 1.800000 0.000000 0.000000
45000 9 C -3.830827 16.077730 -26.897320 1.530000 0.000000 0.000000
45000 10 P 0.622071 13.513087 -29.393436 2.110000 -1.000000 0.000000
45000 11 S 2.284568 11.606483 -26.275423 1.800000 0.000000 0.000000
45000 12 C -0.406363 9.391622 -25.399628 1.530000 0.000000 0.000000
45000 13 P 5.136271 8.789358 -26.670267 2.110000 -1.000000 0.000000
45000 14 S 5.764894 6.257270 -29.529287 1.800000 0.000000 0.000000
45000 15 T 6.883559 8.853046 -31.875031 1.530000 0.000000 0.000000
45000 16 P 9.584166 5.079327 -29.023272 2.110000 -1.000000 0.000000
45000 17 S 9.622086 1.993309 -26.628534 1.800000 0.000000 0.000000
45000 18 A 7.619667 0.229448 -28.959953 1.530000 0.000000 0.000000
45000 19 P 12.593818 -0.623511 -26.154682 2.110000 -1.000000 0.000000
45000 20 S 11.046800 -3.934075 -27.516945 1.800000 0.000000 0.000000
45000 21 G 11.748670 -2.328852 -30.349392 1.530000 0.000000 0.000000
45000 22 P 12.377412 -7.418313 -29.012156 2.110000 -1.000000 0.000000
45000 23 S 11.111806 -10.823705 -27.573299 1.800000 0.000000 0.000000
45000 24 T 7.657324 -11.120923 -28.162708 1.530000 0.000000 0.000000
45000 25 P 11.669957 -13.623281 -30.288988 2.110000 -1.000000 0.000000
45000 26 S 7.950480 -14.741071 -29.987688 1.800000 0.000000 0.000000
45000 27 T 7.988724 -17.404076 -32.402832 1.530000 0.000000 0.000000
45000 28 P 5.384484 -11.722124 -30.679224 2.110000 -1.000000 0.000000
45000 29 S 2.242328 -12.035270 -28.168072 1.800000 0.000000 0.000000
45000 30 A 2.959688 -11.952110 -24.896233 1.530000 0.000000 0.000000
45000 31 P -0.505086 -9.136568 -28.424671 2.110000 -1.000000 0.000000
45000 32 S 1.080161 -5.664499 -28.773113 1.800000 0.000000 0.000000
45000 33 T 2.612622 -5.881754 -32.224998 1.530000 0.000000 0.000000
45000 34 P -1.634198 -2.885274 -29.664795 2.110000 -1.000000 0.000000
45000 35 S -0.020864 -0.630535 -32.333992 1.800000 0.000000 0.000000
45000 36 A -0.060157 -1.796473 -35.611526 1.530000 0.000000 0.000000
45000 37 P -2.306615 2.232785 -34.036747 2.110000 -1.000000 0.000000
45000 38 S -5.362255 1.063924 -31.876516 1.800000 0.000000 0.000000
45000 39 G -4.119179 1.906405 -28.717840 1.530000 0.000000 0.000000
45000 40 P -8.785711 2.889395 -31.674686 2.110000 -1.000000 0.000000
45000 41 S -8.589017 3.638090 -27.844976 1.800000 0.000000 0.000000
45000 42 G -5.965730 5.499974 -26.575790 1.530000 0.000000 0.000000
45000 43 P -10.844487 6.274169 -26.034386 2.110000 -1.000000 0.000000
45000 44 S -8.744154 8.224711 -23.200338 1.800000 0.000000 0.000000
45000 45 A -6.076563 10.188518 -24.631523 1.530000 0.000000 0.000000
45000 46 P -10.497021 11.433382 -21.572979 2.110000 -1.000000 0.000000
45000 47 S -8.377961 14.807592 -21.995283 1.800000 0.000000 0.000000
45000 48 T -8.783657 14.370853 -25.537735 1.530000 0.000000 0.000000
45000 49 P -10.244215 18.002228 -21.029408 2.110000 -1.000000 0.000000
50000 1 P -8.619123 13.474360 -34.907055 2.110000 -1.000000 0.000000
50000 2 S -5.389504 15.677726 -35.836491 1.800000 0.000000 0.000000
50000 3 A -5.252983 17.800465 -38.838497 1.530000 0.000000 0.000000
50000 4 P -1.805043 14.282821 -36.386021 2.110000 -1.000000 0.000000
50000 5 S 1.014706 16.135107 -34.407585 1.800000 0.000000 0.000000
50000 6 T 0.531719 15.580407 -31.027878 1.530000 0.000000 0.000000
50000 7 P 3.930982 13.513595 -34.851639 2.110000 -1.000000 0.000000
50000 8 S 6.067845 13.364621 -31.480021 1.800000 0.000000 0.000000
50000 9 C 3.899389 12.109907 -28.921429 1.530000 0.000000 0.000000
50000 10 P 8.682005 10.645675 -31.281811 2.110000 -1.000000 0.000000
50000 11 S 8.323677 8.758443 -27.764519 1.800000 0.000000 0.000000
50000 12 C 5.542947 6.521990 -27.054321 1.530000 0.000000 0.000000
50000 13 P 10.854552 5.809849 -27.890062 2.110000 -1.000000 0.000000
50000 14 S 12.761152 3.962018 -30.572021 1.800000 0.000000 0.000000
50000 15 T 14.376706 6.906547 -30.925205 1.530000 0.000000 0.000000
50000 16 P 15.616740 1.620224 -29.219427 2.110000 -1.000000 0.000000
50000 17 S 14.940589 -1.901095 -30.178110 1.800000 0.000000 0.000000
50000 18 A 14.692289 -1.740723 -33.737606 1.530000 0.000000 0.000000
50000 19 P 17.261030 -5.063219 -29.707409 2.110000 -1.000000 0.000000
50000 20 S 16.704111 -5.972828 -33.470325 1.800000 0.000000 0.000000
50000 21 G 18.933022 -3.203600 -34.009285 1.530000 0.000000 0.000000
50000 22 P 18.422325 -8.850576 -35.799168 2.110000 -1.000000 0.000000
50000 23 S 15.630922 -11.654173 -35.737377 1.800000 0.000000 0.000000
50000 24 T 13.313729 -10.968357 -38.115524 1.530000 0.000000 0.000000
50000 25 P 15.452913 -14.838265 -38.034897 2.110000 -1.000000 0.000000
50000 26 S 11.420513 -15.031141 -37.343334 1.800000 0.000000 0.000000
50000 27 T 10.188389 -17.273836 -39.613544 1.530000 0.000000 0.000000
50000 28 P 9.859715 -11.791393 -39.131310 2.110000 -1.000000 0.000000
50000 29 S 6.624912 -11.903992 -36.825642 1.800000 0.000000 0.000000
50000 30 A 8.080536 -11.393114 -33.772827 1.530000 0.000000 0.000000
50000 31 P 3.645385 -9.826455 -35.623146 2.110000 -1.000000 0.000000
50000 32 S 4.666660 -6.165992 -35.060295 1.800000 0.000000 0.000000
50000 33 T 5.687183 -4.889897 -38.117241 1.530000 0.000000 0.000000
50000 34 P 2.581614 -2.969889 -34.193733 2.110000 -1.000000 0.000000
50000 35 S 4.337184 -0.316129 -36.451820 1.800000 0.000000 0.000000
50000 36 A 4.266752 -0.992011 -40.046066 1.530000 0.000000 0.000000
50000 37 P 2.573845 3.187016 -36.732998 2.110000 -1.000000 0.000000
50000 38 S -1.267760 2.218468 -35.567059 1.800000 0.000000 0.000000
50000 39 G -0.817478 1.479607 -32.072506 1.530000 0.000000 0.000000
50000 40 P -3.663711 5.233037 -35.344902 2.110000 -1.000000 0.000000
50000 41 S -4.749484 4.386004 -31.638617 1.800000 0.000000 0.000000
50000 42 G -3.141189 4.455366 -28.468544 1.530000 0.000000 0.000000
50000 43 P -7.136724 7.301039 -29.921940 2.110000 -1.000000 0.000000
50000 44 S -6.661253 8.025780 -25.959656 1.800000 0.000000 0.000000
50000 45 A -3.460000 9.722242 -26.217695 1.530000 0.000000 0.000000
50000 46 P -7.688504 10.892094 -23.501961 2.110000 -1.000000 0.000000
50000 47 S -6.073759 12.571423 -20.471670 1.800000 0.000000 0.000000
50000 48 T -3.526728 14.313464 -22.350773 1.530000 0.000000 0.000000
50000 49 P -6.272754 15.669621 -18.049887 2.110000 -1.000000 0.000000
