35000 1 P 10.819226 47.425602 -45.871632 2.110000 -1.000000 0.000000
35000 2 S 8.367450 47.418091 -42.756416 1.800000 0.000000 0.000000
35000 3 A 5.712858 49.881523 -42.979618 1.530000 0.000000 0.000000
35000 4 P 9.046274 48.723507 -39.175999 2.110000 -1.000000 0.000000
35000 5 S 7.433411 46.040855 -36.694000 1.800000 0.000000 0.000000
35000 6 T 9.325950 42.992775 -37.581158 1.530000 0.000000 0.000000
35000 7 P 7.567908 44.738316 -32.847752 2.110000 -1.000000 0.000000
35000 8 S 7.105269 40.906273 -33.909615 1.800000 0.000000 0.000000
35000 9 C 9.881307 38.972927 -35.476639 1.530000 0.000000 0.000000
35000 10 P 7.789935 38.005474 -31.431398 2.110000 -1.000000 0.000000
35000 11 S 10.425948 38.018204 -28.262135 1.800000 0.000000 0.000000
35000 12 C 7.976433 39.917801 -26.810373 1.530000 0.000000 0.000000
35000 13 P 9.878833 35.439102 -25.441284 2.110000 -1.000000 0.000000
35000 14 S 12.788515 32.987995 -26.969440 1.800000 0.000000 0.000000
35000 15 T 13.135548 35.736153 -24.751984 1.530000 0.000000 0.000000
35000 16 P 16.658901 33.479393 -26.851519 2.110000 -1.000000 0.000000
35000 17 S 18.984520 31.062481 -24.846962 1.800000 0.000000 0.000000
35000 18 A 19.914999 27.838013 -25.071268 1.530000 0.000000 0.000000
35000 19 P 22.785919 32.233734 -25.390747 2.110000 -1.000000 0.000000
35000 20 S 23.884537 28.625635 -26.399147 1.800000 0.000000 0.000000
35000 21 G 22.546658 28.750668 -29.592764 1.530000 0.000000 0.000000
35000 22 P 27.343115 27.412632 -28.071005 2.110000 -1.000000 0.000000
35000 23 S 26.404615 26.620804 -24.217052 1.800000 0.000000 0.000000
35000 24 T 23.004780 25.334476 -23.953152 1.530000 0.000000 0.000000
35000 25 P 28.146120 23.635878 -22.308998 2.110000 -1.000000 0.000000
35000 26 S 24.414705 24.302927 -21.184919 1.800000 0.000000 0.000000
35000 27 T 24.542542 21.927952 -24.054409 1.530000 0.000000 0.000000
35000 28 P 21.644667 22.392078 -19.062931 2.110000 -1.000000 0.000000
35000 29 S 21.127226 25.874735 -17.220671 1.800000 0.000000 0.000000
35000 30 A 19.243448 27.085005 -19.748177 1.530000 0.000000 0.000000
35000 31 P 18.472076 27.405066 -14.917534 2.110000 -1.000000 0.000000
35000 32 S 16.122942 24.684763 -16.345469 1.800000 0.000000 0.000000
35000 33 T 17.059513 21.401833 -16.456829 1.530000 0.000000 0.000000
35000 34 P 14.783769 24.920671 -20.131048 2.110000 -1.000000 0.000000
35000 35 S 11.351488 24.093100 -22.025335 1.800000 0.000000 0.000000
35000 36 A 9.833503 26.909899 -20.274355 1.530000 0.000000 0.000000
35000 37 P 10.213793 24.578194 -25.791956 2.110000 -1.000000 0.000000
35000 38 S 6.672870 26.199333 -25.786556 1.800000 0.000000 0.000000
35000 39 G 7.755464 29.322006 -24.778816 1.530000 0.000000 0.000000
35000 40 P 4.739927 27.355873 -28.985800 2.110000 -1.000000 0.000000
35000 41 S 3.370919 31.151709 -28.553087 1.800000 0.000000 0.000000
35000 42 G 6.059586 33.349415 -29.203096 1.530000 0.000000 0.000000
35000 43 P 1.845955 32.016071 -32.165943 2.110000 -1.000000 0.000000
35000 44 S 2.939813 35.429859 -33.787361 1.800000 0.000000 0.000000
35000 45 A 6.189860 34.980579 -35.475498 1.530000 0.000000 0.000000
35000 46 P 1.314537 33.889534 -37.178188 2.110000 -1.000000 0.000000
35000 47 S 4.216344 34.939800 -39.782536 1.800000 0.000000 0.000000
35000 48 T 5.316831 32.056988 -38.046913 1.530000 0.000000 0.000000
35000 49 P 4.352061 33.511581 -43.492897 2.110000 -1.000000 0.000000
40000 1 P 18.114836 48.884815 -57.214359 2.110000 -1.000000 0.000000
40000 2 S 15.225241 48.249550 -54.723030 1.800000 0.000000 0.000000
40000 3 A 15.004191 51.831696 -53.686043 1.530000 0.000000 0.000000
40000 4 P 16.956713 47.448177 -51.592228 2.110000 -1.000000 0.000000
40000 5 S 14.582820 46.495789 -48.751926 1.800000 0.000000 0.000000
40000 6 T 14.376142 43.261841 -50.238762 1.530000 0.000000 0.000000
40000 7 P 15.791628 45.090351 -45.279053 2.110000 -1.000000 0.000000
40000 8 S 13.701864 41.767807 -45.654366 1.800000 0.000000 0.000000
40000 9 C 15.891024 40.033871 -48.088310 1.530000 0.000000 0.000000
40000 10 P 14.347328 38.842995 -42.948055 2.110000 -1.000000 0.000000
40000 11 S 17.902693 37.555080 -41.895596 1.800000 0.000000 0.000000
40000 12 C 19.855742 40.097347 -40.476818 1.530000 0.000000 0.000000
40000 13 P 19.271223 35.164806 -38.923004 2.110000 -1.000000 0.000000
40000 14 S 22.936174 36.900417 -38.820793 1.800000 0.000000 0.000000
40000 15 T 20.877195 39.020939 -36.709255 1.530000 0.000000 0.000000
40000 16 P 26.467241 38.070641 -37.602535 2.110000 -1.000000 0.000000
40000 17 S 28.985846 36.653034 -34.819324 1.800000 0.000000 0.000000
40000 18 A 29.777264 33.507545 -36.033375 1.530000 0.000000 0.000000
40000 19 P 32.462688 37.636677 -33.257626 2.110000 -1.000000 0.000000
40000 20 S 33.656250 33.877361 -32.774670 1.800000 0.000000 0.000000
40000 21 G 33.861408 34.759453 -36.409931 1.530000 0.000000 0.000000
40000 22 P 37.206970 32.428658 -32.067852 2.110000 -1.000000 0.000000
40000 23 S 35.775364 30.844784 -28.712082 1.800000 0.000000 0.000000
40000 24 T 32.494099 29.608727 -29.531939 1.530000 0.000000 0.000000
40000 25 P 37.636951 27.576408 -27.072416 2.110000 -1.000000 0.000000
40000 26 S 33.740398 28.481613 -27.286816 1.800000 0.000000 0.000000
40000 27 T 35.260876 26.683767 -30.197168 1.530000 0.000000 0.000000
40000 28 P 30.603642 26.224279 -27.019440 2.110000 -1.000000 0.000000
40000 29 S 29.587265 28.736443 -24.084824 1.800000 0.000000 0.000000
40000 30 A 29.113413 31.962938 -25.545218 1.530000 0.000000 0.000000
40000 31 P 25.577869 27.553654 -24.432501 2.110000 -1.000000 0.000000
40000 32 S 24.941641 26.576702 -28.240973 1.800000 0.000000 0.000000
40000 33 T 26.534683 23.777531 -29.897861 1.530000 0.000000 0.000000
40000 34 P 24.571144 28.378080 -31.464863 2.110000 -1.000000 0.000000
40000 35 S 21.485165 26.030479 -31.589575 1.800000 0.000000 0.000000
40000 36 A 21.611906 28.865847 -29.444061 1.530000 0.000000 0.000000
40000 37 P 18.441704 26.571268 -33.995979 2.110000 -1.000000 0.000000
40000 38 S 15.664385 29.198013 -32.403694 1.800000 0.000000 0.000000
40000 39 G 17.245960 32.243690 -31.634661 1.530000 0.000000 0.000000
40000 40 P 13.288744 29.415768 -35.346302 2.110000 -1.000000 0.000000
40000 41 S 11.631460 32.340630 -37.382774 1.800000 0.000000 0.000000
40000 42 G 13.662482 34.327049 -39.259659 1.530000 0.000000 0.000000
40000 43 P 10.303898 31.690012 -41.053848 2.110000 -1.000000 0.000000
40000 44 S 11.079523 34.745033 -43.200623 1.800000 0.000000 0.000000
40000 45 A 14.789148 34.840721 -43.911324 1.530000 0.000000 0.000000
40000 46 P 10.552379 34.302551 -46.896336 2.110000 -1.000000 0.000000
40000 47 S 13.747814 36.131969 -48.055370 1.800000 0.000000 0.000000
40000 48 T 17.057302 34.621101 -47.864307 1.530000 0.000000 0.000000
40000 49 P 13.023335 35.304482 -51.987152 2.110000 -1.000000 0.000000
45000 1 P 22.835600 51.489864 -55.603600 2.110000 -1.000000 0.000000
45000 2 S 21.313028 51.460060 -51.923641 1.800000 0.000000 0.000000
45000 3 A 21.817535 54.417259 -50.550156 1.530000 0.000000 0.000000
45000 4 P 22.832758 48.994667 -49.320240 2.110000 -1.000000 0.000000
45000 5 S 19.949203 47.731335 -47.120377 1.800000 0.000000 0.000000
45000 6 T 18.516211 45.379955 -49.036980 1.530000 0.000000 0.000000
45000 7 P 20.474602 45.170044 -43.875401 2.110000 -1.000000 0.000000
45000 8 S 18.717604 41.838497 -45.136436 1.800000 0.000000 0.000000
45000 9 C 20.243587 39.452324 -47.764534 1.530000 0.000000 0.000000
45000 10 P 19.100950 38.354996 -43.439232 2.110000 -1.000000 0.000000
45000 11 S 22.835043 39.033432 -42.415390 1.800000 0.000000 0.000000
45000 12 C 23.421917 41.129333 -39.565861 1.530000 0.000000 0.000000
45000 13 P 25.283495 36.946396 -40.242088 2.110000 -1.000000 0.000000
45000 14 S 27.321869 40.004879 -38.655338 1.800000 0.000000 0.000000
45000 15 T 25.450840 41.434753 -35.928986 1.530000 0.000000 0.000000
45000 16 P 30.390177 40.635139 -36.514355 2.110000 -1.000000 0.000000
45000 17 S 30.974148 37.576595 -34.134666 1.800000 0.000000 0.000000
45000 18 A 32.077507 34.577560 -35.772175 1.530000 0.000000 0.000000
45000 19 P 34.375072 38.251526 -32.460815 2.110000 -1.000000 0.000000
45000 20 S 36.645180 35.097305 -31.408573 1.800000 0.000000 0.000000
45000 21 G 38.339405 33.568230 -33.988693 1.530000 0.000000 0.000000
45000 22 P 40.278778 34.265850 -30.207865 2.110000 -1.000000 0.000000
45000 23 S 38.475342 33.198822 -26.780052 1.800000 0.000000 0.000000
45000 24 T 37.678040 31.682007 -29.906008 1.530000 0.000000 0.000000
45000 25 P 38.076305 31.628399 -23.229488 2.110000 -1.000000 0.000000
45000 26 S 34.511883 32.031628 -24.864523 1.800000 0.000000 0.000000
45000 27 T 35.952145 29.199257 -26.602676 1.530000 0.000000 0.000000
45000 28 P 30.637022 31.071449 -24.995384 2.110000 -1.000000 0.000000
45000 29 S 30.442303 34.894016 -23.904131 1.800000 0.000000 0.000000
45000 30 A 31.739504 35.978069 -27.036957 1.530000 0.000000 0.000000
45000 31 P 27.354832 36.887978 -24.571795 2.110000 -1.000000 0.000000
45000 32 S 26.230154 33.657410 -26.625095 1.800000 0.000000 0.000000
45000 33 T 24.934383 30.437239 -25.616442 1.530000 0.000000 0.000000
45000 34 P 26.374065 31.677031 -29.980547 2.110000 -1.000000 0.000000
45000 35 S 22.741205 32.292370 -28.640594 1.800000 0.000000 0.000000
45000 36 A 23.070429 35.751690 -28.230452 1.530000 0.000000 0.000000
45000 37 P 19.813723 31.382450 -31.097898 2.110000 -1.000000 0.000000
45000 38 S 17.884903 34.592384 -29.946724 1.800000 0.000000 0.000000
45000 39 G 19.327772 37.512711 -30.944481 1.530000 0.000000 0.000000
45000 40 P 14.614112 35.464588 -32.315018 2.110000 -1.000000 0.000000
45000 41 S 14.639864 39.122200 -33.521877 1.800000 0.000000 0.000000
45000 42 G 17.039038 38.750885 -35.872627 1.530000 0.000000 0.000000
45000 43 P 11.885100 39.754631 -36.429676 2.110000 -1.000000 0.000000
45000 44 S 13.226507 40.976357 -39.849857 1.800000 0.000000 0.000000
45000 45 A 15.249572 38.796043 -41.596439 1.530000 0.000000 0.000000
45000 46 P 9.800709 40.296482 -41.916870 2.110000 -1.000000 0.000000
45000 47 S 10.569652 39.133251 -45.664505 1.800000 0.000000 0.000000
45000 48 T 11.476131 35.800877 -45.037159 1.530000 0.000000 0.000000
45000 49 P 7.903067 38.099827 -48.203590 2.110000 -1.000000 0.000000
50000 1 P 20.741079 57.639149 -47.627579 2.110000 -1.000000 0.000000
50000 2 S 19.897215 57.783482 -43.719063 1.800000 0.000000 0.000000
50000 3 A 19.459396 61.199078 -43.355309 1.530000 0.000000 0.000000
50000 4 P 22.136724 56.045757 -40.933365 2.110000 -1.000000 0.000000
50000 5 S 18.271568 55.233631 -40.202930 1.800000 0.000000 0.000000
50000 6 T 15.762899 53.164051 -41.967369 1.530000 0.000000 0.000000
50000 7 P 19.828873 52.493301 -38.015907 2.110000 -1.000000 0.000000
50000 8 S 16.748220 50.354439 -39.344070 1.800000 0.000000 0.000000
50000 9 C 17.216604 49.403194 -42.640106 1.530000 0.000000 0.000000
50000 10 P 16.995140 46.537987 -38.259998 2.110000 -1.000000 0.000000
50000 11 S 20.973444 46.078602 -38.063786 1.800000 0.000000 0.000000
50000 12 C 21.082399 48.077881 -35.421158 1.530000 0.000000 0.000000
50000 13 P 23.684069 43.711143 -36.455822 2.110000 -1.000000 0.000000
50000 14 S 26.821777 45.274879 -34.678001 1.800000 0.000000 0.000000
50000 15 T 24.798416 46.253799 -31.830494 1.530000 0.000000 0.000000
50000 16 P 30.051439 44.462067 -32.416367 2.110000 -1.000000 0.000000
50000 17 S 30.334461 41.392181 -29.919989 1.800000 0.000000 0.000000
50000 18 A 30.748692 37.901661 -30.743345 1.530000 0.000000 0.000000
50000 19 P 34.118412 41.330875 -28.306639 2.110000 -1.000000 0.000000
50000 20 S 35.062725 37.537437 -27.725107 1.800000 0.000000 0.000000
50000 21 G 35.911327 36.097717 -30.734797 1.530000 0.000000 0.000000
50000 22 P 38.812244 37.236866 -26.837128 2.110000 -1.000000 0.000000
50000 23 S 35.638611 36.887062 -24.553864 1.800000 0.000000 0.000000
50000 24 T 36.560310 34.473263 -27.150244 1.530000 0.000000 0.000000
50000 25 P 35.324787 35.454662 -20.953341 2.110000 -1.000000 0.000000
50000 26 S 32.615124 35.128090 -23.653175 1.800000 0.000000 0.000000
50000 27 T 34.197430 32.031849 -24.662962 1.530000 0.000000 0.000000
50000 28 P 29.421772 32.858814 -23.570953 2.110000 -1.000000 0.000000
50000 29 S 28.284229 36.569187 -22.696791 1.800000 0.000000 0.000000
50000 30 A 28.794230 38.892754 -25.339008 1.530000 0.000000 0.000000
50000 31 P 24.513517 37.808922 -22.836033 2.110000 -1.000000 0.000000
50000 32 S 22.018841 35.646137 -25.336164 1.800000 0.000000 0.000000
50000 33 T 21.455414 32.669994 -24.355947 1.530000 0.000000 0.000000
50000 34 P 22.090851 35.922729 -29.375980 2.110000 -1.000000 0.000000
50000 35 S 18.119583 36.059380 -29.015577 1.800000 0.000000 0.000000
50000 36 A 18.123798 39.161743 -27.171328 1.530000 0.000000 0.000000
50000 37 P 15.756516 36.779247 -32.090195 2.110000 -1.000000 0.000000
50000 38 S 13.325889 39.068165 -29.842066 1.800000 0.000000 0.000000
50000 39 G 14.506927 42.331989 -28.911547 1.530000 0.000000 0.000000
50000 40 P 10.627761 40.769318 -31.813150 2.110000 -1.000000 0.000000
50000 41 S 10.212273 44.285446 -30.098913 1.800000 0.000000 0.000000
50000 42 G 13.430297 45.220089 -31.386429 1.530000 0.000000 0.000000
50000 43 P 8.274099 47.549671 -31.391232 2.110000 -1.000000 0.000000
50000 44 S 10.747478 50.456760 -31.301907 1.800000 0.000000 0.000000
50000 45 A 12.361956 49.300400 -34.185623 1.530000 0.000000 0.000000
50000 46 P 10.503618 54.208763 -32.692173 2.110000 -1.000000 0.000000
50000 47 S 13.051109 54.957996 -35.610981 1.800000 0.000000 0.000000
50000 48 T 10.305773 53.023003 -36.645622 1.530000 0.000000 0.000000
50000 49 P 11.847979 58.216202 -37.508278 2.110000 -1.000000 0.000000
