1 1 232.960419 0.000000 1000.000000 1.145592 238.257126 -2.388401 -4.053909 0.000000 0.000000 1.528888
100 2 190.649338 0.000000 1000.000000 0.330971 193.301636 -1.414290 -1.568986 0.000000 0.000000 7.585868
200 3 194.809830 0.000000 1000.000000 1.561742 198.260208 -1.536896 -3.475216 0.000000 0.000000 7.252652
300 4 201.459610 0.000000 1000.000000 1.738494 205.143570 -1.481101 -3.941356 0.000000 0.000000 9.039109
400 5 222.327927 0.000000 1000.000000 1.528062 221.210831 -0.410962 0.000000 0.000000 0.000000 7.483179
500 6 208.865616 0.000000 1000.000000 0.899881 208.903931 -0.938202 0.000000 0.000000 0.000000 8.162596
600 7 207.240860 0.000000 1000.000000 0.501491 206.739365 0.000000 0.000000 0.000000 0.000000 10.633760
700 8 201.830536 0.000000 1000.000000 0.971631 204.349670 -0.993666 -2.497107 0.000000 0.000000 8.969296
800 9 181.559677 0.000000 1000.000000 1.138617 181.375671 -0.954608 0.000000 0.000000 0.000000 8.609725
900 10 182.758514 0.000000 1000.000000 1.302805 182.449554 -0.993845 0.000000 0.000000 0.000000 6.285027
1000 11 195.116821 0.000000 1000.000000 1.865671 193.251144 0.000000 0.000000 0.000000 0.000000 8.426366
1100 12 193.768387 0.000000 1000.000000 0.341913 193.426468 0.000000 0.000000 0.000000 0.000000 6.816572
1200 13 192.851013 0.000000 1000.000000 2.246402 190.604614 0.000000 0.000000 0.000000 0.000000 8.356227
1300 14 185.319366 0.000000 1000.000000 0.763114 191.283966 -1.512289 -5.215422 0.000000 0.000000 6.865273
1400 15 222.599014 0.000000 1000.000000 1.173499 200.200668 -2.603426 23.828278 0.000000 0.000000 4.454758
1500 16 187.513275 0.000000 1000.000000 0.454555 187.586319 -0.527603 0.000000 0.000000 0.000000 6.754463
1600 17 210.007935 0.000000 1000.000000 0.381592 210.345306 -0.718968 0.000000 0.000000 0.000000 7.602265
1700 18 189.455719 0.000000 1000.000000 1.035273 189.571655 -1.151217 0.000000 0.000000 0.000000 7.189524
1800 19 206.477386 0.000000 1000.000000 0.169116 206.871170 -0.562899 0.000000 0.000000 0.000000 6.335945
1900 20 195.444733 0.000000 1000.000000 1.708098 194.770584 -1.033946 0.000000 0.000000 0.000000 7.491402
2000 21 191.219162 0.000000 1000.000000 0.588875 194.334961 -1.847365 -1.857297 0.000000 0.000000 4.427464
2100 22 210.274796 0.000000 1000.000000 1.917159 210.311737 -1.954108 0.000000 0.000000 0.000000 6.988964
2200 23 212.956604 0.000000 1000.000000 1.276161 212.118546 -0.438095 0.000000 0.000000 0.000000 7.373698
2300 24 191.013184 0.000000 1000.000000 0.807897 194.374847 -1.679017 -2.490537 0.000000 0.000000 9.539685
2400 25 195.057510 0.000000 1000.000000 2.538514 195.730606 -0.742147 -2.469473 0.000000 0.000000 8.336358
2500 26 183.764252 0.000000 1000.000000 0.391272 183.685287 -0.312307 0.000000 0.000000 0.000000 7.311120
2600 27 185.371109 0.000000 1000.000000 1.833577 183.935120 -0.397586 0.000000 0.000000 0.000000 7.845359
2700 28 188.868530 0.000000 1000.000000 1.431730 180.888367 -2.606006 9.154428 0.000000 0.000000 3.736824
2800 29 186.365875 0.000000 1000.000000 0.572307 190.202438 -1.194185 -3.214694 0.000000 0.000000 6.561452
2900 30 203.314209 0.000000 1000.000000 2.327246 201.143784 -0.156822 0.000000 0.000000 0.000000 8.304628
3000 31 190.013702 0.000000 1000.000000 1.109481 189.712982 -0.808758 0.000000 0.000000 0.000000 6.588909
3100 32 203.422485 0.000000 1000.000000 1.426556 202.331757 -0.335830 0.000000 0.000000 0.000000 8.217497
3200 33 205.039932 0.000000 1000.000000 1.917372 203.325974 -0.203407 0.000000 0.000000 0.000000 5.478893
3300 34 174.391403 0.000000 1000.000000 0.925820 174.205185 -0.739608 0.000000 0.000000 0.000000 6.622022
3400 35 197.875641 0.000000 1000.000000 1.770380 196.105255 0.000000 0.000000 0.000000 0.000000 7.225821
3500 36 197.784927 0.000000 1000.000000 1.757263 196.027664 0.000000 0.000000 0.000000 0.000000 8.602594
3600 37 173.860275 0.000000 1000.000000 0.516504 175.912872 -1.337017 -1.232093 0.000000 0.000000 8.896625
3700 38 188.586533 0.000000 1000.000000 0.306468 188.690201 -0.410140 0.000000 0.000000 0.000000 7.281456
3800 39 197.065384 0.000000 1000.000000 0.561759 196.503632 0.000000 0.000000 0.000000 0.000000 10.998386
3900 40 209.670792 0.000000 1000.000000 0.407992 209.262802 0.000000 0.000000 0.000000 0.000000 8.806292
4000 41 184.760727 0.000000 1000.000000 0.598572 189.399399 -0.756728 -4.480510 0.000000 0.000000 9.026391
4100 42 183.898666 0.000000 1000.000000 1.642541 182.256119 0.000000 0.000000 0.000000 0.000000 9.437508
4200 43 191.086990 0.000000 1000.000000 1.090303 190.794708 -0.798017 0.000000 0.000000 0.000000 6.384992
4300 44 198.160065 0.000000 1000.000000 1.279212 197.168396 -0.287537 0.000000 0.000000 0.000000 5.292593
4400 45 198.368729 0.000000 1000.000000 0.326544 199.111923 -1.069725 0.000000 0.000000 0.000000 4.159943
4500 46 198.236694 0.000000 1000.000000 1.511929 197.645126 -0.920367 0.000000 0.000000 0.000000 5.088831
4600 47 193.663284 0.000000 1000.000000 0.775235 175.032135 -1.886955 19.742868 0.000000 0.000000 5.137056
4700 48 184.545334 0.000000 1000.000000 3.000518 182.230606 -0.685791 0.000000 0.000000 0.000000 4.629407
4800 49 193.939850 0.000000 1000.000000 0.968308 193.902710 -0.931171 0.000000 0.000000 0.000000 4.694020
4900 50 179.100098 0.000000 1000.000000 1.394972 177.705124 0.000000 0.000000 0.000000 0.000000 3.328060
5000 51 184.503235 0.000000 1000.000000 0.539548 187.978333 -1.441532 -2.573125 0.000000 0.000000 4.748862
5100 52 195.227448 0.000000 1000.000000 1.992966 196.624390 -1.435642 -1.954277 0.000000 0.000000 4.132791
5200 53 216.090897 0.000000 1000.000000 1.148690 198.059280 -2.775440 19.658352 0.000000 0.000000 2.176419
5300 54 207.804764 0.000000 1000.000000 0.421181 207.383575 0.000000 0.000000 0.000000 0.000000 5.725643
5400 55 175.899521 0.000000 1000.000000 0.716424 175.183090 0.000000 0.000000 0.000000 0.000000 4.849485
5500 56 175.559784 0.000000 1000.000000 2.396802 174.610382 -1.447402 0.000000 0.000000 0.000000 3.686688
5600 57 180.789291 0.000000 1000.000000 1.131409 191.588867 -3.163280 -8.767700 0.000000 0.000000 2.548734
5700 58 203.143112 0.000000 1000.000000 0.746002 203.643524 -1.246412 0.000000 0.000000 0.000000 4.143859
5800 59 201.620895 0.000000 1000.000000 1.021521 204.668900 -2.889601 -1.179914 0.000000 0.000000 4.208301
5900 60 187.956482 0.000000 1000.000000 1.201278 187.678635 -0.923424 0.000000 0.000000 0.000000 6.649053
6000 61 188.371735 0.000000 1000.000000 0.988218 189.240860 -1.857345 0.000000 0.000000 0.000000 5.455383
6100 62 190.278671 0.000000 1000.000000 0.479939 192.078735 -2.279997 0.000000 0.000000 0.000000 4.002959
6200 63 182.496613 0.000000 1000.000000 0.274584 187.301834 -2.760202 -2.319600 0.000000 0.000000 4.483261
6300 64 187.805222 0.000000 1000.000000 1.471279 186.333939 0.000000 0.000000 0.000000 0.000000 4.574072
6400 65 189.664337 0.000000 1000.000000 2.564251 190.954147 -2.849683 -1.004377 0.000000 0.000000 4.326914
6500 66 189.039413 0.000000 1000.000000 1.315049 199.913528 -5.242628 -6.946531 0.000000 0.000000 3.938319
6600 67 173.809113 0.000000 1000.000000 0.392930 176.407166 -1.722735 -1.268244 0.000000 0.000000 6.069999
6700 68 180.547287 0.000000 1000.000000 1.391413 180.890350 -1.734476 0.000000 0.000000 0.000000 6.075438
6800 69 178.472015 0.000000 1000.000000 1.656059 177.707855 -0.891895 0.000000 0.000000 0.000000 4.898936
6900 70 163.206924 0.000000 1000.000000 2.526964 162.029663 -1.349694 0.000000 0.000000 0.000000 5.659408
7000 71 175.137512 0.000000 1000.000000 2.005988 174.039474 -2.385949 1.478006 0.000000 0.000000 3.700303
7100 72 166.616379 0.000000 1000.000000 1.009424 167.122681 -1.515737 0.000000 0.000000 0.000000 5.611346
7200 73 173.434830 0.000000 1000.000000 1.125028 172.996872 -0.687077 0.000000 0.000000 0.000000 5.929591
7300 74 187.840790 0.000000 1000.000000 0.889995 186.950790 0.000000 0.000000 0.000000 0.000000 7.143388
7400 75 170.892242 0.000000 1000.000000 1.223550 169.689316 -0.020632 0.000000 0.000000 0.000000 7.492316
7500 76 164.862854 0.000000 1000.000000 5.051392 161.328995 -1.517530 0.000000 0.000000 0.000000 4.945399
7600 77 158.073837 0.000000 1000.000000 0.488914 159.224442 -1.639505 0.000000 0.000000 0.000000 9.295271
7700 78 158.280869 0.000000 1000.000000 2.367801 157.773941 -1.860868 0.000000 0.000000 0.000000 9.228670
7800 79 181.204422 0.000000 1000.000000 2.650165 178.890945 -0.336685 0.000000 0.000000 0.000000 6.544804
7900 80 181.044830 0.000000 1000.000000 4.671453 177.724594 -1.351210 0.000000 0.000000 0.000000 6.583171
8000 81 197.392487 0.000000 1000.000000 2.347734 197.048813 -2.004066 0.000000 0.000000 0.000000 5.385126
8100 82 183.389755 0.000000 1000.000000 3.692513 179.843216 -0.145974 0.000000 0.000000 0.000000 4.885667
8200 83 165.925751 0.000000 1000.000000 1.056951 166.200623 -1.331811 0.000000 0.000000 0.000000 6.913500
8300 84 167.300980 0.000000 1000.000000 2.189164 165.292892 -0.181071 0.000000 0.000000 0.000000 4.806461
8400 85 162.703232 0.000000 1000.000000 1.454840 161.248398 0.000000 0.000000 0.000000 0.000000 6.549306
8500 86 166.776794 0.000000 1000.000000 5.855922 161.003418 -0.082544 0.000000 0.000000 0.000000 8.071135
8600 87 185.679230 0.000000 1000.000000 3.605570 182.094574 -0.020923 0.000000 0.000000 0.000000 7.095750
8700 88 166.032928 0.000000 1000.000000 1.011815 167.308075 -2.286951 0.000000 0.000000 0.000000 9.132313
8800 89 174.679031 0.000000 1000.000000 1.859857 174.518280 -1.699112 0.000000 0.000000 0.000000 7.553565
8900 90 175.907578 0.000000 1000.000000 2.254547 176.232239 -2.579207 0.000000 0.000000 0.000000 9.150661
9000 91 178.155670 0.000000 1000.000000 2.094233 176.222382 -0.160952 0.000000 0.000000 0.000000 6.485747
9100 92 177.104462 0.000000 1000.000000 0.940822 176.163635 0.000000 0.000000 0.000000 0.000000 6.434146
9200 93 173.669922 0.000000 1000.000000 1.343146 172.326782 0.000000 0.000000 0.000000 0.000000 7.830455
9300 94 182.034576 0.000000 1000.000000 3.909944 178.124634 0.000000 0.000000 0.000000 0.000000 6.792794
9400 95 151.661453 0.000000 1000.000000 2.810676 150.468277 -1.617486 0.000000 0.000000 0.000000 8.397816
9500 96 162.195648 0.000000 1000.000000 0.730405 162.590897 -1.125650 0.000000 0.000000 0.000000 9.872744
9600 97 176.128647 0.000000 1000.000000 1.995743 174.308487 -0.175588 0.000000 0.000000 0.000000 6.611122
9700 98 169.146820 0.000000 1000.000000 2.494179 168.314728 -1.662075 0.000000 0.000000 0.000000 7.009654
9800 99 150.397461 0.000000 1000.000000 2.162542 150.786606 -2.551677 0.000000 0.000000 0.000000 7.223551
9900 100 170.369553 0.000000 1000.000000 2.266371 170.358490 -2.255307 0.000000 0.000000 0.000000 9.538976
10000 101 158.142426 0.000000 1000.000000 1.875994 156.407578 -0.141144 0.000000 0.000000 0.000000 8.192154
10100 102 182.001114 0.000000 1000.000000 1.711744 180.289368 0.000000 0.000000 0.000000 0.000000 9.554510
10200 103 162.958862 0.000000 1000.000000 1.338605 163.145782 -1.525531 0.000000 0.000000 0.000000 7.455177
10300 104 178.981644 0.000000 1000.000000 2.505223 178.379623 -1.903195 0.000000 0.000000 0.000000 5.835205
10400 105 174.132111 0.000000 1000.000000 1.107001 173.993607 -0.968493 0.000000 0.000000 0.000000 7.774571
10500 106 179.969406 0.000000 1000.000000 2.349522 177.619888 0.000000 0.000000 0.000000 0.000000 9.024742
10600 107 177.367111 0.000000 1000.000000 0.720346 176.747253 -0.100492 0.000000 0.000000 0.000000 6.114570
10700 108 165.015091 0.000000 1000.000000 1.227574 164.130188 -0.342659 0.000000 0.000000 0.000000 5.812507
10800 109 185.504715 0.000000 1000.000000 1.741341 181.534714 -0.761094 2.989742 0.000000 0.000000 6.667111
10900 110 171.655884 0.000000 1000.000000 1.894001 169.784103 -0.022223 0.000000 0.000000 0.000000 6.859313
11000 111 160.596542 0.000000 1000.000000 0.433972 162.424850 -2.262284 0.000000 0.000000 0.000000 7.703584
11100 112 175.628159 0.000000 1000.000000 0.765569 175.036285 -0.173686 0.000000 0.000000 0.000000 5.943713
11200 113 191.039062 0.000000 1000.000000 1.019507 190.224319 -0.204756 0.000000 0.000000 0.000000 6.622806
11300 114 189.578110 0.000000 1000.000000 1.886988 188.956299 -1.265179 0.000000 0.000000 0.000000 6.737930
11400 115 176.869064 0.000000 1000.000000 1.001259 175.947617 -0.079817 0.000000 0.000000 0.000000 8.473988
11500 116 162.565170 0.000000 1000.000000 1.559717 161.143707 -0.138258 0.000000 0.000000 0.000000 8.397871
11600 117 170.323044 0.000000 1000.000000 1.455161 168.931061 -0.063166 0.000000 0.000000 0.000000 10.194813
11700 118 188.950455 0.000000 1000.000000 1.424118 187.773712 -0.247383 0.000000 0.000000 0.000000 7.090499
11800 119 168.133286 0.000000 1000.000000 1.123418 168.639587 -1.629718 0.000000 0.000000 0.000000 6.274518
11900 120 193.822159 0.000000 1000.000000 2.086471 191.763687 -0.028001 0.000000 0.000000 0.000000 4.684046
12000 121 207.060730 0.000000 1000.000000 0.669954 183.446655 -2.156378 25.100502 0.000000 0.000000 4.608533
12100 122 180.136444 0.000000 1000.000000 0.753618 180.152206 -0.769371 0.000000 0.000000 0.000000 7.520317
12200 123 163.605499 0.000000 1000.000000 1.013832 164.925430 -2.333762 0.000000 0.000000 0.000000 5.715788
12300 124 168.010910 0.000000 1000.000000 0.286182 167.724731 0.000000 0.000000 0.000000 0.000000 8.578556
12400 125 177.993027 0.000000 1000.000000 1.682193 176.310837 0.000000 0.000000 0.000000 0.000000 6.335245
12500 126 180.853348 0.000000 1000.000000 1.394891 180.146255 -0.687803 0.000000 0.000000 0.000000 7.063014
12600 127 318.765198 0.000000 1000.000000 2.075304 175.498337 -3.037269 144.228806 0.000000 0.000000 7.520360
12700 128 186.728333 0.000000 1000.000000 1.853876 184.874451 0.000000 0.000000 0.000000 0.000000 10.046658
12800 129 170.136795 0.000000 1000.000000 0.680472 170.025970 -0.569642 0.000000 0.000000 0.000000 6.135085
12900 130 185.711380 0.000000 1000.000000 1.959643 183.751740 0.000000 0.000000 0.000000 0.000000 5.908723
13000 131 177.918198 0.000000 1000.000000 0.204692 177.753036 -0.039541 0.000000 0.000000 0.000000 10.086345
13100 132 185.343155 0.000000 1000.000000 0.312601 185.080627 -0.050073 0.000000 0.000000 0.000000 9.437420
13200 133 177.906418 0.000000 1000.000000 0.812243 177.094177 0.000000 0.000000 0.000000 0.000000 7.690997
13300 134 180.443207 0.000000 1000.000000 1.670829 179.036026 -0.263639 0.000000 0.000000 0.000000 8.550823
13400 135 180.333237 0.000000 1000.000000 2.347642 178.048599 -0.062998 0.000000 0.000000 0.000000 7.412213
13500 136 208.020126 0.000000 1000.000000 0.876833 160.816376 -1.530300 47.857224 0.000000 0.000000 6.688354
13600 137 183.879044 0.000000 1000.000000 2.621680 181.730591 -0.473220 0.000000 0.000000 0.000000 6.694353
13700 138 171.871033 0.000000 1000.000000 2.063519 170.824829 -1.017319 0.000000 0.000000 0.000000 7.514700
13800 139 174.874786 0.000000 1000.000000 2.854819 172.064529 -0.044558 0.000000 0.000000 0.000000 7.016896
13900 140 205.749191 0.000000 1000.000000 3.002780 202.746414 0.000000 0.000000 0.000000 0.000000 6.824339
14000 141 155.688522 0.000000 1000.000000 1.097318 154.859619 -0.268410 0.000000 0.000000 0.000000 8.502249
14100 142 184.631088 0.000000 1000.000000 1.289213 183.985550 -0.643672 0.000000 0.000000 0.000000 8.898887
14200 143 182.464325 0.000000 1000.000000 0.807736 182.193817 -0.537239 0.000000 0.000000 0.000000 7.213892
14300 144 157.379623 0.000000 1000.000000 1.535767 156.454742 -0.610886 0.000000 0.000000 0.000000 6.364604
14400 145 162.160172 0.000000 1000.000000 1.588699 160.969070 -0.397600 0.000000 0.000000 0.000000 8.682755
14500 146 157.032913 0.000000 1000.000000 2.174974 154.884781 -0.026841 0.000000 0.000000 0.000000 7.367515
14600 147 163.395737 0.000000 1000.000000 1.997470 161.454163 -0.055890 0.000000 0.000000 0.000000 6.280854
14700 148 166.803894 0.000000 1000.000000 0.993884 165.995453 -0.185435 0.000000 0.000000 0.000000 9.584985
14800 149 194.206116 0.000000 1000.000000 1.227705 151.708939 -0.672438 41.941902 0.000000 0.000000 7.382080
14900 150 170.891159 0.000000 1000.000000 1.131721 170.618546 -0.859098 0.000000 0.000000 0.000000 7.516683
15000 151 155.073212 0.000000 1000.000000 1.514155 154.125565 -0.566511 0.000000 0.000000 0.000000 5.146162
15100 152 167.964691 0.000000 1000.000000 2.581357 165.383331 0.000000 0.000000 0.000000 0.000000 5.565512
15200 153 162.629883 0.000000 1000.000000 2.872319 160.319031 -0.561458 0.000000 0.000000 0.000000 3.701931
15300 154 157.392822 0.000000 1000.000000 2.848948 154.543869 0.000000 0.000000 0.000000 0.000000 5.168217
15400 155 174.805176 0.000000 1000.000000 2.058670 172.746506 0.000000 0.000000 0.000000 0.000000 5.989044
15500 156 150.706741 0.000000 1000.000000 1.362249 149.369461 -0.024957 0.000000 0.000000 0.000000 7.916320
15600 157 155.282333 0.000000 1000.000000 1.022253 154.260086 0.000000 0.000000 0.000000 0.000000 8.493869
15700 158 171.359283 0.000000 1000.000000 2.921718 168.437561 0.000000 0.000000 0.000000 0.000000 5.876990
15800 159 163.497726 0.000000 1000.000000 0.653456 166.052475 -0.627805 -2.580397 0.000000 0.000000 6.930971
15900 160 144.116791 0.000000 1000.000000 1.758006 142.727036 -0.368263 0.000000 0.000000 0.000000 7.885102
16000 161 143.611359 0.000000 1000.000000 1.613704 142.019943 -0.022296 0.000000 0.000000 0.000000 7.350355
16100 162 152.160187 0.000000 1000.000000 0.648080 152.225174 -0.713078 0.000000 0.000000 0.000000 6.951237
16200 163 161.628372 0.000000 1000.000000 1.530147 160.098221 0.000000 0.000000 0.000000 0.000000 6.540583
16300 164 146.080109 0.000000 1000.000000 0.263716 146.458984 -0.642597 0.000000 0.000000 0.000000 7.416559
16400 165 158.355591 0.000000 1000.000000 1.536703 157.024521 -0.205623 0.000000 0.000000 0.000000 6.873382
16500 166 132.151672 0.000000 1000.000000 1.777295 130.374374 0.000000 0.000000 0.000000 0.000000 11.946397
16600 167 143.432449 0.000000 1000.000000 0.487522 142.944931 0.000000 0.000000 0.000000 0.000000 10.313980
16700 168 159.422104 0.000000 1000.000000 3.091114 156.439117 -0.108119 0.000000 0.000000 0.000000 11.660273
16800 169 159.993866 0.000000 1000.000000 0.958489 159.035370 0.000000 0.000000 0.000000 0.000000 7.536971
16900 170 147.300659 0.000000 1000.000000 2.322097 144.978561 0.000000 0.000000 0.000000 0.000000 6.298343
17000 171 150.948975 0.000000 1000.000000 0.281687 150.756393 -0.089109 0.000000 0.000000 0.000000 7.452773
17100 172 151.018661 0.000000 1000.000000 0.461271 150.620956 -0.063567 0.000000 0.000000 0.000000 9.750301
17200 173 156.571259 0.000000 1000.000000 0.807052 155.764206 0.000000 0.000000 0.000000 0.000000 6.449815
17300 174 176.452972 0.000000 1000.000000 1.473989 175.101227 -0.122237 0.000000 0.000000 0.000000 6.499652
17400 175 157.378662 0.000000 1000.000000 1.919192 155.536346 -0.076872 0.000000 0.000000 0.000000 7.571875
17500 176 166.067383 0.000000 1000.000000 0.552608 166.356094 -0.841328 0.000000 0.000000 0.000000 6.474050
17600 177 152.791183 0.000000 1000.000000 0.608587 152.182602 0.000000 0.000000 0.000000 0.000000 6.588484
17700 178 146.391998 0.000000 1000.000000 0.701551 145.781754 -0.091315 0.000000 0.000000 0.000000 8.701495
17800 179 144.682114 0.000000 1000.000000 0.505409 144.659073 -0.482377 0.000000 0.000000 0.000000 6.808736
17900 180 140.785370 0.000000 1000.000000 0.225637 141.258301 -0.698566 0.000000 0.000000 0.000000 7.431946
18000 181 159.429138 0.000000 1000.000000 1.932451 158.162003 -0.665307 0.000000 0.000000 0.000000 6.564419
18100 182 157.656601 0.000000 1000.000000 1.108655 157.062622 -0.514673 0.000000 0.000000 0.000000 6.579896
18200 183 156.957703 0.000000 1000.000000 0.533331 156.424377 0.000000 0.000000 0.000000 0.000000 5.807849
18300 184 159.621964 0.000000 1000.000000 1.945384 157.676575 0.000000 0.000000 0.000000 0.000000 5.013561
18400 185 157.113571 0.000000 1000.000000 0.783008 156.330566 0.000000 0.000000 0.000000 0.000000 4.750992
18500 186 158.652313 0.000000 1000.000000 0.977420 158.002319 -0.327416 0.000000 0.000000 0.000000 4.791815
18600 187 156.391129 0.000000 1000.000000 1.161509 155.229614 0.000000 0.000000 0.000000 0.000000 4.909649
18700 188 157.059601 0.000000 1000.000000 0.516142 156.679794 -0.136336 0.000000 0.000000 0.000000 7.215180
18800 189 152.147217 0.000000 1000.000000 0.384117 152.338043 -0.574956 0.000000 0.000000 0.000000 10.072814
18900 190 152.200302 0.000000 1000.000000 0.595446 151.704498 -0.099632 0.000000 0.000000 0.000000 10.451195
19000 191 176.416061 0.000000 1000.000000 0.558915 175.857147 0.000000 0.000000 0.000000 0.000000 5.630485
19100 192 145.706345 0.000000 1000.000000 0.858882 144.986740 -0.139276 0.000000 0.000000 0.000000 7.166627
19200 193 150.349548 0.000000 1000.000000 0.457670 149.891876 0.000000 0.000000 0.000000 0.000000 5.198241
19300 194 143.802567 0.000000 1000.000000 1.145059 142.742050 -0.084543 0.000000 0.000000 0.000000 6.371553
19400 195 137.886093 0.000000 1000.000000 0.399797 137.486298 0.000000 0.000000 0.000000 0.000000 7.568174
19500 196 152.367416 0.000000 1000.000000 0.689479 151.677933 0.000000 0.000000 0.000000 0.000000 6.621880
19600 197 154.331055 0.000000 1000.000000 2.735323 151.595734 0.000000 0.000000 0.000000 0.000000 5.049468
19700 198 179.463776 0.000000 1000.000000 1.409965 178.137100 -0.083284 0.000000 0.000000 0.000000 8.621780
19800 199 154.418823 0.000000 1000.000000 1.749741 152.774902 -0.105824 0.000000 0.000000 0.000000 7.010773
19900 200 149.654724 0.000000 1000.000000 2.215019 147.439713 0.000000 0.000000 0.000000 0.000000 8.975740
20000 201 149.129700 0.000000 1000.000000 1.593430 147.536270 0.000000 0.000000 0.000000 0.000000 10.555510
20100 202 167.573868 0.000000 1000.000000 1.070248 166.503616 0.000000 0.000000 0.000000 0.000000 7.043866
20200 203 132.945404 0.000000 1000.000000 0.641172 132.572357 -0.268120 0.000000 0.000000 0.000000 9.741909
20300 204 160.554413 0.000000 1000.000000 0.513036 160.041382 0.000000 0.000000 0.000000 0.000000 12.713838
20400 205 179.167801 0.000000 1000.000000 0.619653 178.779846 -0.231699 0.000000 0.000000 0.000000 9.490601
20500 206 160.810791 0.000000 1000.000000 1.152016 159.965683 -0.306912 0.000000 0.000000 0.000000 8.168514
20600 207 142.275131 0.000000 1000.000000 1.125831 141.398010 -0.248705 0.000000 0.000000 0.000000 7.031119
20700 208 146.341019 0.000000 1000.000000 0.292941 146.222031 -0.173944 0.000000 0.000000 0.000000 6.875618
20800 209 147.819580 0.000000 1000.000000 1.969643 146.617783 -0.767849 0.000000 0.000000 0.000000 6.956456
20900 210 159.094055 0.000000 1000.000000 0.912005 158.366760 -0.184706 0.000000 0.000000 0.000000 5.891210
21000 211 146.123230 0.000000 1000.000000 1.480797 144.642441 0.000000 0.000000 0.000000 0.000000 7.353294
21100 212 170.229874 0.000000 1000.000000 1.402097 142.652023 -1.245114 27.420874 0.000000 0.000000 9.602267
21200 213 152.265030 0.000000 1000.000000 0.362417 151.902618 0.000000 0.000000 0.000000 0.000000 6.264013
21300 214 151.731979 0.000000 1000.000000 0.550134 151.335526 -0.153689 0.000000 0.000000 0.000000 6.807448
21400 215 163.706787 0.000000 1000.000000 0.252494 163.454300 0.000000 0.000000 0.000000 0.000000 7.474500
21500 216 154.978836 0.000000 1000.000000 0.339782 154.823578 -0.184528 0.000000 0.000000 0.000000 5.793147
21600 217 142.831436 0.000000 1000.000000 0.543138 142.288300 0.000000 0.000000 0.000000 0.000000 8.698561
21700 218 150.807571 0.000000 1000.000000 0.873308 150.331940 -0.397672 0.000000 0.000000 0.000000 11.408755
21800 219 154.849197 0.000000 1000.000000 2.276407 152.645676 -0.072885 0.000000 0.000000 0.000000 8.287086
21900 220 139.039459 0.000000 1000.000000 1.490065 138.078506 -0.529114 0.000000 0.000000 0.000000 8.129349
22000 221 165.473785 0.000000 1000.000000 0.575530 165.179626 -0.281377 0.000000 0.000000 0.000000 7.748962
22100 222 153.077332 0.000000 1000.000000 0.890606 152.318176 -0.131450 0.000000 0.000000 0.000000 10.771266
22200 223 149.859299 0.000000 1000.000000 0.441407 149.576660 -0.158761 0.000000 0.000000 0.000000 8.196989
22300 224 150.337021 0.000000 1000.000000 0.789546 150.052353 -0.504887 0.000000 0.000000 0.000000 10.112957
22400 225 167.258484 0.000000 1000.000000 0.477378 166.781113 0.000000 0.000000 0.000000 0.000000 4.973423
22500 226 131.961899 0.000000 1000.000000 0.380326 132.403976 -0.822402 0.000000 0.000000 0.000000 5.351437
22600 227 172.334213 0.000000 1000.000000 1.893056 170.674622 -0.233461 0.000000 0.000000 0.000000 9.467772
22700 228 153.553970 0.000000 1000.000000 0.996836 152.557129 0.000000 0.000000 0.000000 0.000000 7.181810
22800 229 161.707245 0.000000 1000.000000 0.513166 161.629440 -0.435359 0.000000 0.000000 0.000000 9.204954
22900 230 165.164612 0.000000 1000.000000 0.460030 164.704575 0.000000 0.000000 0.000000 0.000000 7.715598
23000 231 161.292969 0.000000 1000.000000 0.282642 161.421509 -0.411172 0.000000 0.000000 0.000000 4.946089
23100 232 158.638794 0.000000 1000.000000 1.105327 157.557571 -0.024104 0.000000 0.000000 0.000000 4.834464
23200 233 164.097382 0.000000 1000.000000 1.762575 162.485535 -0.150727 0.000000 0.000000 0.000000 5.740428
23300 234 174.766983 0.000000 1000.000000 1.152797 173.614182 0.000000 0.000000 0.000000 0.000000 4.563705
23400 235 156.325119 0.000000 1000.000000 0.189628 156.342545 -0.207049 0.000000 0.000000 0.000000 5.643283
23500 236 162.634460 0.000000 1000.000000 0.358944 162.416840 -0.141328 0.000000 0.000000 0.000000 6.282208
23600 237 174.716080 0.000000 1000.000000 1.284352 173.714279 -0.282548 0.000000 0.000000 0.000000 7.801595
23700 238 152.626175 0.000000 1000.000000 0.956808 151.917252 -0.247880 0.000000 0.000000 0.000000 8.872352
23800 239 137.283447 0.000000 1000.000000 0.737471 137.094940 -0.548970 0.000000 0.000000 0.000000 7.887931
23900 240 162.672653 0.000000 1000.000000 1.865208 161.207687 -0.400236 0.000000 0.000000 0.000000 8.465249
24000 241 154.157974 0.000000 1000.000000 0.559438 153.598541 0.000000 0.000000 0.000000 0.000000 10.219070
24100 242 130.645279 0.000000 1000.000000 0.308421 130.601303 -0.264449 0.000000 0.000000 0.000000 8.962718
24200 243 134.844070 0.000000 1000.000000 0.743443 134.180832 -0.080203 0.000000 0.000000 0.000000 10.340826
24300 244 136.437195 0.000000 1000.000000 1.523719 141.672241 -1.760655 -4.998109 0.000000 0.000000 7.355790
24400 245 138.735001 0.000000 1000.000000 0.506716 138.413940 -0.185646 0.000000 0.000000 0.000000 7.006233
24500 246 139.928604 0.000000 1000.000000 0.178554 141.169205 -1.419158 0.000000 0.000000 0.000000 6.251254
24600 247 141.762711 0.000000 1000.000000 0.261834 141.644043 -0.143176 0.000000 0.000000 0.000000 8.403311
24700 248 129.296448 0.000000 1000.000000 0.603163 128.693283 0.000000 0.000000 0.000000 0.000000 8.565395
24800 249 138.919113 0.000000 1000.000000 0.555569 138.363541 0.000000 0.000000 0.000000 0.000000 9.213244
24900 250 129.968613 0.000000 1000.000000 0.508136 130.792633 -1.332159 0.000000 0.000000 0.000000 6.761222
25000 251 146.709122 0.000000 1000.000000 0.538471 146.170654 0.000000 0.000000 0.000000 0.000000 7.108894
25100 252 171.283569 0.000000 1000.000000 1.674201 169.609375 0.000000 0.000000 0.000000 0.000000 6.874028
25200 253 149.324417 0.000000 1000.000000 1.067012 148.752197 -0.494804 0.000000 0.000000 0.000000 6.216816
25300 254 161.012375 0.000000 1000.000000 0.440785 160.571594 0.000000 0.000000 0.000000 0.000000 8.778288
25400 255 147.286743 0.000000 1000.000000 0.935723 146.351013 0.000000 0.000000 0.000000 0.000000 8.712450
25500 256 151.234268 0.000000 1000.000000 0.414587 150.819687 0.000000 0.000000 0.000000 0.000000 8.171681
25600 257 136.396515 0.000000 1000.000000 0.708500 139.520187 -0.683886 -3.148281 0.000000 0.000000 7.321131
25700 258 131.721390 0.000000 1000.000000 0.493987 131.227402 0.000000 0.000000 0.000000 0.000000 8.575726
25800 259 118.356316 0.000000 1000.000000 1.535124 122.195808 -1.843704 -3.530914 0.000000 0.000000 8.789955
25900 260 150.883972 0.000000 1000.000000 0.720208 150.163757 0.000000 0.000000 0.000000 0.000000 8.601855
26000 261 157.805328 0.000000 1000.000000 1.018304 156.787018 0.000000 0.000000 0.000000 0.000000 8.985600
26100 262 146.320450 0.000000 1000.000000 0.440282 146.571838 -0.691660 0.000000 0.000000 0.000000 9.644177
26200 263 137.038925 0.000000 1000.000000 0.266252 136.772675 0.000000 0.000000 0.000000 0.000000 8.225040
26300 264 141.272812 0.000000 1000.000000 0.641642 141.663742 -1.032584 0.000000 0.000000 0.000000 9.280122
26400 265 150.288437 0.000000 1000.000000 0.935703 149.352737 0.000000 0.000000 0.000000 0.000000 7.066449
26500 266 129.078812 0.000000 1000.000000 1.124065 128.558182 -0.603434 0.000000 0.000000 0.000000 9.348087
26600 267 131.183411 0.000000 1000.000000 0.205726 133.204025 -1.623270 -0.603053 0.000000 0.000000 9.200931
26700 268 159.940918 0.000000 1000.000000 0.554753 159.654083 -0.267909 0.000000 0.000000 0.000000 8.239897
26800 269 146.229050 0.000000 1000.000000 0.481785 151.170898 -2.004588 -3.419041 0.000000 0.000000 7.877221
26900 270 150.065338 0.000000 1000.000000 1.379816 148.685516 0.000000 0.000000 0.000000 0.000000 7.356198
27000 271 141.371002 0.000000 1000.000000 1.272783 140.098221 0.000000 0.000000 0.000000 0.000000 6.727250
27100 272 141.270477 0.000000 1000.000000 0.258722 141.011749 0.000000 0.000000 0.000000 0.000000 5.478756
27200 273 134.194580 0.000000 1000.000000 0.537257 137.104279 -1.563505 -1.883450 0.000000 0.000000 6.210443
27300 274 144.656708 0.000000 1000.000000 0.359542 144.297165 0.000000 0.000000 0.000000 0.000000 5.856196
27400 275 137.117676 0.000000 1000.000000 0.640900 136.476776 0.000000 0.000000 0.000000 0.000000 8.741340
27500 276 137.089905 0.000000 1000.000000 0.322500 137.673965 -0.906561 0.000000 0.000000 0.000000 5.688455
27600 277 120.782425 0.000000 1000.000000 0.867822 121.485367 -1.570764 0.000000 0.000000 0.000000 5.743366
27700 278 143.331131 0.000000 1000.000000 0.418187 144.774445 -1.861491 0.000000 0.000000 0.000000 6.869319
27800 279 171.749588 0.000000 1000.000000 0.406903 171.548843 -0.206154 0.000000 0.000000 0.000000 7.209550
27900 280 156.403427 0.000000 1000.000000 0.874868 155.528564 0.000000 0.000000 0.000000 0.000000 7.435908
28000 281 162.661331 0.000000 1000.000000 1.028829 161.632507 0.000000 0.000000 0.000000 0.000000 6.537320
28100 282 161.341751 0.000000 1000.000000 0.256257 161.227661 -0.142169 0.000000 0.000000 0.000000 9.689707
28200 283 144.994110 0.000000 1000.000000 1.156327 144.600235 -0.762445 0.000000 0.000000 0.000000 7.109320
28300 284 134.568817 0.000000 1000.000000 0.419148 136.748062 -2.598391 0.000000 0.000000 0.000000 8.235047
28400 285 147.901138 0.000000 1000.000000 0.709165 147.191971 0.000000 0.000000 0.000000 0.000000 9.348828
28500 286 129.898788 0.000000 1000.000000 0.463119 134.012619 -1.411187 -3.165756 0.000000 0.000000 7.274862
28600 287 136.301834 0.000000 1000.000000 0.119615 137.109650 -1.190465 0.263025 0.000000 0.000000 9.454636
28700 288 135.148285 0.000000 1000.000000 0.330456 134.817825 0.000000 0.000000 0.000000 0.000000 9.878729
28800 289 119.100060 0.000000 1000.000000 0.283565 120.473625 -1.657126 0.000000 0.000000 0.000000 8.718835
28900 290 124.955399 0.000000 1000.000000 0.368486 126.179512 -1.592602 0.000000 0.000000 0.000000 5.233647
29000 291 135.252899 0.000000 1000.000000 0.362930 137.058777 -2.168810 0.000000 0.000000 0.000000 6.263354
29100 292 119.135399 0.000000 1000.000000 0.241187 118.894211 0.000000 0.000000 0.000000 0.000000 7.855045
29200 293 131.545410 0.000000 1000.000000 0.421522 136.789642 -2.098612 -3.567142 0.000000 0.000000 6.409881
29300 294 134.576233 0.000000 1000.000000 0.764354 135.760788 -1.948909 0.000000 0.000000 0.000000 6.650842
29400 295 140.842728 0.000000 1000.000000 1.001045 140.192764 -0.351095 0.000000 0.000000 0.000000 7.540156
29500 296 122.334663 0.000000 1000.000000 0.430145 121.904518 0.000000 0.000000 0.000000 0.000000 9.333086
29600 297 131.942108 0.000000 1000.000000 1.049776 134.927200 -1.368803 -2.666055 0.000000 0.000000 10.001236
29700 298 127.241150 0.000000 1000.000000 0.511179 128.822464 -2.092496 0.000000 0.000000 0.000000 9.690949
29800 299 137.652496 0.000000 1000.000000 0.285165 138.040756 -0.673431 0.000000 0.000000 0.000000 8.106213
29900 300 146.186188 0.000000 1000.000000 0.269658 146.976578 -1.060044 0.000000 0.000000 0.000000 12.462130
30000 301 157.954880 0.000000 1000.000000 1.122038 156.832840 0.000000 0.000000 0.000000 0.000000 9.345052
30100 302 152.435318 0.000000 1000.000000 0.156691 153.182953 -0.904323 0.000000 0.000000 0.000000 8.348272
30200 303 117.862808 0.000000 1000.000000 0.670511 121.656097 -1.775919 -2.687885 0.000000 0.000000 8.497594
30300 304 138.162567 0.000000 1000.000000 0.350251 138.305374 -0.493052 0.000000 0.000000 0.000000 9.064992
30400 305 130.446228 0.000000 1000.000000 0.188701 130.515594 -0.258079 0.000000 0.000000 0.000000 7.074353
30500 306 128.377472 0.000000 1000.000000 0.445185 128.818756 -0.886470 0.000000 0.000000 0.000000 8.492064
30600 307 143.419067 0.000000 1000.000000 0.482646 144.724930 -1.788516 0.000000 0.000000 0.000000 7.075633
30700 308 142.526443 0.000000 1000.000000 1.165161 141.903351 -0.542063 0.000000 0.000000 0.000000 6.917212
30800 309 137.665802 0.000000 1000.000000 1.195319 138.174835 -1.704339 0.000000 0.000000 0.000000 6.807757
30900 310 130.066986 0.000000 1000.000000 0.371917 131.488144 -1.793079 0.000000 0.000000 0.000000 8.466109
31000 311 122.226250 0.000000 1000.000000 0.136515 123.418518 -1.328778 0.000000 0.000000 0.000000 8.524370
31100 312 137.798584 0.000000 1000.000000 0.404350 138.442703 -1.048478 0.000000 0.000000 0.000000 7.466079
31200 313 133.494797 0.000000 1000.000000 0.279149 133.215652 0.000000 0.000000 0.000000 0.000000 6.947175
31300 314 136.394852 0.000000 1000.000000 0.699097 137.175552 -1.479800 0.000000 0.000000 0.000000 6.871914
31400 315 126.132195 0.000000 1000.000000 0.237710 131.395081 -2.708705 -2.791895 0.000000 0.000000 6.935857
31500 316 132.530273 0.000000 1000.000000 1.049534 131.824051 -0.343301 0.000000 0.000000 0.000000 8.738606
31600 317 135.622635 0.000000 1000.000000 0.969818 134.652817 0.000000 0.000000 0.000000 0.000000 8.291359
31700 318 150.047089 0.000000 1000.000000 0.499502 150.156250 -0.608651 0.000000 0.000000 0.000000 9.583610
31800 319 132.435837 0.000000 1000.000000 1.208957 132.278381 -1.051498 0.000000 0.000000 0.000000 10.407832
31900 320 124.703407 0.000000 1000.000000 0.655909 124.047501 0.000000 0.000000 0.000000 0.000000 10.679673
32000 321 127.197136 0.000000 1000.000000 0.281497 127.292290 -0.376646 0.000000 0.000000 0.000000 7.026443
32100 322 135.550522 0.000000 1000.000000 0.607464 140.052902 -1.736780 -3.373065 0.000000 0.000000 7.426379
32200 323 131.041565 0.000000 1000.000000 0.066943 132.191223 -1.216602 0.000000 0.000000 0.000000 9.504592
32300 324 141.790024 0.000000 1000.000000 0.623035 141.166992 0.000000 0.000000 0.000000 0.000000 10.066374
32400 325 149.745789 0.000000 1000.000000 0.275500 151.274780 -1.804483 0.000000 0.000000 0.000000 10.258919
32500 326 163.943390 0.000000 1000.000000 0.997736 162.945648 0.000000 0.000000 0.000000 0.000000 8.895893
32600 327 132.369400 0.000000 1000.000000 0.475525 131.893875 0.000000 0.000000 0.000000 0.000000 11.908154
32700 328 153.413910 0.000000 1000.000000 0.408968 153.331024 -0.326073 0.000000 0.000000 0.000000 9.379646
32800 329 126.775543 0.000000 1000.000000 0.345638 126.429909 0.000000 0.000000 0.000000 0.000000 10.697888
32900 330 120.656067 0.000000 1000.000000 0.144727 121.883583 -1.372242 0.000000 0.000000 0.000000 9.320435
33000 331 124.556976 0.000000 1000.000000 0.751404 124.266228 -0.460656 0.000000 0.000000 0.000000 7.060938
33100 332 132.476807 0.000000 1000.000000 1.495903 132.809341 -1.828447 0.000000 0.000000 0.000000 7.928614
33200 333 153.847244 0.000000 1000.000000 0.957387 128.735443 -1.868458 26.022879 0.000000 0.000000 6.801762
33300 334 147.790482 0.000000 1000.000000 0.853922 147.367065 -0.430518 0.000000 0.000000 0.000000 6.779299
33400 335 146.997330 0.000000 1000.000000 0.495568 146.501755 0.000000 0.000000 0.000000 0.000000 6.190397
33500 336 145.533737 0.000000 1000.000000 0.504539 146.311417 -1.282209 0.000000 0.000000 0.000000 5.985232
33600 337 147.180725 0.000000 1000.000000 0.985770 146.194962 0.000000 0.000000 0.000000 0.000000 5.224130
33700 338 147.414581 0.000000 1000.000000 0.633969 147.405807 -0.625193 0.000000 0.000000 0.000000 5.833803
33800 339 136.604187 0.000000 1000.000000 0.312843 138.549805 -2.258453 0.000000 0.000000 0.000000 6.422641
33900 340 132.408020 0.000000 1000.000000 0.380391 133.555771 -1.528144 0.000000 0.000000 0.000000 6.338582
34000 341 138.397568 0.000000 1000.000000 0.297977 137.365356 -1.834752 2.568987 0.000000 0.000000 6.339859
34100 342 156.331436 0.000000 1000.000000 0.293408 157.109848 -1.071825 0.000000 0.000000 0.000000 5.910870
34200 343 138.236237 0.000000 1000.000000 0.588989 140.210999 -2.563753 0.000000 0.000000 0.000000 5.125492
34300 344 131.828018 0.000000 1000.000000 0.901630 132.125534 -1.199146 0.000000 0.000000 0.000000 7.716600
34400 345 155.148544 0.000000 1000.000000 0.745725 154.402817 0.000000 0.000000 0.000000 0.000000 6.872477
34500 346 136.773453 0.000000 1000.000000 0.573376 136.200073 0.000000 0.000000 0.000000 0.000000 6.768106
34600 347 134.254349 0.000000 1000.000000 0.168073 134.523438 -0.437168 0.000000 0.000000 0.000000 10.508400
34700 348 133.781998 0.000000 1000.000000 0.202893 134.600357 -1.021251 0.000000 0.000000 0.000000 7.414244
34800 349 143.656769 0.000000 1000.000000 1.239669 143.073761 -0.656661 0.000000 0.000000 0.000000 8.982856
34900 350 118.971123 0.000000 1000.000000 0.182807 118.788315 0.000000 0.000000 0.000000 0.000000 7.714359
35000 351 135.783569 0.000000 1000.000000 0.454976 135.328598 0.000000 0.000000 0.000000 0.000000 7.592108
35100 352 141.601990 0.000000 1000.000000 0.392692 141.209305 0.000000 0.000000 0.000000 0.000000 10.256470
35200 353 130.627136 0.000000 1000.000000 0.780797 130.378174 -0.531829 0.000000 0.000000 0.000000 10.146495
35300 354 130.935226 0.000000 1000.000000 0.232769 131.253479 -0.551026 0.000000 0.000000 0.000000 8.721610
35400 355 136.402847 0.000000 1000.000000 0.410428 136.437119 -0.444700 0.000000 0.000000 0.000000 9.096070
35500 356 131.472015 0.000000 1000.000000 0.828045 130.729874 -0.085906 0.000000 0.000000 0.000000 8.088140
35600 357 122.336052 0.000000 1000.000000 0.177570 122.158485 0.000000 0.000000 0.000000 0.000000 7.764787
35700 358 117.783539 0.000000 1000.000000 0.162262 118.079910 -0.458632 0.000000 0.000000 0.000000 8.103937
35800 359 134.924896 0.000000 1000.000000 0.685899 134.855774 -0.616772 0.000000 0.000000 0.000000 7.245765
35900 360 147.192993 0.000000 1000.000000 0.411046 122.646744 -2.318249 26.453444 0.000000 0.000000 6.218452
36000 361 123.362236 0.000000 1000.000000 1.549412 123.703865 -1.891043 0.000000 0.000000 0.000000 7.124002
36100 362 130.432571 0.000000 1000.000000 0.382910 130.741058 -0.691395 0.000000 0.000000 0.000000 7.156091
36200 363 129.888809 0.000000 1000.000000 0.466535 129.422272 0.000000 0.000000 0.000000 0.000000 9.040923
36300 364 143.193237 0.000000 1000.000000 0.429749 142.763489 0.000000 0.000000 0.000000 0.000000 5.275707
36400 365 127.058250 0.000000 1000.000000 0.207698 127.486542 -0.635983 0.000000 0.000000 0.000000 6.914649
36500 366 124.947998 0.000000 1000.000000 0.331982 126.347359 -1.731336 0.000000 0.000000 0.000000 6.675691
36600 367 126.698151 0.000000 1000.000000 0.429810 126.821335 -0.552993 0.000000 0.000000 0.000000 7.723707
36700 368 134.117935 0.000000 1000.000000 0.518549 140.791656 -2.285382 -4.906894 0.000000 0.000000 7.164340
36800 369 145.299469 0.000000 1000.000000 0.353427 145.938248 -0.992206 0.000000 0.000000 0.000000 7.694218
36900 370 127.790565 0.000000 1000.000000 1.990417 126.309998 -0.509850 0.000000 0.000000 0.000000 7.414902
37000 371 128.593781 0.000000 1000.000000 0.464902 128.128876 0.000000 0.000000 0.000000 0.000000 6.717143
37100 372 120.922966 0.000000 1000.000000 0.460767 125.736946 -2.890621 -2.384133 0.000000 0.000000 6.694099
37200 373 130.438751 0.000000 1000.000000 0.873396 130.058517 -0.493162 0.000000 0.000000 0.000000 7.779705
37300 374 132.479263 0.000000 1000.000000 0.461834 133.750702 -1.733281 0.000000 0.000000 0.000000 7.096103
37400 375 155.413834 0.000000 1000.000000 0.382515 156.849564 -1.818249 0.000000 0.000000 0.000000 7.612592
37500 376 127.233055 0.000000 1000.000000 0.805631 127.930191 -1.502773 0.000000 0.000000 0.000000 8.495623
37600 377 128.861511 0.000000 1000.000000 0.946475 128.296432 -0.381391 0.000000 0.000000 0.000000 8.726945
37700 378 121.863762 0.000000 1000.000000 0.571435 121.540871 -0.248546 0.000000 0.000000 0.000000 6.889783
37800 379 119.190948 0.000000 1000.000000 0.723690 118.785538 -0.318276 0.000000 0.000000 0.000000 7.521614
37900 380 138.017914 0.000000 1000.000000 0.595231 137.422684 0.000000 0.000000 0.000000 0.000000 7.437047
38000 381 138.269852 0.000000 1000.000000 0.321409 139.654022 -1.705582 0.000000 0.000000 0.000000 7.696017
38100 382 127.175659 0.000000 1000.000000 0.266584 129.462677 -0.504443 -2.049163 0.000000 0.000000 9.538076
38200 383 150.861206 0.000000 1000.000000 1.079476 149.781723 0.000000 0.000000 0.000000 0.000000 8.504539
38300 384 142.876526 0.000000 1000.000000 0.521962 144.153290 -1.798721 0.000000 0.000000 0.000000 9.321651
38400 385 138.437836 0.000000 1000.000000 0.241007 138.616287 -0.419457 0.000000 0.000000 0.000000 6.459305
38500 386 124.279541 0.000000 1000.000000 0.507766 123.771774 0.000000 0.000000 0.000000 0.000000 8.760925
38600 387 144.409210 0.000000 1000.000000 0.332123 144.704971 -0.627886 0.000000 0.000000 0.000000 8.651501
38700 388 120.803749 0.000000 1000.000000 0.141747 121.270584 -0.608583 0.000000 0.000000 0.000000 11.771883
38800 389 122.995193 0.000000 1000.000000 0.147136 122.875854 -0.027791 0.000000 0.000000 0.000000 8.566557
38900 390 130.703217 0.000000 1000.000000 0.314279 130.388931 0.000000 0.000000 0.000000 0.000000 7.159232
39000 391 130.812546 0.000000 1000.000000 0.371904 130.440643 0.000000 0.000000 0.000000 0.000000 7.363496
39100 392 129.659073 0.000000 1000.000000 0.533121 129.616318 -0.490368 0.000000 0.000000 0.000000 7.226502
39200 393 165.664627 0.000000 1000.000000 1.608479 165.147690 -1.091534 0.000000 0.000000 0.000000 8.521907
39300 394 130.147507 0.000000 1000.000000 0.210332 129.937180 0.000000 0.000000 0.000000 0.000000 9.152187
39400 395 139.544540 0.000000 1000.000000 0.621045 138.923492 0.000000 0.000000 0.000000 0.000000 9.307563
39500 396 146.665466 0.000000 1000.000000 0.413825 146.251648 0.000000 0.000000 0.000000 0.000000 9.779010
39600 397 148.588257 0.000000 1000.000000 0.862337 147.725922 0.000000 0.000000 0.000000 0.000000 9.265217
39700 398 140.208923 0.000000 1000.000000 1.660721 138.917557 -0.369353 0.000000 0.000000 0.000000 8.515414
39800 399 154.712555 0.000000 1000.000000 1.185760 154.253265 -0.726474 0.000000 0.000000 0.000000 8.693348
39900 400 134.987366 0.000000 1000.000000 0.322207 135.126175 -0.461017 0.000000 0.000000 0.000000 11.984844
40000 401 142.133499 0.000000 1000.000000 1.312623 140.843277 -0.022396 0.000000 0.000000 0.000000 16.030094
40100 402 136.905685 0.000000 1000.000000 1.041885 135.863800 0.000000 0.000000 0.000000 0.000000 16.080196
40200 403 153.308975 0.000000 1000.000000 0.488158 152.820816 0.000000 0.000000 0.000000 0.000000 9.513935
40300 404 121.340866 0.000000 1000.000000 1.898303 119.910217 -0.467649 0.000000 0.000000 0.000000 9.113907
40400 405 118.180595 0.000000 1000.000000 0.447822 118.500610 -0.767836 0.000000 0.000000 0.000000 6.763293
40500 406 135.344666 0.000000 1000.000000 0.588107 135.430771 -0.674214 0.000000 0.000000 0.000000 6.957843
40600 407 140.743103 0.000000 1000.000000 1.062050 139.810089 -0.129037 0.000000 0.000000 0.000000 9.384245
40700 408 127.044365 0.000000 1000.000000 2.043242 125.885536 -0.884415 0.000000 0.000000 0.000000 7.185534
40800 409 129.777908 0.000000 1000.000000 1.474398 129.487534 -1.184021 0.000000 0.000000 0.000000 7.844677
40900 410 147.233597 0.000000 1000.000000 0.745547 130.407211 -1.009942 17.090788 0.000000 0.000000 5.917507
41000 411 128.909607 0.000000 1000.000000 0.449331 129.760590 -1.300313 0.000000 0.000000 0.000000 5.363918
41100 412 127.879837 0.000000 1000.000000 0.630457 127.467766 -0.218386 0.000000 0.000000 0.000000 7.068529
41200 413 130.756027 0.000000 1000.000000 0.232510 131.048782 -0.525274 0.000000 0.000000 0.000000 5.949371
41300 414 139.335999 0.000000 1000.000000 0.983341 138.423294 -0.070631 0.000000 0.000000 0.000000 5.461488
41400 415 147.025986 0.000000 1000.000000 0.629389 140.909470 -1.802945 7.290075 0.000000 0.000000 5.975839
41500 416 150.438843 0.000000 1000.000000 0.353794 150.177521 -0.092464 0.000000 0.000000 0.000000 5.681422
41600 417 147.550644 0.000000 1000.000000 0.600350 146.950287 0.000000 0.000000 0.000000 0.000000 5.666482
41700 418 138.963455 0.000000 1000.000000 0.401239 138.562210 0.000000 0.000000 0.000000 0.000000 4.420254
41800 419 138.117538 0.000000 1000.000000 0.473005 137.975754 -0.331218 0.000000 0.000000 0.000000 6.854960
41900 420 126.015282 0.000000 1000.000000 0.609463 131.048538 -2.264045 -3.378686 0.000000 0.000000 4.746898
42000 421 125.441010 0.000000 1000.000000 0.561711 125.238144 -0.358847 0.000000 0.000000 0.000000 6.302120
42100 422 135.062225 0.000000 1000.000000 0.843563 135.058197 -0.839541 0.000000 0.000000 0.000000 5.621842
42200 423 150.782104 0.000000 1000.000000 1.398171 155.506393 -1.488397 -4.634059 0.000000 0.000000 5.760170
42300 424 134.723663 0.000000 1000.000000 0.566318 134.157349 0.000000 0.000000 0.000000 0.000000 5.639822
42400 425 136.463303 0.000000 1000.000000 2.111078 135.421631 -1.069412 0.000000 0.000000 0.000000 4.728849
42500 426 141.679306 0.000000 1000.000000 0.359885 141.319427 0.000000 0.000000 0.000000 0.000000 7.128409
42600 427 142.668259 0.000000 1000.000000 0.505606 143.124939 -0.962287 0.000000 0.000000 0.000000 5.780529
42700 428 126.175850 0.000000 1000.000000 1.439207 125.018753 -0.282110 0.000000 0.000000 0.000000 7.127682
42800 429 139.248291 0.000000 1000.000000 1.339037 137.909256 0.000000 0.000000 0.000000 0.000000 6.626162
42900 430 141.963715 0.000000 1000.000000 1.982803 142.240387 -2.259474 0.000000 0.000000 0.000000 5.799111
43000 431 116.785828 0.000000 1000.000000 0.764880 116.020950 0.000000 0.000000 0.000000 0.000000 8.108625
43100 432 123.217804 0.000000 1000.000000 1.414115 121.803688 0.000000 0.000000 0.000000 0.000000 6.588981
43200 433 161.834747 0.000000 1000.000000 0.408661 161.426086 0.000000 0.000000 0.000000 0.000000 6.927999
43300 434 149.254028 0.000000 1000.000000 1.798543 147.455490 0.000000 0.000000 0.000000 0.000000 6.588147
43400 435 120.138214 0.000000 1000.000000 1.710131 118.428085 0.000000 0.000000 0.000000 0.000000 6.954475
43500 436 126.298355 0.000000 1000.000000 0.994257 128.596649 -2.316316 -0.976244 0.000000 0.000000 5.873450
43600 437 144.824036 0.000000 1000.000000 0.406664 144.599991 -0.182615 0.000000 0.000000 0.000000 8.673028
43700 438 137.977585 0.000000 1000.000000 0.368355 137.609222 0.000000 0.000000 0.000000 0.000000 6.985484
43800 439 143.920212 0.000000 1000.000000 0.421996 144.400146 -0.901928 0.000000 0.000000 0.000000 7.629955
43900 440 140.570892 0.000000 1000.000000 0.948642 139.703110 -0.080857 0.000000 0.000000 0.000000 5.454580
44000 441 142.948975 0.000000 1000.000000 1.397519 142.165634 -0.614182 0.000000 0.000000 0.000000 6.119177
44100 442 142.946548 0.000000 1000.000000 0.443756 144.980988 -1.873137 -0.605064 0.000000 0.000000 5.709802
44200 443 145.793198 0.000000 1000.000000 0.702055 145.091141 0.000000 0.000000 0.000000 0.000000 5.111934
44300 444 143.321472 0.000000 1000.000000 0.737289 142.584183 0.000000 0.000000 0.000000 0.000000 5.164326
44400 445 128.327576 0.000000 1000.000000 0.776230 128.312378 -0.761034 0.000000 0.000000 0.000000 7.791205
44500 446 115.296593 0.000000 1000.000000 0.587564 114.709030 0.000000 0.000000 0.000000 0.000000 6.918396
44600 447 139.739655 0.000000 1000.000000 0.810998 138.928650 0.000000 0.000000 0.000000 0.000000 6.914817
44700 448 142.948242 0.000000 1000.000000 0.583153 142.453110 -0.088032 0.000000 0.000000 0.000000 5.472001
44800 449 127.049416 0.000000 1000.000000 0.957630 127.583015 -1.491233 0.000000 0.000000 0.000000 4.254782
44900 450 133.279099 0.000000 1000.000000 0.931326 133.647308 -1.299528 0.000000 0.000000 0.000000 5.514433
45000 451 135.891129 0.000000 1000.000000 0.259847 136.475616 -0.844336 0.000000 0.000000 0.000000 7.219859
45100 452 142.042633 0.000000 1000.000000 0.386503 141.723709 -0.067585 0.000000 0.000000 0.000000 6.752816
45200 453 155.262878 0.000000 1000.000000 0.378147 144.666580 -1.396808 11.614955 0.000000 0.000000 7.872656
45300 454 129.276794 0.000000 1000.000000 0.584320 128.964645 -0.272173 0.000000 0.000000 0.000000 7.851779
45400 455 135.764771 0.000000 1000.000000 1.157114 134.607651 0.000000 0.000000 0.000000 0.000000 10.247711
45500 456 144.289185 0.000000 1000.000000 0.462221 146.246002 -1.310787 -1.108244 0.000000 0.000000 5.854412
45600 457 123.677979 0.000000 1000.000000 1.260519 124.143532 -1.726073 0.000000 0.000000 0.000000 8.317483
45700 458 124.106476 0.000000 1000.000000 0.786064 124.122765 -0.802352 0.000000 0.000000 0.000000 5.837499
45800 459 128.359726 0.000000 1000.000000 0.930333 127.483521 -0.054125 0.000000 0.000000 0.000000 7.192585
45900 460 158.680405 0.000000 1000.000000 1.607363 157.073044 0.000000 0.000000 0.000000 0.000000 6.517131
46000 461 129.164490 0.000000 1000.000000 0.409326 128.755157 0.000000 0.000000 0.000000 0.000000 6.343863
46100 462 129.736679 0.000000 1000.000000 0.699072 129.810471 -0.772861 0.000000 0.000000 0.000000 6.113281
46200 463 132.528000 0.000000 1000.000000 1.087660 132.470825 -1.030484 0.000000 0.000000 0.000000 6.160133
46300 464 125.349602 0.000000 1000.000000 0.711250 124.638351 0.000000 0.000000 0.000000 0.000000 5.811161
46400 465 149.104950 0.000000 1000.000000 0.741421 149.181458 -0.817930 0.000000 0.000000 0.000000 5.982688
46500 466 131.697403 0.000000 1000.000000 0.589499 132.267746 -1.159832 0.000000 0.000000 0.000000 6.521471
46600 467 137.329224 0.000000 1000.000000 1.022141 136.307083 0.000000 0.000000 0.000000 0.000000 8.450029
46700 468 145.630249 0.000000 1000.000000 0.972941 145.384308 -0.726998 0.000000 0.000000 0.000000 7.226238
46800 469 149.149048 0.000000 1000.000000 0.601789 148.547256 0.000000 0.000000 0.000000 0.000000 5.647496
46900 470 137.065338 0.000000 1000.000000 0.170088 136.937881 -0.042628 0.000000 0.000000 0.000000 7.117942
47000 471 139.138046 0.000000 1000.000000 0.869573 139.009476 -0.740998 0.000000 0.000000 0.000000 7.975089
47100 472 128.726242 0.000000 1000.000000 3.301821 125.424416 0.000000 0.000000 0.000000 0.000000 5.612357
47200 473 129.322021 0.000000 1000.000000 0.157786 135.150177 -1.800305 -4.185644 0.000000 0.000000 5.298867
47300 474 137.233276 0.000000 1000.000000 4.998455 132.266724 -0.031912 0.000000 0.000000 0.000000 8.374043
47400 475 121.892464 0.000000 1000.000000 0.291299 122.055618 -0.454453 0.000000 0.000000 0.000000 7.499650
47500 476 129.121674 0.000000 1000.000000 1.171031 129.087723 -1.137079 0.000000 0.000000 0.000000 6.874558
47600 477 138.430511 0.000000 1000.000000 1.082732 138.216431 -0.868651 0.000000 0.000000 0.000000 4.999918
47700 478 134.044205 0.000000 1000.000000 1.031437 133.012772 0.000000 0.000000 0.000000 0.000000 5.877459
47800 479 134.082092 0.000000 1000.000000 0.377775 133.704315 0.000000 0.000000 0.000000 0.000000 5.785855
47900 480 134.725983 0.000000 1000.000000 1.855507 132.870468 0.000000 0.000000 0.000000 0.000000 11.156919
48000 481 137.040710 0.000000 1000.000000 1.943296 135.288666 -0.191250 0.000000 0.000000 0.000000 10.688160
48100 482 126.547424 0.000000 1000.000000 1.040246 126.110779 -0.603603 0.000000 0.000000 0.000000 8.438066
48200 483 131.466675 0.000000 1000.000000 0.493037 131.659348 -0.685721 0.000000 0.000000 0.000000 6.723229
48300 484 135.444183 0.000000 1000.000000 2.672414 133.672958 -0.901183 0.000000 0.000000 0.000000 5.704269
48400 485 121.312386 0.000000 1000.000000 0.743464 120.568924 0.000000 0.000000 0.000000 0.000000 6.340939
48500 486 145.140625 0.000000 1000.000000 0.793650 144.346970 0.000000 0.000000 0.000000 0.000000 5.479158
48600 487 139.643890 0.000000 1000.000000 0.283743 141.098648 -1.738492 0.000000 0.000000 0.000000 5.846006
48700 488 123.556068 0.000000 1000.000000 0.275290 123.280777 0.000000 0.000000 0.000000 0.000000 8.614502
48800 489 145.748322 0.000000 1000.000000 0.891892 145.588989 -0.732564 0.000000 0.000000 0.000000 9.465498
48900 490 123.311028 0.000000 1000.000000 0.967759 122.916763 -0.573496 0.000000 0.000000 0.000000 8.161936
49000 491 130.772308 0.000000 1000.000000 0.584781 131.303314 -1.115778 0.000000 0.000000 0.000000 8.579110
49100 492 137.696701 0.000000 1000.000000 0.818070 137.233566 -0.354930 0.000000 0.000000 0.000000 9.546671
49200 493 132.564194 0.000000 1000.000000 1.394706 131.169495 0.000000 0.000000 0.000000 0.000000 6.573959
49300 494 120.731895 0.000000 1000.000000 0.144949 121.127945 -0.541002 0.000000 0.000000 0.000000 6.936463
49400 495 126.674278 0.000000 1000.000000 0.650995 127.079491 -1.056204 0.000000 0.000000 0.000000 7.057182
49500 496 137.578339 0.000000 1000.000000 1.092250 137.776428 -1.290342 0.000000 0.000000 0.000000 8.448053
49600 497 207.755417 0.000000 1000.000000 1.463534 139.255783 -0.968435 68.004532 0.000000 0.000000 8.724263
49700 498 123.437691 0.000000 1000.000000 2.748599 122.667671 -1.978575 0.000000 0.000000 0.000000 7.644773
49800 499 125.993385 0.000000 1000.000000 0.884018 125.406593 -0.297228 0.000000 0.000000 0.000000 7.810019
49900 500 133.006363 0.000000 1000.000000 0.623371 132.382996 0.000000 0.000000 0.000000 0.000000 9.438554
50000 501 131.870819 0.000000 1000.000000 1.331863 130.538956 0.000000 0.000000 0.000000 0.000000 8.297848
