1 1 221.915283 0.000000 1000.000000 1.167492 222.404694 -1.656901 0.000000 0.000000 0.000000 1.942214
100 2 211.333939 0.000000 1000.000000 1.483540 210.542038 -0.691637 0.000000 0.000000 0.000000 4.648046
200 3 201.284912 0.000000 1000.000000 0.432723 200.852188 0.000000 0.000000 0.000000 0.000000 5.161381
300 4 185.788391 0.000000 1000.000000 0.465887 185.587982 -0.265476 0.000000 0.000000 0.000000 8.550304
400 5 193.588181 0.000000 1000.000000 1.263318 192.353409 -0.028545 0.000000 0.000000 0.000000 7.826941
500 6 209.934280 0.000000 1000.000000 1.108641 209.408646 -0.583010 0.000000 0.000000 0.000000 10.366159
600 7 204.253036 0.000000 1000.000000 0.768472 204.383682 -0.899118 0.000000 0.000000 0.000000 12.158676
700 8 187.841431 0.000000 1000.000000 1.291356 186.550079 0.000000 0.000000 0.000000 0.000000 16.167492
800 9 193.076767 0.000000 1000.000000 2.617539 190.459229 0.000000 0.000000 0.000000 0.000000 8.438177
900 10 184.769974 0.000000 1000.000000 0.318391 184.451584 0.000000 0.000000 0.000000 0.000000 11.150724
1000 11 187.508881 0.000000 1000.000000 1.497322 187.959061 -0.508717 -1.438801 0.000000 0.000000 10.557169
1100 12 184.223206 0.000000 1000.000000 1.049101 183.174103 0.000000 0.000000 0.000000 0.000000 9.611097
1200 13 174.314240 0.000000 1000.000000 0.424191 173.890045 0.000000 0.000000 0.000000 0.000000 11.028543
1300 14 188.294296 0.000000 1000.000000 0.911076 187.671875 -0.288643 0.000000 0.000000 0.000000 10.346736
1400 15 193.372345 0.000000 1000.000000 0.209890 193.186676 -0.024214 0.000000 0.000000 0.000000 8.463917
1500 16 204.976456 0.000000 1000.000000 0.383098 204.616821 -0.023462 0.000000 0.000000 0.000000 6.290065
1600 17 192.070602 0.000000 1000.000000 0.443430 195.666077 -1.107692 -2.931217 0.000000 0.000000 6.182556
1700 18 171.487823 0.000000 1000.000000 0.219105 173.616333 -1.091686 -1.255922 0.000000 0.000000 7.721296
1800 19 157.048950 0.000000 1000.000000 0.375239 157.614716 -0.941014 0.000000 0.000000 0.000000 5.857727
1900 20 190.003601 0.000000 1000.000000 0.766389 189.237213 0.000000 0.000000 0.000000 0.000000 4.674273
2000 21 191.793762 0.000000 1000.000000 2.538436 189.476562 -0.221234 0.000000 0.000000 0.000000 5.465120
2100 22 176.906372 0.000000 1000.000000 0.777876 176.886932 -0.758441 0.000000 0.000000 0.000000 5.262836
2200 23 173.359100 0.000000 1000.000000 0.643216 173.274048 -0.558159 0.000000 0.000000 0.000000 5.422332
2300 24 173.694794 0.000000 1000.000000 0.589942 173.104858 0.000000 0.000000 0.000000 0.000000 7.462917
2400 25 167.254761 0.000000 1000.000000 0.757279 166.734009 -0.236524 0.000000 0.000000 0.000000 6.988816
2500 26 168.796005 0.000000 1000.000000 0.491400 168.591171 -0.286567 0.000000 0.000000 0.000000 6.408747
2600 27 174.194962 0.000000 1000.000000 1.132854 173.062103 0.000000 0.000000 0.000000 0.000000 5.466735
2700 28 201.889755 0.000000 1000.000000 0.760882 201.128876 0.000000 0.000000 0.000000 0.000000 7.225066
2800 29 189.485031 0.000000 1000.000000 4.710132 184.774902 0.000000 0.000000 0.000000 0.000000 8.197008
2900 30 172.115585 0.000000 1000.000000 0.653940 171.762421 -0.300778 0.000000 0.000000 0.000000 7.585060
3000 31 180.526566 0.000000 1000.000000 0.420860 180.550919 -0.445206 0.000000 0.000000 0.000000 8.906600
3100 32 161.013412 0.000000 1000.000000 0.746497 160.315781 -0.048862 0.000000 0.000000 0.000000 9.766706
3200 33 162.503204 0.000000 1000.000000 0.206141 162.297058 0.000000 0.000000 0.000000 0.000000 8.587320
3300 34 165.051895 0.000000 1000.000000 0.367059 166.373383 -0.603513 -1.085035 0.000000 0.000000 6.459692
3400 35 171.189453 0.000000 1000.000000 0.547135 170.642319 0.000000 0.000000 0.000000 0.000000 8.629046
3500 36 179.718079 0.000000 1000.000000 2.001832 178.077469 -0.361224 0.000000 0.000000 0.000000 8.526748
3600 37 152.201736 0.000000 1000.000000 0.780632 155.740509 -1.198564 -3.120852 0.000000 0.000000 8.574404
3700 38 179.789673 0.000000 1000.000000 1.800464 181.460663 -1.630942 -1.840520 0.000000 0.000000 7.324298
3800 39 192.152878 0.000000 1000.000000 2.544217 189.608658 0.000000 0.000000 0.000000 0.000000 8.672015
3900 40 176.912079 0.000000 1000.000000 2.151452 174.760620 0.000000 0.000000 0.000000 0.000000 6.729066
4000 41 159.418533 0.000000 1000.000000 0.484803 159.274902 -0.341168 0.000000 0.000000 0.000000 7.170711
4100 42 178.211090 0.000000 1000.000000 1.352617 177.427551 -0.569069 0.000000 0.000000 0.000000 7.897020
4200 43 148.818604 0.000000 1000.000000 1.962064 147.620148 -0.763615 0.000000 0.000000 0.000000 5.557239
4300 44 172.954208 0.000000 1000.000000 0.456612 172.497589 0.000000 0.000000 0.000000 0.000000 8.911520
4400 45 150.072205 0.000000 1000.000000 2.002924 148.069275 0.000000 0.000000 0.000000 0.000000 8.386419
4500 46 180.100998 0.000000 1000.000000 1.333009 179.514984 -0.746989 0.000000 0.000000 0.000000 9.396785
4600 47 152.271194 0.000000 1000.000000 0.744841 151.526352 0.000000 0.000000 0.000000 0.000000 9.123981
4700 48 156.668884 0.000000 1000.000000 0.515788 156.153091 0.000000 0.000000 0.000000 0.000000 9.909777
4800 49 164.098495 0.000000 1000.000000 1.672129 162.788528 -0.362166 0.000000 0.000000 0.000000 9.439895
4900 50 181.957214 0.000000 1000.000000 1.591515 180.365692 0.000000 0.000000 0.000000 0.000000 7.685575
5000 51 179.697922 0.000000 1000.000000 1.451140 178.246780 0.000000 0.000000 0.000000 0.000000 10.844233
5100 52 182.993912 0.000000 1000.000000 1.961456 182.316422 -1.283973 0.000000 0.000000 0.000000 8.760109
5200 53 170.230087 0.000000 1000.000000 1.229424 169.000656 0.000000 0.000000 0.000000 0.000000 9.904562
5300 54 170.847946 0.000000 1000.000000 0.298717 175.479843 -1.567250 -3.363376 0.000000 0.000000 8.369589
5400 55 159.357590 0.000000 1000.000000 0.974292 158.581131 -0.197831 0.000000 0.000000 0.000000 7.802389
5500 56 160.399597 0.000000 1000.000000 1.014614 159.969269 -0.584289 0.000000 0.000000 0.000000 8.767477
5600 57 161.326843 0.000000 1000.000000 0.207279 162.050400 -0.615654 -0.315189 0.000000 0.000000 6.864928
5700 58 167.497482 0.000000 1000.000000 0.633514 167.095184 -0.231223 0.000000 0.000000 0.000000 6.636613
5800 59 174.406128 0.000000 1000.000000 0.244875 174.161255 0.000000 0.000000 0.000000 0.000000 9.364778
5900 60 142.941330 0.000000 1000.000000 0.239857 142.701477 0.000000 0.000000 0.000000 0.000000 9.613177
6000 61 159.970032 0.000000 1000.000000 0.621817 163.287155 -1.109263 -2.829674 0.000000 0.000000 8.406268
6100 62 180.012436 0.000000 1000.000000 0.428278 179.584152 0.000000 0.000000 0.000000 0.000000 6.737777
6200 63 161.814453 0.000000 1000.000000 1.972293 159.842163 0.000000 0.000000 0.000000 0.000000 8.728868
6300 64 186.473419 0.000000 1000.000000 0.610029 186.451477 -0.588096 0.000000 0.000000 0.000000 7.541076
6400 65 169.819061 0.000000 1000.000000 0.756684 169.062378 0.000000 0.000000 0.000000 0.000000 7.684678
6500 66 162.253021 0.000000 1000.000000 0.521595 162.299896 -0.568470 0.000000 0.000000 0.000000 9.532249
6600 67 169.576294 0.000000 1000.000000 2.632873 167.360596 -0.417173 0.000000 0.000000 0.000000 9.437805
6700 68 176.631607 0.000000 1000.000000 0.418652 176.212952 0.000000 0.000000 0.000000 0.000000 8.487023
6800 69 181.941574 0.000000 1000.000000 0.689139 181.252441 0.000000 0.000000 0.000000 0.000000 7.902871
6900 70 169.864288 0.000000 1000.000000 0.788093 168.889557 -1.815688 2.002331 0.000000 0.000000 7.052539
7000 71 162.327789 0.000000 1000.000000 1.712578 161.299271 -0.684055 0.000000 0.000000 0.000000 8.380836
7100 72 161.554382 0.000000 1000.000000 1.313361 161.858765 -1.617732 0.000000 0.000000 0.000000 8.822026
7200 73 160.116486 0.000000 1000.000000 0.520913 162.198242 -1.086534 -1.516138 0.000000 0.000000 8.532552
7300 74 166.117233 0.000000 1000.000000 0.452193 165.665039 0.000000 0.000000 0.000000 0.000000 6.505007
7400 75 164.990204 0.000000 1000.000000 0.643568 164.346634 0.000000 0.000000 0.000000 0.000000 7.447453
7500 76 174.303879 0.000000 1000.000000 0.977333 173.326538 0.000000 0.000000 0.000000 0.000000 9.948580
7600 77 166.146103 0.000000 1000.000000 0.749625 166.417969 -1.021486 0.000000 0.000000 0.000000 7.134306
7700 78 154.694244 0.000000 1000.000000 0.666345 154.027893 0.000000 0.000000 0.000000 0.000000 9.516130
7800 79 167.301422 0.000000 1000.000000 1.225096 170.183685 -1.425792 -2.681561 0.000000 0.000000 8.407051
7900 80 152.571747 0.000000 1000.000000 0.517868 155.134277 -1.457565 -1.622829 0.000000 0.000000 8.307924
8000 81 180.458939 0.000000 1000.000000 0.751465 180.462738 -0.755260 0.000000 0.000000 0.000000 7.985326
8100 82 159.719803 0.000000 1000.000000 2.726842 162.456863 -0.843870 -4.620022 0.000000 0.000000 8.929989
8200 83 164.308258 0.000000 1000.000000 0.836308 163.833817 -0.361869 0.000000 0.000000 0.000000 9.035629
8300 84 155.568878 0.000000 1000.000000 0.476808 155.372635 -0.280565 0.000000 0.000000 0.000000 10.224987
8400 85 150.484055 0.000000 1000.000000 0.432436 151.129974 -1.078351 0.000000 0.000000 0.000000 9.228066
8500 86 156.829727 0.000000 1000.000000 0.481927 157.437180 -1.089383 0.000000 0.000000 0.000000 8.458372
8600 87 171.731842 0.000000 1000.000000 0.529096 171.202744 0.000000 0.000000 0.000000 0.000000 7.902055
8700 88 169.408325 0.000000 1000.000000 0.561183 169.934464 -1.087326 0.000000 0.000000 0.000000 9.237971
8800 89 160.646469 0.000000 1000.000000 0.451451 160.195023 0.000000 0.000000 0.000000 0.000000 9.341183
8900 90 162.255493 0.000000 1000.000000 0.286037 162.239517 -0.270063 0.000000 0.000000 0.000000 9.730202
9000 91 162.650452 0.000000 1000.000000 0.321821 163.372726 -1.044104 0.000000 0.000000 0.000000 7.784199
9100 92 163.227341 0.000000 1000.000000 2.098528 165.492676 -2.133202 -2.230665 0.000000 0.000000 11.370234
9200 93 163.622162 0.000000 1000.000000 0.980480 162.641678 0.000000 0.000000 0.000000 0.000000 10.632814
9300 94 172.921677 0.000000 1000.000000 0.716163 172.205521 0.000000 0.000000 0.000000 0.000000 8.685585
9400 95 160.598007 0.000000 1000.000000 2.467158 158.847351 -0.716509 0.000000 0.000000 0.000000 12.157411
9500 96 166.899796 0.000000 1000.000000 1.686613 166.092575 -0.879388 0.000000 0.000000 0.000000 9.165335
9600 97 148.739166 0.000000 1000.000000 0.444342 148.553207 -0.258384 0.000000 0.000000 0.000000 8.426600
9700 98 157.752548 0.000000 1000.000000 0.803698 156.948853 0.000000 0.000000 0.000000 0.000000 9.855476
9800 99 156.993637 0.000000 1000.000000 0.320222 156.673416 0.000000 0.000000 0.000000 0.000000 9.231669
9900 100 142.315384 0.000000 1000.000000 0.689161 141.626221 0.000000 0.000000 0.000000 0.000000 12.480326
10000 101 162.576569 0.000000 1000.000000 0.994949 162.387543 -0.805925 0.000000 0.000000 0.000000 8.185749
10100 102 169.205505 0.000000 1000.000000 2.401997 166.803513 0.000000 0.000000 0.000000 0.000000 10.462496
10200 103 155.188217 0.000000 1000.000000 2.680433 152.507782 0.000000 0.000000 0.000000 0.000000 9.552983
10300 104 174.330414 0.000000 1000.000000 1.117651 173.351059 -0.138291 0.000000 0.000000 0.000000 8.294541
10400 105 165.712463 0.000000 1000.000000 1.219270 165.452713 -0.959521 0.000000 0.000000 0.000000 13.764885
10500 106 174.949066 0.000000 1000.000000 2.288295 175.859787 -0.653136 -2.545877 0.000000 0.000000 7.562887
10600 107 190.034012 0.000000 1000.000000 1.064339 188.969666 0.000000 0.000000 0.000000 0.000000 8.786302
10700 108 168.911469 0.000000 1000.000000 1.646777 167.495438 -0.230743 0.000000 0.000000 0.000000 9.805988
10800 109 163.082550 0.000000 1000.000000 0.437989 162.644562 0.000000 0.000000 0.000000 0.000000 8.555848
10900 110 173.021057 0.000000 1000.000000 1.469709 177.476959 -0.447781 -5.477825 0.000000 0.000000 10.147934
11000 111 149.553726 0.000000 1000.000000 1.788565 147.765167 0.000000 0.000000 0.000000 0.000000 12.429339
11100 112 165.072174 0.000000 1000.000000 0.890268 164.541626 -0.359724 0.000000 0.000000 0.000000 7.872330
11200 113 161.971161 0.000000 1000.000000 2.304386 160.084259 -0.417476 0.000000 0.000000 0.000000 7.961347
11300 114 185.817108 0.000000 1000.000000 1.159865 184.686035 -0.028796 0.000000 0.000000 0.000000 6.872413
11400 115 162.814087 0.000000 1000.000000 1.047402 161.812653 -0.045980 0.000000 0.000000 0.000000 8.435343
11500 116 138.704834 0.000000 1000.000000 0.280227 138.583847 -0.159242 0.000000 0.000000 0.000000 9.853562
11600 117 150.022934 0.000000 1000.000000 1.514920 148.508011 0.000000 0.000000 0.000000 0.000000 8.782438
11700 118 132.542206 0.000000 1000.000000 0.168607 132.373596 0.000000 0.000000 0.000000 0.000000 9.833679
11800 119 172.551163 0.000000 1000.000000 1.405022 171.146133 0.000000 0.000000 0.000000 0.000000 9.079835
11900 120 150.943954 0.000000 1000.000000 1.005326 149.938629 0.000000 0.000000 0.000000 0.000000 6.023545
12000 121 154.731506 0.000000 1000.000000 0.417448 154.314056 0.000000 0.000000 0.000000 0.000000 8.964818
12100 122 140.582581 0.000000 1000.000000 0.508155 140.074432 0.000000 0.000000 0.000000 0.000000 5.731725
12200 123 145.510590 0.000000 1000.000000 0.437090 145.607773 -0.534272 0.000000 0.000000 0.000000 5.880921
12300 124 156.079391 0.000000 1000.000000 1.408772 154.670624 0.000000 0.000000 0.000000 0.000000 9.651731
12400 125 136.527191 0.000000 1000.000000 0.229853 136.297333 0.000000 0.000000 0.000000 0.000000 8.939787
12500 126 156.098984 0.000000 1000.000000 0.141716 156.458969 -0.501705 0.000000 0.000000 0.000000 4.422672
12600 127 154.505112 0.000000 1000.000000 0.565481 153.939636 0.000000 0.000000 0.000000 0.000000 4.752546
12700 128 171.987442 0.000000 1000.000000 2.247517 169.739929 0.000000 0.000000 0.000000 0.000000 8.034034
12800 129 146.573410 0.000000 1000.000000 1.166474 145.491638 -0.084704 0.000000 0.000000 0.000000 4.044614
12900 130 141.211700 0.000000 1000.000000 0.517118 140.694580 0.000000 0.000000 0.000000 0.000000 4.949180
13000 131 195.455551 0.000000 1000.000000 3.833488 142.026123 -1.703098 51.299046 0.000000 0.000000 4.820698
13100 132 139.529831 0.000000 1000.000000 2.791408 136.738419 0.000000 0.000000 0.000000 0.000000 7.605860
13200 133 153.993896 0.000000 1000.000000 1.700859 152.293045 0.000000 0.000000 0.000000 0.000000 4.228615
13300 134 128.641220 0.000000 1000.000000 0.373707 139.181091 -2.615265 -8.298306 0.000000 0.000000 5.195822
13400 135 151.362976 0.000000 1000.000000 2.074089 150.385818 -1.096931 0.000000 0.000000 0.000000 5.230543
13500 136 151.378830 0.000000 1000.000000 0.618261 151.028839 -0.268270 0.000000 0.000000 0.000000 4.497360
13600 137 140.854340 0.000000 1000.000000 0.589490 140.264847 0.000000 0.000000 0.000000 0.000000 5.213119
13700 138 173.259735 0.000000 1000.000000 0.585695 162.457718 -2.762915 12.979238 0.000000 0.000000 3.332375
13800 139 138.660385 0.000000 1000.000000 0.381982 139.088562 -0.810171 0.000000 0.000000 0.000000 4.213933
13900 140 155.898849 0.000000 1000.000000 1.942833 154.079987 -0.123981 0.000000 0.000000 0.000000 6.348469
14000 141 147.408844 0.000000 1000.000000 0.552129 147.131714 -0.274990 0.000000 0.000000 0.000000 4.272244
14100 142 145.538971 0.000000 1000.000000 0.384603 146.654617 -1.500248 0.000000 0.000000 0.000000 5.181181
14200 143 156.947449 0.000000 1000.000000 1.115894 157.819458 -1.987897 0.000000 0.000000 0.000000 5.301210
14300 144 138.520004 0.000000 1000.000000 0.814453 137.705551 0.000000 0.000000 0.000000 0.000000 6.587475
14400 145 134.442993 0.000000 1000.000000 0.426643 134.163574 -0.147224 0.000000 0.000000 0.000000 4.732073
14500 146 171.776016 0.000000 1000.000000 1.225709 171.266800 -0.716495 0.000000 0.000000 0.000000 4.501163
14600 147 167.325729 0.000000 1000.000000 0.623716 151.413559 -0.964729 16.253176 0.000000 0.000000 5.509318
14700 148 150.632690 0.000000 1000.000000 0.744513 150.303040 -0.414862 0.000000 0.000000 0.000000 5.149023
14800 149 124.771225 0.000000 1000.000000 0.525580 126.850540 -2.604893 0.000000 0.000000 0.000000 3.821964
14900 150 169.791641 0.000000 1000.000000 0.827058 171.094849 -2.836297 0.706040 0.000000 0.000000 3.846751
15000 151 150.547653 0.000000 1000.000000 0.508713 150.267868 -0.228928 0.000000 0.000000 0.000000 6.911529
15100 152 140.326080 0.000000 1000.000000 0.449578 139.984482 -0.107992 0.000000 0.000000 0.000000 4.427927
15200 153 124.676537 0.000000 1000.000000 0.234825 124.642052 -0.200339 0.000000 0.000000 0.000000 6.770475
15300 154 144.015839 0.000000 1000.000000 0.450423 143.973648 -0.408235 0.000000 0.000000 0.000000 5.243309
15400 155 140.037750 0.000000 1000.000000 0.734121 139.303635 0.000000 0.000000 0.000000 0.000000 6.696817
15500 156 142.136124 0.000000 1000.000000 0.690997 141.445129 0.000000 0.000000 0.000000 0.000000 9.490870
15600 157 144.910538 0.000000 1000.000000 2.532135 143.557770 -1.179365 0.000000 0.000000 0.000000 6.670561
15700 158 140.150757 0.000000 1000.000000 0.404590 139.746170 0.000000 0.000000 0.000000 0.000000 7.391189
15800 159 128.688171 0.000000 1000.000000 0.465742 128.222427 0.000000 0.000000 0.000000 0.000000 6.036615
15900 160 146.752960 0.000000 1000.000000 1.551772 145.979141 -0.777959 0.000000 0.000000 0.000000 5.296725
16000 161 125.606918 0.000000 1000.000000 0.192449 127.154350 -1.739884 0.000000 0.000000 0.000000 5.319237
16100 162 133.201324 0.000000 1000.000000 0.346244 133.576111 -0.721026 0.000000 0.000000 0.000000 5.472451
16200 163 144.089737 0.000000 1000.000000 0.282372 144.038361 -0.231009 0.000000 0.000000 0.000000 8.187652
16300 164 144.341446 0.000000 1000.000000 1.107857 143.545883 -0.312309 0.000000 0.000000 0.000000 4.983523
16400 165 141.166656 0.000000 1000.000000 0.280799 140.885864 0.000000 0.000000 0.000000 0.000000 5.848667
16500 166 140.294449 0.000000 1000.000000 0.921892 139.481476 -0.108911 0.000000 0.000000 0.000000 6.040028
16600 167 136.141663 0.000000 1000.000000 0.542297 136.446533 -0.847175 0.000000 0.000000 0.000000 6.457024
16700 168 142.215881 0.000000 1000.000000 2.045351 140.170532 0.000000 0.000000 0.000000 0.000000 6.615770
16800 169 134.565033 0.000000 1000.000000 0.700706 135.923752 -2.059415 0.000000 0.000000 0.000000 3.585946
16900 170 120.397705 0.000000 1000.000000 0.250408 121.263565 -1.116274 0.000000 0.000000 0.000000 5.503833
17000 171 140.938965 0.000000 1000.000000 0.877259 140.061707 0.000000 0.000000 0.000000 0.000000 6.549930
17100 172 127.932205 0.000000 1000.000000 0.411087 127.521118 0.000000 0.000000 0.000000 0.000000 7.177589
17200 173 142.145782 0.000000 1000.000000 0.323190 142.982773 -1.160185 0.000000 0.000000 0.000000 5.169296
17300 174 138.336639 0.000000 1000.000000 0.857177 137.607132 -0.127675 0.000000 0.000000 0.000000 6.289838
17400 175 131.963379 0.000000 1000.000000 0.369958 132.802155 -1.208736 0.000000 0.000000 0.000000 4.666433
17500 176 152.395081 0.000000 1000.000000 1.854771 151.817810 -1.277497 0.000000 0.000000 0.000000 4.591319
17600 177 137.606995 0.000000 1000.000000 0.507722 139.061707 -1.962437 0.000000 0.000000 0.000000 4.825325
17700 178 144.214478 0.000000 1000.000000 1.950460 142.264023 0.000000 0.000000 0.000000 0.000000 5.250333
17800 179 139.825348 0.000000 1000.000000 0.116601 140.354645 -0.645902 0.000000 0.000000 0.000000 5.626770
17900 180 125.761513 0.000000 1000.000000 0.296467 125.624886 -0.159839 0.000000 0.000000 0.000000 4.972291
18000 181 155.844772 0.000000 1000.000000 1.064856 156.922028 -3.087266 0.945154 0.000000 0.000000 5.208677
18100 182 143.020828 0.000000 1000.000000 0.180255 145.149994 -2.309415 0.000000 0.000000 0.000000 6.097992
18200 183 129.660690 0.000000 1000.000000 0.353752 131.109909 -1.802963 0.000000 0.000000 0.000000 5.107285
18300 184 139.347015 0.000000 1000.000000 0.921593 136.833786 -1.422457 3.014087 0.000000 0.000000 5.358781
18400 185 139.832275 0.000000 1000.000000 1.622453 138.209824 0.000000 0.000000 0.000000 0.000000 4.826502
18500 186 142.007339 0.000000 1000.000000 0.997849 142.148575 -1.139089 0.000000 0.000000 0.000000 5.485895
18600 187 150.366623 0.000000 1000.000000 0.483998 135.854218 -2.964335 16.992754 0.000000 0.000000 3.921168
18700 188 134.190781 0.000000 1000.000000 0.463965 133.726822 0.000000 0.000000 0.000000 0.000000 6.946452
18800 189 126.062271 0.000000 1000.000000 0.830928 125.231346 0.000000 0.000000 0.000000 0.000000 6.846826
18900 190 125.484314 0.000000 1000.000000 0.355713 122.999832 -2.116732 4.245498 0.000000 0.000000 6.189109
19000 191 134.800156 0.000000 1000.000000 0.279222 135.095413 -0.574484 0.000000 0.000000 0.000000 6.170439
19100 192 122.916862 0.000000 1000.000000 0.276762 124.201889 -1.561792 0.000000 0.000000 0.000000 6.566773
19200 193 121.920074 0.000000 1000.000000 0.389676 122.776398 -1.246003 0.000000 0.000000 0.000000 6.000902
19300 194 138.819748 0.000000 1000.000000 0.698471 138.121277 0.000000 0.000000 0.000000 0.000000 7.636942
19400 195 146.889893 0.000000 1000.000000 0.260149 146.629745 0.000000 0.000000 0.000000 0.000000 6.684587
19500 196 120.501724 0.000000 1000.000000 0.310643 132.307648 -2.553213 -9.563358 0.000000 0.000000 6.269991
19600 197 122.547531 0.000000 1000.000000 0.370425 124.793785 -2.616675 0.000000 0.000000 0.000000 6.651459
19700 198 125.973526 0.000000 1000.000000 0.295676 125.677849 0.000000 0.000000 0.000000 0.000000 4.693879
19800 199 144.915665 0.000000 1000.000000 0.565504 144.350159 0.000000 0.000000 0.000000 0.000000 5.454119
19900 200 150.950623 0.000000 1000.000000 0.577981 150.520355 -0.147718 0.000000 0.000000 0.000000 5.875948
20000 201 135.121094 0.000000 1000.000000 0.836849 134.284241 0.000000 0.000000 0.000000 0.000000 6.201368
20100 202 128.047012 0.000000 1000.000000 0.772858 127.382385 -0.108236 0.000000 0.000000 0.000000 4.998029
20200 203 131.164307 0.000000 1000.000000 0.934279 130.230026 0.000000 0.000000 0.000000 0.000000 6.700491
20300 204 122.224342 0.000000 1000.000000 0.264900 122.600723 -0.641279 0.000000 0.000000 0.000000 5.353425
20400 205 143.635056 0.000000 1000.000000 0.596689 143.038361 0.000000 0.000000 0.000000 0.000000 4.517271
20500 206 116.402672 0.000000 1000.000000 0.280915 122.407684 -2.853892 -3.432040 0.000000 0.000000 5.068753
20600 207 133.019821 0.000000 1000.000000 0.330309 137.978165 -1.632468 -3.656185 0.000000 0.000000 5.477558
20700 208 143.506912 0.000000 1000.000000 0.493339 143.013580 0.000000 0.000000 0.000000 0.000000 4.365569
20800 209 140.059036 0.000000 1000.000000 0.624878 141.688782 -2.254620 0.000000 0.000000 0.000000 4.776932
20900 210 114.726883 0.000000 1000.000000 0.754912 125.677032 -2.894110 -8.810951 0.000000 0.000000 5.171303
21000 211 139.206329 0.000000 1000.000000 0.740029 138.466293 0.000000 0.000000 0.000000 0.000000 5.243113
21100 212 134.514282 0.000000 1000.000000 0.329334 135.130936 -0.945986 0.000000 0.000000 0.000000 4.596372
21200 213 154.334839 0.000000 1000.000000 0.674739 153.660095 0.000000 0.000000 0.000000 0.000000 4.889288
21300 214 140.944351 0.000000 1000.000000 0.680326 140.264023 0.000000 0.000000 0.000000 0.000000 5.708645
21400 215 140.981979 0.000000 1000.000000 0.307114 142.568192 -1.893332 0.000000 0.000000 0.000000 6.033973
21500 216 136.162460 0.000000 1000.000000 0.961035 137.686356 -2.484926 0.000000 0.000000 0.000000 7.442129
21600 217 199.078125 0.000000 1000.000000 2.435727 158.222733 -3.208615 41.628284 0.000000 0.000000 3.754932
21700 218 141.971649 0.000000 1000.000000 2.169236 141.110550 -1.308133 0.000000 0.000000 0.000000 4.638749
21800 219 130.717194 0.000000 1000.000000 1.033087 131.945709 -2.261604 0.000000 0.000000 0.000000 3.852698
21900 220 129.930008 0.000000 1000.000000 0.550908 130.473587 -1.094481 0.000000 0.000000 0.000000 4.852784
22000 221 152.038116 0.000000 1000.000000 1.269541 153.044174 -2.275600 0.000000 0.000000 0.000000 3.782002
22100 222 123.306877 0.000000 1000.000000 0.670572 124.419250 -1.782947 0.000000 0.000000 0.000000 6.297210
22200 223 145.873459 0.000000 1000.000000 0.441966 148.054428 -2.622937 0.000000 0.000000 0.000000 3.578927
22300 224 144.990372 0.000000 1000.000000 0.614470 146.268463 -1.892566 0.000000 0.000000 0.000000 3.935882
22400 225 138.307114 0.000000 1000.000000 0.325436 143.775818 -2.521616 -3.272517 0.000000 0.000000 4.713281
22500 226 131.294556 0.000000 1000.000000 0.247282 131.704422 -0.657145 0.000000 0.000000 0.000000 5.051474
22600 227 134.855591 0.000000 1000.000000 0.278427 135.933243 -1.356072 0.000000 0.000000 0.000000 5.056123
22700 228 136.548965 0.000000 1000.000000 0.682672 135.953613 -0.087320 0.000000 0.000000 0.000000 5.049069
22800 229 138.065170 0.000000 1000.000000 0.326947 139.494141 -1.755926 0.000000 0.000000 0.000000 4.666553
22900 230 163.206955 0.000000 1000.000000 1.097450 131.913696 -2.282125 32.477936 0.000000 0.000000 4.752132
23000 231 119.536514 0.000000 1000.000000 0.652348 118.884171 0.000000 0.000000 0.000000 0.000000 5.521087
23100 232 132.647095 0.000000 1000.000000 1.019642 132.852356 -1.224906 0.000000 0.000000 0.000000 7.713658
23200 233 137.816895 0.000000 1000.000000 0.355623 138.910431 -1.449156 0.000000 0.000000 0.000000 7.391508
23300 234 163.273376 0.000000 1000.000000 0.724101 149.390457 -1.779459 14.938275 0.000000 0.000000 6.914932
23400 235 139.438538 0.000000 1000.000000 0.288094 139.150436 0.000000 0.000000 0.000000 0.000000 7.523562
23500 236 142.952515 0.000000 1000.000000 0.760827 143.322037 -1.130353 0.000000 0.000000 0.000000 7.548473
23600 237 128.327042 0.000000 1000.000000 0.207286 128.925385 -0.805640 0.000000 0.000000 0.000000 7.441592
23700 238 131.776169 0.000000 1000.000000 4.381603 132.946411 -1.794955 -3.756901 0.000000 0.000000 6.751640
23800 239 153.852402 0.000000 1000.000000 1.835966 153.185501 -1.169070 0.000000 0.000000 0.000000 6.090807
23900 240 138.123184 0.000000 1000.000000 0.901079 137.442215 -0.220108 0.000000 0.000000 0.000000 5.673643
24000 241 143.609436 0.000000 1000.000000 0.905796 142.703644 0.000000 0.000000 0.000000 0.000000 5.920648
24100 242 136.507339 0.000000 1000.000000 0.904650 135.600662 -2.990631 2.992662 0.000000 0.000000 6.097816
24200 243 138.816147 0.000000 1000.000000 0.591397 139.537247 -1.312499 0.000000 0.000000 0.000000 7.332605
24300 244 137.673859 0.000000 1000.000000 0.918442 138.301758 -1.546344 0.000000 0.000000 0.000000 6.948046
24400 245 133.227722 0.000000 1000.000000 0.279303 135.047546 -2.099127 0.000000 0.000000 0.000000 4.969780
24500 246 132.058350 0.000000 1000.000000 0.427510 136.171692 -2.409005 -2.131834 0.000000 0.000000 5.140542
24600 247 132.906296 0.000000 1000.000000 0.588619 133.388992 -1.071324 0.000000 0.000000 0.000000 5.220443
24700 248 132.808640 0.000000 1000.000000 0.542629 134.241486 -1.975475 0.000000 0.000000 0.000000 4.429259
24800 249 129.597137 0.000000 1000.000000 1.345643 129.216400 -0.964899 0.000000 0.000000 0.000000 5.052155
24900 250 144.578506 0.000000 1000.000000 0.850846 144.351608 -0.623944 0.000000 0.000000 0.000000 6.827427
25000 251 133.634964 0.000000 1000.000000 2.352173 132.745956 -1.463169 0.000000 0.000000 0.000000 5.190673
25100 252 131.607315 0.000000 1000.000000 0.131313 132.891525 -1.415532 0.000000 0.000000 0.000000 5.698103
25200 253 131.616379 0.000000 1000.000000 0.266345 133.088272 -1.738236 0.000000 0.000000 0.000000 4.788305
25300 254 137.370712 0.000000 1000.000000 0.520864 136.849854 0.000000 0.000000 0.000000 0.000000 4.949256
25400 255 143.070816 0.000000 1000.000000 1.215828 141.854980 0.000000 0.000000 0.000000 0.000000 4.758419
25500 256 168.338989 0.000000 1000.000000 0.702600 169.325745 -1.689366 0.000000 0.000000 0.000000 5.248822
25600 257 147.065689 0.000000 1000.000000 0.962565 146.103119 0.000000 0.000000 0.000000 0.000000 6.073078
25700 258 154.214905 0.000000 1000.000000 0.750869 154.773407 -1.309372 0.000000 0.000000 0.000000 4.113787
25800 259 129.275803 0.000000 1000.000000 0.481959 128.793839 0.000000 0.000000 0.000000 0.000000 5.054583
25900 260 130.799011 0.000000 1000.000000 1.009594 130.892181 -1.102771 0.000000 0.000000 0.000000 4.955951
26000 261 141.411346 0.000000 1000.000000 0.268885 141.985321 -0.842860 0.000000 0.000000 0.000000 6.654390
26100 262 132.601669 0.000000 1000.000000 0.713555 131.888107 0.000000 0.000000 0.000000 0.000000 4.971345
26200 263 160.463501 0.000000 1000.000000 0.402996 160.060501 0.000000 0.000000 0.000000 0.000000 6.587716
26300 264 152.002304 0.000000 1000.000000 1.234892 151.109436 -0.342031 0.000000 0.000000 0.000000 5.571816
26400 265 134.235641 0.000000 1000.000000 0.418742 134.268707 -0.451815 0.000000 0.000000 0.000000 4.915421
26500 266 143.211334 0.000000 1000.000000 1.403087 142.527237 -0.718988 0.000000 0.000000 0.000000 5.915422
26600 267 153.067627 0.000000 1000.000000 0.550589 152.517044 0.000000 0.000000 0.000000 0.000000 8.143103
26700 268 137.103439 0.000000 1000.000000 0.679441 136.972046 -0.548047 0.000000 0.000000 0.000000 6.772439
26800 269 144.078522 0.000000 1000.000000 0.185855 143.892670 0.000000 0.000000 0.000000 0.000000 7.238629
26900 270 160.789520 0.000000 1000.000000 0.756555 160.148041 -0.115080 0.000000 0.000000 0.000000 6.154632
27000 271 145.736526 0.000000 1000.000000 0.432912 147.026688 -1.723065 0.000000 0.000000 0.000000 4.987947
27100 272 148.818100 0.000000 1000.000000 0.400917 148.417191 0.000000 0.000000 0.000000 0.000000 6.358293
27200 273 143.654938 0.000000 1000.000000 0.746915 142.908020 0.000000 0.000000 0.000000 0.000000 7.542113
27300 274 125.286209 0.000000 1000.000000 0.638101 130.162872 -2.944088 -2.570677 0.000000 0.000000 6.412143
27400 275 149.069565 0.000000 1000.000000 1.469829 147.599731 0.000000 0.000000 0.000000 0.000000 7.978419
27500 276 127.633957 0.000000 1000.000000 1.075625 127.557640 -0.999310 0.000000 0.000000 0.000000 6.365371
27600 277 141.733566 0.000000 1000.000000 0.724268 142.659256 -1.649966 0.000000 0.000000 0.000000 8.206065
27700 278 143.763962 0.000000 1000.000000 0.870157 144.569031 -1.675233 0.000000 0.000000 0.000000 6.390525
27800 279 130.490402 0.000000 1000.000000 0.141550 134.955215 -1.499798 -3.106560 0.000000 0.000000 5.677128
27900 280 133.861511 0.000000 1000.000000 0.332198 133.529312 0.000000 0.000000 0.000000 0.000000 6.591218
28000 281 131.797745 0.000000 1000.000000 0.522216 132.372772 -1.097251 0.000000 0.000000 0.000000 7.694643
28100 282 129.483536 0.000000 1000.000000 0.297995 129.185547 0.000000 0.000000 0.000000 0.000000 7.752867
28200 283 138.265472 0.000000 1000.000000 0.702338 137.563141 0.000000 0.000000 0.000000 0.000000 9.240186
28300 284 108.283005 0.000000 1000.000000 0.363405 107.919601 0.000000 0.000000 0.000000 0.000000 7.971150
28400 285 134.199783 0.000000 1000.000000 0.748123 134.062943 -0.611277 0.000000 0.000000 0.000000 6.420050
28500 286 131.810181 0.000000 1000.000000 0.223041 131.587143 0.000000 0.000000 0.000000 0.000000 7.794531
28600 287 124.115112 0.000000 1000.000000 0.284121 129.839813 -2.129921 -3.878898 0.000000 0.000000 8.319242
28700 288 159.563461 0.000000 1000.000000 0.723535 164.100021 -4.052383 -1.207717 0.000000 0.000000 7.586012
28800 289 143.143051 0.000000 1000.000000 0.689750 142.536697 -0.083385 0.000000 0.000000 0.000000 9.963876
28900 290 136.978363 0.000000 1000.000000 0.320585 138.229752 -1.571979 0.000000 0.000000 0.000000 4.382952
29000 291 140.093094 0.000000 1000.000000 1.348157 138.744934 0.000000 0.000000 0.000000 0.000000 6.963512
29100 292 139.903992 0.000000 1000.000000 0.453413 140.036911 -0.586338 0.000000 0.000000 0.000000 4.200795
29200 293 146.458511 0.000000 1000.000000 0.767000 146.083328 -0.391810 0.000000 0.000000 0.000000 6.299838
29300 294 135.995956 0.000000 1000.000000 0.871479 135.906296 -0.781807 0.000000 0.000000 0.000000 5.904747
29400 295 163.313049 0.000000 1000.000000 0.699703 140.694000 -1.481061 23.400412 0.000000 0.000000 6.337206
29500 296 153.538681 0.000000 1000.000000 0.813784 153.601196 -0.876304 0.000000 0.000000 0.000000 5.175155
29600 297 145.858658 0.000000 1000.000000 0.236618 150.280319 -1.386840 -3.271437 0.000000 0.000000 3.917146
29700 298 130.435593 0.000000 1000.000000 0.238279 134.525101 -0.882725 -3.445062 0.000000 0.000000 5.249172
29800 299 133.041855 0.000000 1000.000000 0.330125 133.359894 -0.648167 0.000000 0.000000 0.000000 6.365345
29900 300 128.071945 0.000000 1000.000000 0.672078 128.580627 -1.180759 0.000000 0.000000 0.000000 4.474260
30000 301 147.220932 0.000000 1000.000000 0.436974 148.270081 -1.486126 0.000000 0.000000 0.000000 6.429856
30100 302 135.341843 0.000000 1000.000000 0.585223 136.141266 -1.384648 0.000000 0.000000 0.000000 8.877647
30200 303 142.561462 0.000000 1000.000000 0.744211 143.569153 -1.751902 0.000000 0.000000 0.000000 4.928512
30300 304 150.103043 0.000000 1000.000000 0.393214 152.076416 -2.366585 0.000000 0.000000 0.000000 8.219108
30400 305 143.503784 0.000000 1000.000000 1.378858 144.709763 -2.584839 0.000000 0.000000 0.000000 4.916004
30500 306 133.519623 0.000000 1000.000000 0.498020 130.113464 -2.228868 5.137005 0.000000 0.000000 5.762822
30600 307 145.095978 0.000000 1000.000000 0.540777 144.555206 0.000000 0.000000 0.000000 0.000000 4.493185
30700 308 131.627930 0.000000 1000.000000 0.113284 132.235382 -0.720736 0.000000 0.000000 0.000000 5.109031
30800 309 143.071030 0.000000 1000.000000 0.731190 143.103256 -0.763412 0.000000 0.000000 0.000000 4.994905
30900 310 153.313034 0.000000 1000.000000 0.478011 154.280380 -1.445362 0.000000 0.000000 0.000000 5.463578
31000 311 140.081085 0.000000 1000.000000 0.438616 144.363388 -1.388412 -3.332498 0.000000 0.000000 8.230289
31100 312 164.229340 0.000000 1000.000000 0.498218 163.862793 -0.131662 0.000000 0.000000 0.000000 6.927677
31200 313 128.487488 0.000000 1000.000000 0.741089 127.746391 0.000000 0.000000 0.000000 0.000000 5.546953
31300 314 123.086113 0.000000 1000.000000 0.276156 122.966919 -0.156958 0.000000 0.000000 0.000000 7.594192
31400 315 117.064423 0.000000 1000.000000 1.376704 115.687721 0.000000 0.000000 0.000000 0.000000 8.876575
31500 316 130.845413 0.000000 1000.000000 1.236806 129.608612 0.000000 0.000000 0.000000 0.000000 7.386153
31600 317 126.589653 0.000000 1000.000000 0.359962 132.401245 -1.628523 -4.543025 0.000000 0.000000 7.860221
31700 318 133.600571 0.000000 1000.000000 0.290034 133.949356 -0.638821 0.000000 0.000000 0.000000 6.804135
31800 319 170.935532 0.000000 1000.000000 0.421267 170.514267 0.000000 0.000000 0.000000 0.000000 6.831666
31900 320 158.459290 0.000000 1000.000000 0.801053 129.323364 -1.350510 29.685383 0.000000 0.000000 6.925508
32000 321 136.444427 0.000000 1000.000000 0.665513 135.778915 0.000000 0.000000 0.000000 0.000000 7.247675
32100 322 129.047531 0.000000 1000.000000 0.674180 128.373352 0.000000 0.000000 0.000000 0.000000 8.793926
32200 323 125.427658 0.000000 1000.000000 0.664742 125.119308 -0.356390 0.000000 0.000000 0.000000 5.405619
32300 324 147.860382 0.000000 1000.000000 3.012892 146.385101 -1.537614 0.000000 0.000000 0.000000 5.129657
32400 325 137.688354 0.000000 1000.000000 0.545308 137.143051 0.000000 0.000000 0.000000 0.000000 6.642590
32500 326 134.460983 0.000000 1000.000000 1.316474 134.900909 -1.756397 0.000000 0.000000 0.000000 5.349184
32600 327 149.941605 0.000000 1000.000000 0.735181 150.238937 -1.032513 0.000000 0.000000 0.000000 5.367445
32700 328 140.893570 0.000000 1000.000000 0.631638 141.609741 -1.347815 0.000000 0.000000 0.000000 7.200798
32800 329 132.008743 0.000000 1000.000000 0.599298 131.409439 0.000000 0.000000 0.000000 0.000000 6.947169
32900 330 132.042435 0.000000 1000.000000 0.583872 131.458557 0.000000 0.000000 0.000000 0.000000 6.962010
33000 331 148.822128 0.000000 1000.000000 0.312907 148.509216 0.000000 0.000000 0.000000 0.000000 8.937780
33100 332 122.615921 0.000000 1000.000000 0.104377 122.511543 0.000000 0.000000 0.000000 0.000000 6.751798
33200 333 143.200272 0.000000 1000.000000 0.396964 146.165695 -1.371724 -1.990659 0.000000 0.000000 7.806557
33300 334 127.770279 0.000000 1000.000000 1.509683 126.260597 0.000000 0.000000 0.000000 0.000000 7.748813
33400 335 121.330887 0.000000 1000.000000 0.424002 122.549149 -1.642268 0.000000 0.000000 0.000000 7.055214
33500 336 191.022415 0.000000 1000.000000 1.558057 136.802338 -1.703917 54.365936 0.000000 0.000000 8.180827
33600 337 136.272659 0.000000 1000.000000 0.454119 134.153000 -1.281592 2.947124 0.000000 0.000000 7.750998
33700 338 143.682785 0.000000 1000.000000 0.537095 143.712219 -0.566535 0.000000 0.000000 0.000000 5.951622
33800 339 146.431641 0.000000 1000.000000 0.318290 146.494736 -0.381375 0.000000 0.000000 0.000000 6.632030
33900 340 115.826393 0.000000 1000.000000 0.567814 122.147629 -2.076047 -4.812997 0.000000 0.000000 5.217494
34000 341 128.144516 0.000000 1000.000000 0.329839 127.814682 0.000000 0.000000 0.000000 0.000000 5.456961
34100 342 121.389664 0.000000 1000.000000 0.250974 121.138687 0.000000 0.000000 0.000000 0.000000 6.133096
34200 343 129.153824 0.000000 1000.000000 0.327759 130.266968 -1.440900 0.000000 0.000000 0.000000 6.412874
34300 344 128.987411 0.000000 1000.000000 1.081946 127.905464 0.000000 0.000000 0.000000 0.000000 5.416018
34400 345 177.905685 0.000000 1000.000000 0.938016 153.758087 -2.143327 25.352907 0.000000 0.000000 5.751985
34500 346 127.086899 0.000000 1000.000000 0.666362 126.804924 -0.384385 0.000000 0.000000 0.000000 5.639848
34600 347 167.110901 0.000000 1000.000000 0.876381 125.077011 -1.500908 42.658417 0.000000 0.000000 4.952455
34700 348 125.929314 0.000000 1000.000000 0.567027 128.309937 -2.947652 0.000000 0.000000 0.000000 5.577728
34800 349 133.365845 0.000000 1000.000000 0.175686 133.190155 0.000000 0.000000 0.000000 0.000000 6.354213
34900 350 137.183243 0.000000 1000.000000 0.149077 137.709381 -0.675211 0.000000 0.000000 0.000000 5.932688
35000 351 113.426125 0.000000 1000.000000 0.663811 119.787994 -1.966778 -5.058900 0.000000 0.000000 3.695473
35100 352 141.493546 0.000000 1000.000000 0.282417 141.211121 0.000000 0.000000 0.000000 0.000000 6.149506
35200 353 146.637253 0.000000 1000.000000 1.363059 145.403122 -0.128922 0.000000 0.000000 0.000000 7.176567
35300 354 138.843414 0.000000 1000.000000 0.187416 139.652374 -0.996383 0.000000 0.000000 0.000000 4.674465
35400 355 140.688736 0.000000 1000.000000 0.869639 140.214050 -1.342477 0.947527 0.000000 0.000000 5.119322
35500 356 256.113159 0.000000 1000.000000 1.885822 152.645355 -2.467106 104.049088 0.000000 0.000000 6.504737
35600 357 158.999176 0.000000 1000.000000 0.820584 158.178589 0.000000 0.000000 0.000000 0.000000 5.533266
35700 358 155.034943 0.000000 1000.000000 0.340779 154.930344 -0.236172 0.000000 0.000000 0.000000 5.834542
35800 359 155.239639 0.000000 1000.000000 0.326610 156.347336 -1.434304 0.000000 0.000000 0.000000 7.135231
35900 360 136.864014 0.000000 1000.000000 0.574275 136.289734 0.000000 0.000000 0.000000 0.000000 11.011656
36000 361 154.218460 0.000000 1000.000000 1.448362 153.530319 -0.760219 0.000000 0.000000 0.000000 7.547146
36100 362 202.025726 0.000000 1000.000000 0.986855 162.943726 -1.822687 39.917839 0.000000 0.000000 6.763167
36200 363 149.580841 0.000000 1000.000000 0.348321 149.821152 -0.588641 0.000000 0.000000 0.000000 5.657578
36300 364 154.673325 0.000000 1000.000000 0.890732 155.154526 -1.371931 0.000000 0.000000 0.000000 5.658320
36400 365 157.747910 0.000000 1000.000000 0.997397 156.750519 0.000000 0.000000 0.000000 0.000000 5.356354
36500 366 140.172821 0.000000 1000.000000 0.935864 140.895477 -1.658529 0.000000 0.000000 0.000000 7.557083
36600 367 135.893250 0.000000 1000.000000 0.557207 136.491943 -1.155894 0.000000 0.000000 0.000000 7.205677
36700 368 152.561432 0.000000 1000.000000 0.624277 152.920120 -0.982971 0.000000 0.000000 0.000000 5.433391
36800 369 134.849792 0.000000 1000.000000 0.238010 134.611786 0.000000 0.000000 0.000000 0.000000 6.018365
36900 370 120.996437 0.000000 1000.000000 0.031049 121.375458 -0.410073 0.000000 0.000000 0.000000 6.704107
37000 371 133.365356 0.000000 1000.000000 0.456404 132.908951 0.000000 0.000000 0.000000 0.000000 4.330572
37100 372 150.189133 0.000000 1000.000000 0.300189 150.733963 -0.845014 0.000000 0.000000 0.000000 5.736954
37200 373 138.350449 0.000000 1000.000000 0.312966 140.197723 -2.160246 0.000000 0.000000 0.000000 4.674368
37300 374 142.976944 0.000000 1000.000000 0.317779 142.659164 0.000000 0.000000 0.000000 0.000000 5.573057
37400 375 136.298737 0.000000 1000.000000 0.441729 135.857010 0.000000 0.000000 0.000000 0.000000 5.413787
37500 376 143.471970 0.000000 1000.000000 0.361704 143.110260 0.000000 0.000000 0.000000 0.000000 5.613899
37600 377 194.534393 0.000000 1000.000000 0.820917 146.479919 -1.798383 49.031933 0.000000 0.000000 5.066688
37700 378 133.762909 0.000000 1000.000000 0.652729 133.110184 0.000000 0.000000 0.000000 0.000000 5.613733
37800 379 156.929718 0.000000 1000.000000 0.505864 156.423859 0.000000 0.000000 0.000000 0.000000 5.392593
37900 380 139.389191 0.000000 1000.000000 0.230832 140.464706 -1.306348 0.000000 0.000000 0.000000 6.174211
38000 381 140.797226 0.000000 1000.000000 0.646987 140.150238 0.000000 0.000000 0.000000 0.000000 6.241504
38100 382 151.890198 0.000000 1000.000000 0.478967 152.000870 -0.589638 0.000000 0.000000 0.000000 5.902030
38200 383 140.092209 0.000000 1000.000000 0.968318 140.451187 -1.327297 0.000000 0.000000 0.000000 5.874592
38300 384 132.454651 0.000000 1000.000000 0.863514 132.161163 -0.570025 0.000000 0.000000 0.000000 7.775655
38400 385 150.241913 0.000000 1000.000000 0.386351 155.646286 -2.204361 -3.586364 0.000000 0.000000 7.156122
38500 386 153.393066 0.000000 1000.000000 0.115433 154.201935 -0.924297 0.000000 0.000000 0.000000 4.864812
38600 387 153.582184 0.000000 1000.000000 0.574454 153.007736 0.000000 0.000000 0.000000 0.000000 5.440165
38700 388 134.934402 0.000000 1000.000000 0.408220 136.357498 -1.831310 0.000000 0.000000 0.000000 5.968636
38800 389 140.063736 0.000000 1000.000000 1.425974 139.512894 -0.875130 0.000000 0.000000 0.000000 4.993163
38900 390 161.766129 0.000000 1000.000000 0.942935 160.823196 0.000000 0.000000 0.000000 0.000000 7.254717
39000 391 158.841827 0.000000 1000.000000 0.757703 159.407211 -1.323091 0.000000 0.000000 0.000000 4.646735
39100 392 162.640518 0.000000 1000.000000 0.571997 162.445175 -0.376655 0.000000 0.000000 0.000000 5.461326
39200 393 157.043442 0.000000 1000.000000 0.263379 158.874542 -2.094489 0.000000 0.000000 0.000000 5.126152
39300 394 150.665756 0.000000 1000.000000 0.714507 150.936371 -0.985118 0.000000 0.000000 0.000000 5.037256
39400 395 139.245407 0.000000 1000.000000 0.314226 138.931183 0.000000 0.000000 0.000000 0.000000 7.910360
39500 396 134.264023 0.000000 1000.000000 0.350836 135.719162 -1.805970 0.000000 0.000000 0.000000 4.989834
39600 397 153.513306 0.000000 1000.000000 0.555879 154.542999 -1.585577 0.000000 0.000000 0.000000 6.639675
39700 398 137.820007 0.000000 1000.000000 0.708047 138.337967 -1.226020 0.000000 0.000000 0.000000 8.354955
39800 399 142.534805 0.000000 1000.000000 0.182558 144.162338 -1.810085 0.000000 0.000000 0.000000 5.726785
39900 400 141.017212 0.000000 1000.000000 0.242257 141.109497 -0.334545 0.000000 0.000000 0.000000 7.642809
40000 401 151.517761 0.000000 1000.000000 0.179539 151.750473 -0.412253 0.000000 0.000000 0.000000 5.158351
40100 402 158.171997 0.000000 1000.000000 1.540084 128.242676 -1.341852 29.731102 0.000000 0.000000 5.741250
40200 403 140.408112 0.000000 1000.000000 1.085397 139.322708 0.000000 0.000000 0.000000 0.000000 6.047014
40300 404 126.384880 0.000000 1000.000000 0.988280 125.839264 -0.442662 0.000000 0.000000 0.000000 4.338478
40400 405 137.147247 0.000000 1000.000000 1.115318 136.031937 0.000000 0.000000 0.000000 0.000000 5.147951
40500 406 139.431793 0.000000 1000.000000 0.152391 139.621368 -0.341963 0.000000 0.000000 0.000000 3.858886
40600 407 156.331940 0.000000 1000.000000 0.684632 155.647308 0.000000 0.000000 0.000000 0.000000 4.878260
40700 408 146.310120 0.000000 1000.000000 0.223222 147.380814 -1.293918 0.000000 0.000000 0.000000 3.237504
40800 409 137.793381 0.000000 1000.000000 0.416988 137.915497 -0.539114 0.000000 0.000000 0.000000 3.521853
40900 410 118.139549 0.000000 1000.000000 0.581011 125.191666 -2.867361 -4.765759 0.000000 0.000000 3.845868
41000 411 135.684387 0.000000 1000.000000 0.272024 136.481354 -1.068979 0.000000 0.000000 0.000000 4.313152
41100 412 137.756302 0.000000 1000.000000 0.497207 137.259094 0.000000 0.000000 0.000000 0.000000 4.643625
41200 413 162.899933 0.000000 1000.000000 1.190378 161.709549 0.000000 0.000000 0.000000 0.000000 5.582077
41300 414 139.999878 0.000000 1000.000000 0.624273 139.470459 -0.094846 0.000000 0.000000 0.000000 6.721135
41400 415 133.938171 0.000000 1000.000000 0.809835 134.334839 -1.206502 0.000000 0.000000 0.000000 4.611665
41500 416 131.836243 0.000000 1000.000000 0.187483 131.794098 -0.145338 0.000000 0.000000 0.000000 7.820071
41600 417 138.957718 0.000000 1000.000000 0.981710 140.509766 -1.770527 -0.763237 0.000000 0.000000 4.365098
41700 418 141.015961 0.000000 1000.000000 2.404417 139.478149 -0.866601 0.000000 0.000000 0.000000 4.778915
41800 419 132.971588 0.000000 1000.000000 0.303487 133.110672 -0.442564 0.000000 0.000000 0.000000 4.494405
41900 420 124.810165 0.000000 1000.000000 0.426220 125.452240 -1.068300 0.000000 0.000000 0.000000 3.409030
42000 421 146.562622 0.000000 1000.000000 0.665510 145.897110 0.000000 0.000000 0.000000 0.000000 4.064569
42100 422 132.573105 0.000000 1000.000000 0.634763 131.938339 0.000000 0.000000 0.000000 0.000000 5.333289
42200 423 154.716003 0.000000 1000.000000 0.440583 154.345734 -0.070317 0.000000 0.000000 0.000000 4.953282
42300 424 130.776443 0.000000 1000.000000 0.533309 134.125168 -1.764178 -2.117853 0.000000 0.000000 5.986331
42400 425 133.169693 0.000000 1000.000000 0.825512 132.687378 -0.343203 0.000000 0.000000 0.000000 4.508653
42500 426 150.594803 0.000000 1000.000000 0.371895 150.408478 -0.185571 0.000000 0.000000 0.000000 5.588819
42600 427 151.059128 0.000000 1000.000000 1.718601 150.371002 -1.030466 0.000000 0.000000 0.000000 6.255659
42700 428 157.697845 0.000000 1000.000000 1.201149 156.496689 0.000000 0.000000 0.000000 0.000000 5.364078
42800 429 129.829529 0.000000 1000.000000 0.186217 131.748764 -2.105448 0.000000 0.000000 0.000000 4.006928
42900 430 137.756302 0.000000 1000.000000 0.243554 142.288528 -1.896672 -2.879115 0.000000 0.000000 4.365341
43000 431 129.214920 0.000000 1000.000000 0.453334 128.919922 -0.158342 0.000000 0.000000 0.000000 3.524719
43100 432 132.376694 0.000000 1000.000000 0.386585 134.875229 -2.885111 0.000000 0.000000 0.000000 5.692381
43200 433 128.212067 0.000000 1000.000000 1.064926 127.330978 -0.183837 0.000000 0.000000 0.000000 6.066330
43300 434 152.196793 0.000000 1000.000000 0.702454 151.702805 -0.208459 0.000000 0.000000 0.000000 7.559147
43400 435 146.016434 0.000000 1000.000000 0.530870 145.485565 0.000000 0.000000 0.000000 0.000000 4.423174
43500 436 142.467911 0.000000 1000.000000 0.283136 142.184769 0.000000 0.000000 0.000000 0.000000 4.599760
43600 437 132.036835 0.000000 1000.000000 0.268861 131.884811 -0.116836 0.000000 0.000000 0.000000 5.212576
43700 438 133.330383 0.000000 1000.000000 0.440871 132.889511 0.000000 0.000000 0.000000 0.000000 4.452715
43800 439 127.542358 0.000000 1000.000000 0.957342 126.697365 -0.112354 0.000000 0.000000 0.000000 5.491237
43900 440 147.764923 0.000000 1000.000000 2.567492 145.197433 0.000000 0.000000 0.000000 0.000000 3.933120
44000 441 134.095642 0.000000 1000.000000 0.907132 133.188507 0.000000 0.000000 0.000000 0.000000 4.301064
44100 442 148.710220 0.000000 1000.000000 0.299214 148.481628 -0.070614 0.000000 0.000000 0.000000 5.538872
44200 443 134.466370 0.000000 1000.000000 0.984534 133.481842 0.000000 0.000000 0.000000 0.000000 5.333486
44300 444 159.264664 0.000000 1000.000000 0.419588 158.906769 -0.061698 0.000000 0.000000 0.000000 5.243309
44400 445 135.570572 0.000000 1000.000000 3.001899 132.568680 0.000000 0.000000 0.000000 0.000000 5.533361
44500 446 135.363708 0.000000 1000.000000 0.845719 134.770096 -0.252112 0.000000 0.000000 0.000000 5.476238
44600 447 138.923965 0.000000 1000.000000 0.601331 138.322632 0.000000 0.000000 0.000000 0.000000 6.348837
44700 448 138.895187 0.000000 1000.000000 0.631642 138.263550 0.000000 0.000000 0.000000 0.000000 5.383989
44800 449 130.816254 0.000000 1000.000000 1.991484 129.717712 -0.892940 0.000000 0.000000 0.000000 4.089046
44900 450 145.314621 0.000000 1000.000000 1.246760 144.067856 0.000000 0.000000 0.000000 0.000000 6.180560
45000 451 141.279053 0.000000 1000.000000 1.204059 140.222000 -0.147007 0.000000 0.000000 0.000000 6.901229
45100 452 138.431290 0.000000 1000.000000 0.272983 138.158310 0.000000 0.000000 0.000000 0.000000 6.753511
45200 453 135.295090 0.000000 1000.000000 0.488424 134.806671 0.000000 0.000000 0.000000 0.000000 6.231027
45300 454 130.085556 0.000000 1000.000000 0.216954 129.868607 0.000000 0.000000 0.000000 0.000000 5.201822
45400 455 158.928116 0.000000 1000.000000 0.764644 158.163467 0.000000 0.000000 0.000000 0.000000 9.249168
45500 456 131.404480 0.000000 1000.000000 1.063466 130.341019 0.000000 0.000000 0.000000 0.000000 4.750030
45600 457 126.299820 0.000000 1000.000000 0.261209 126.038612 0.000000 0.000000 0.000000 0.000000 6.833626
45700 458 120.372063 0.000000 1000.000000 0.502393 119.869667 0.000000 0.000000 0.000000 0.000000 5.931321
45800 459 137.414536 0.000000 1000.000000 1.649602 135.881165 -0.116220 0.000000 0.000000 0.000000 5.915983
45900 460 140.237442 0.000000 1000.000000 0.971982 139.317108 -0.051645 0.000000 0.000000 0.000000 5.225151
46000 461 143.115479 0.000000 1000.000000 0.676365 142.439117 0.000000 0.000000 0.000000 0.000000 4.982262
46100 462 149.861893 0.000000 1000.000000 0.866951 148.994934 0.000000 0.000000 0.000000 0.000000 6.029695
46200 463 147.913010 0.000000 1000.000000 1.206927 148.287735 -1.581651 0.000000 0.000000 0.000000 4.668969
46300 464 169.128113 0.000000 1000.000000 1.176779 168.726974 -0.775642 0.000000 0.000000 0.000000 5.717595
46400 465 150.635147 0.000000 1000.000000 0.494340 151.734451 -1.593646 0.000000 0.000000 0.000000 7.530790
46500 466 150.194595 0.000000 1000.000000 1.585947 148.939316 -0.330680 0.000000 0.000000 0.000000 7.557467
46600 467 141.988022 0.000000 1000.000000 0.293779 141.694244 0.000000 0.000000 0.000000 0.000000 8.172743
46700 468 143.331390 0.000000 1000.000000 0.750255 142.581131 0.000000 0.000000 0.000000 0.000000 7.295525
46800 469 141.123779 0.000000 1000.000000 0.245797 140.877975 0.000000 0.000000 0.000000 0.000000 8.224020
46900 470 132.509277 0.000000 1000.000000 1.698384 130.810898 0.000000 0.000000 0.000000 0.000000 9.789786
47000 471 118.133347 0.000000 1000.000000 0.931983 117.591248 -0.389885 0.000000 0.000000 0.000000 6.021952
47100 472 134.672043 0.000000 1000.000000 0.237261 134.543732 -0.108940 0.000000 0.000000 0.000000 8.755978
47200 473 141.761902 0.000000 1000.000000 0.990781 140.771118 0.000000 0.000000 0.000000 0.000000 7.108290
47300 474 142.425903 0.000000 1000.000000 0.278130 142.147781 0.000000 0.000000 0.000000 0.000000 6.945748
47400 475 148.090744 0.000000 1000.000000 0.200665 147.939133 -0.049056 0.000000 0.000000 0.000000 11.258644
47500 476 144.151672 0.000000 1000.000000 0.480629 144.268280 -0.597235 0.000000 0.000000 0.000000 7.779222
47600 477 146.056061 0.000000 1000.000000 0.296224 146.569794 -0.809947 0.000000 0.000000 0.000000 8.146881
47700 478 133.899246 0.000000 1000.000000 0.602291 133.296951 0.000000 0.000000 0.000000 0.000000 7.702977
47800 479 148.255447 0.000000 1000.000000 0.914914 147.930511 -0.589978 0.000000 0.000000 0.000000 6.579571
47900 480 158.805298 0.000000 1000.000000 1.205993 157.763870 -0.164563 0.000000 0.000000 0.000000 8.105515
48000 481 141.287979 0.000000 1000.000000 0.390897 140.897079 0.000000 0.000000 0.000000 0.000000 7.240329
48100 482 142.415955 0.000000 1000.000000 0.653312 141.833252 -0.070602 0.000000 0.000000 0.000000 6.204105
48200 483 159.169952 0.000000 1000.000000 0.335628 158.834320 0.000000 0.000000 0.000000 0.000000 5.266114
48300 484 161.221008 0.000000 1000.000000 0.295267 161.009705 -0.083965 0.000000 0.000000 0.000000 5.332614
48400 485 154.294830 0.000000 1000.000000 1.481381 152.881805 -0.068354 0.000000 0.000000 0.000000 7.614618
48500 486 147.032043 0.000000 1000.000000 0.251003 147.047470 -0.266439 0.000000 0.000000 0.000000 4.698628
48600 487 154.599091 0.000000 1000.000000 0.735995 153.863098 0.000000 0.000000 0.000000 0.000000 4.863329
48700 488 156.468643 0.000000 1000.000000 0.814841 155.920959 -0.267152 0.000000 0.000000 0.000000 5.742835
48800 489 149.553802 0.000000 1000.000000 0.756630 148.842606 -0.045448 0.000000 0.000000 0.000000 4.463558
48900 490 155.901031 0.000000 1000.000000 4.382351 151.805969 -0.287300 0.000000 0.000000 0.000000 5.442162
49000 491 175.874252 0.000000 1000.000000 1.741334 174.250305 -0.117381 0.000000 0.000000 0.000000 4.250012
49100 492 153.745758 0.000000 1000.000000 0.899022 152.846741 0.000000 0.000000 0.000000 0.000000 5.635930
49200 493 145.836014 0.000000 1000.000000 0.319797 145.516220 0.000000 0.000000 0.000000 0.000000 5.007507
49300 494 160.866928 0.000000 1000.000000 0.712223 160.154709 0.000000 0.000000 0.000000 0.000000 7.025942
49400 495 150.178452 0.000000 1000.000000 0.428114 149.934799 -0.184464 0.000000 0.000000 0.000000 4.449979
49500 496 158.146255 0.000000 1000.000000 0.416747 157.729507 0.000000 0.000000 0.000000 0.000000 5.484020
49600 497 165.324615 0.000000 1000.000000 0.524911 164.799698 0.000000 0.000000 0.000000 0.000000 3.556786
49700 498 156.769440 0.000000 1000.000000 0.636720 156.132721 0.000000 0.000000 0.000000 0.000000 4.811315
49800 499 137.270187 0.000000 1000.000000 1.452806 135.862808 -0.045420 0.000000 0.000000 0.000000 5.785218
49900 500 139.173065 0.000000 1000.000000 1.456543 137.805939 -0.089410 0.000000 0.000000 0.000000 5.201259
50000 501 154.481552 0.000000 1000.000000 0.079139 154.525024 -0.122612 0.000000 0.000000 0.000000 5.700610
