1 1 205.119019 0.000000 1000.000000 0.134825 218.082977 -3.094459 -10.004326 0.000000 0.000000 1.515243
100 2 197.207062 0.000000 1000.000000 1.555290 195.651764 0.000000 0.000000 0.000000 0.000000 8.984677
200 3 179.645157 0.000000 1000.000000 0.540020 179.176956 -0.071817 0.000000 0.000000 0.000000 8.680069
300 4 189.085419 0.000000 1000.000000 0.680288 192.168228 -0.787533 -2.975557 0.000000 0.000000 6.726339
400 5 189.040939 0.000000 1000.000000 1.107588 187.933350 0.000000 0.000000 0.000000 0.000000 9.418962
500 6 196.373978 0.000000 1000.000000 0.703945 196.547577 -0.877541 0.000000 0.000000 0.000000 10.166492
600 7 209.686401 0.000000 1000.000000 1.524078 208.770477 -0.608157 0.000000 0.000000 0.000000 10.950738
700 8 202.414932 0.000000 1000.000000 0.780309 202.616348 -0.981717 0.000000 0.000000 0.000000 7.659060
800 9 215.416534 0.000000 1000.000000 0.624232 216.353546 -1.561253 0.000000 0.000000 0.000000 7.016811
900 10 194.860168 0.000000 1000.000000 2.419314 193.694565 -1.253703 0.000000 0.000000 0.000000 7.811655
1000 11 197.875031 0.000000 1000.000000 0.455171 197.941528 -0.521660 0.000000 0.000000 0.000000 10.280514
1100 12 193.224686 0.000000 1000.000000 2.472880 191.030563 -0.278765 0.000000 0.000000 0.000000 10.072118
1200 13 198.210281 0.000000 1000.000000 1.397067 203.914825 -1.613211 -5.488408 0.000000 0.000000 6.446094
1300 14 194.625748 0.000000 1000.000000 1.466704 193.807419 -0.648372 0.000000 0.000000 0.000000 11.290098
1400 15 191.330490 0.000000 1000.000000 1.269350 190.915283 -0.854146 0.000000 0.000000 0.000000 7.581505
1500 16 198.757172 0.000000 1000.000000 1.171111 198.396484 -0.810428 0.000000 0.000000 0.000000 6.724256
1600 17 188.221313 0.000000 1000.000000 1.085431 187.583282 -0.447402 0.000000 0.000000 0.000000 9.815174
1700 18 184.349533 0.000000 1000.000000 0.375969 185.296783 -1.323207 0.000000 0.000000 0.000000 6.292262
1800 19 203.488510 0.000000 1000.000000 0.757160 203.552673 -0.821317 0.000000 0.000000 0.000000 6.610386
1900 20 183.621964 0.000000 1000.000000 2.016690 181.621521 -0.016258 0.000000 0.000000 0.000000 6.654138
2000 21 172.658615 0.000000 1000.000000 1.010471 172.066422 -0.418276 0.000000 0.000000 0.000000 5.443880
2100 22 184.248627 0.000000 1000.000000 0.852714 183.971832 -0.575907 0.000000 0.000000 0.000000 8.620874
2200 23 212.385895 0.000000 1000.000000 0.479181 211.906708 0.000000 0.000000 0.000000 0.000000 6.856572
2300 24 172.394302 0.000000 1000.000000 0.514223 172.419952 -0.539867 0.000000 0.000000 0.000000 6.427936
2400 25 182.394150 0.000000 1000.000000 0.442968 182.596146 -0.644961 0.000000 0.000000 0.000000 6.703151
2500 26 170.235596 0.000000 1000.000000 0.672206 170.203613 -0.640232 0.000000 0.000000 0.000000 5.609864
2600 27 182.717941 0.000000 1000.000000 0.235495 184.139191 -1.656744 0.000000 0.000000 0.000000 5.170397
2700 28 188.632782 0.000000 1000.000000 0.549659 190.141357 -2.058225 0.000000 0.000000 0.000000 6.320657
2800 29 188.796692 0.000000 1000.000000 3.251118 189.538986 -2.558843 -1.434564 0.000000 0.000000 6.258706
2900 30 177.556747 0.000000 1000.000000 0.373437 177.183304 0.000000 0.000000 0.000000 0.000000 5.619674
3000 31 183.138565 0.000000 1000.000000 0.615013 182.656570 -0.133011 0.000000 0.000000 0.000000 6.366117
3100 32 192.720383 0.000000 1000.000000 1.131863 189.035736 -1.958416 4.511199 0.000000 0.000000 5.871628
3200 33 182.710236 0.000000 1000.000000 1.452208 182.609970 -1.351938 0.000000 0.000000 0.000000 9.244151
3300 34 162.371185 0.000000 1000.000000 0.366380 167.913803 -2.530801 -3.378196 0.000000 0.000000 4.379369
3400 35 176.556549 0.000000 1000.000000 0.708839 177.343384 -1.495660 0.000000 0.000000 0.000000 3.365048
3500 36 175.519775 0.000000 1000.000000 0.853253 175.615616 -0.949096 0.000000 0.000000 0.000000 3.216926
3600 37 166.319580 0.000000 1000.000000 0.587211 166.337723 -0.605345 0.000000 0.000000 0.000000 4.100146
3700 38 174.950089 0.000000 1000.000000 0.229752 175.975342 -1.255008 0.000000 0.000000 0.000000 4.660547
3800 39 182.743851 0.000000 1000.000000 0.321197 184.003250 -1.580602 0.000000 0.000000 0.000000 4.388974
3900 40 186.561691 0.000000 1000.000000 1.403872 185.157822 0.000000 0.000000 0.000000 0.000000 3.953573
4000 41 194.812668 0.000000 1000.000000 0.396076 195.001099 -0.584509 0.000000 0.000000 0.000000 3.332118
4100 42 185.278107 0.000000 1000.000000 1.130076 184.148026 0.000000 0.000000 0.000000 0.000000 3.712476
4200 43 169.516693 0.000000 1000.000000 1.299874 168.876312 -0.659508 0.000000 0.000000 0.000000 3.860139
4300 44 195.899414 0.000000 1000.000000 2.787820 193.111588 0.000000 0.000000 0.000000 0.000000 2.787185
4400 45 190.504517 0.000000 1000.000000 1.022972 191.547089 -2.065530 0.000000 0.000000 0.000000 3.264616
4500 46 190.414200 0.000000 1000.000000 1.426196 190.604996 -1.616986 0.000000 0.000000 0.000000 3.256723
4600 47 199.424911 0.000000 1000.000000 0.459564 201.857422 -2.892077 0.000000 0.000000 0.000000 3.917273
4700 48 190.625534 0.000000 1000.000000 1.439894 191.422440 -2.236801 0.000000 0.000000 0.000000 3.264588
4800 49 193.784470 0.000000 1000.000000 1.631503 192.186508 -0.033537 0.000000 0.000000 0.000000 3.559013
4900 50 179.475037 0.000000 1000.000000 0.391871 179.343918 -0.260762 0.000000 0.000000 0.000000 5.879644
5000 51 185.525223 0.000000 1000.000000 1.747051 184.852997 -1.074833 0.000000 0.000000 0.000000 6.811491
5100 52 170.354279 0.000000 1000.000000 1.396989 169.141052 -0.183765 0.000000 0.000000 0.000000 6.187901
5200 53 174.897095 0.000000 1000.000000 0.444784 174.452316 0.000000 0.000000 0.000000 0.000000 6.126883
5300 54 180.438248 0.000000 1000.000000 1.240285 180.924057 -1.726096 0.000000 0.000000 0.000000 4.957079
5400 55 172.947540 0.000000 1000.000000 1.082262 178.828140 -1.939435 -5.023417 0.000000 0.000000 4.752521
5500 56 178.812515 0.000000 1000.000000 0.611612 178.809998 -0.609106 0.000000 0.000000 0.000000 6.106808
5600 57 166.196915 0.000000 1000.000000 1.123742 167.512207 -1.326982 -1.112065 0.000000 0.000000 7.780313
5700 58 167.943024 0.000000 1000.000000 0.521978 172.813019 -2.747249 -2.644712 0.000000 0.000000 5.680645
5800 59 170.510254 0.000000 1000.000000 1.261163 170.228775 -0.979698 0.000000 0.000000 0.000000 5.369335
5900 60 157.513153 0.000000 1000.000000 0.408464 161.878342 -0.856457 -3.917188 0.000000 0.000000 4.753776
6000 61 156.960129 0.000000 1000.000000 1.469511 155.538574 -0.047953 0.000000 0.000000 0.000000 6.100640
6100 62 164.784897 0.000000 1000.000000 1.600857 163.303955 -0.119914 0.000000 0.000000 0.000000 7.171387
6200 63 169.488861 0.000000 1000.000000 0.490686 168.998169 0.000000 0.000000 0.000000 0.000000 6.762076
6300 64 160.734848 0.000000 1000.000000 0.763979 164.057495 -1.240662 -2.845959 0.000000 0.000000 6.155367
6400 65 160.416183 0.000000 1000.000000 1.191273 159.224915 0.000000 0.000000 0.000000 0.000000 5.363543
6500 66 159.066101 0.000000 1000.000000 0.513120 158.830994 -0.278013 0.000000 0.000000 0.000000 5.727032
6600 67 158.504013 0.000000 1000.000000 0.762918 159.032303 -0.694596 -0.596621 0.000000 0.000000 5.104665
6700 68 171.606537 0.000000 1000.000000 1.418202 174.266251 -1.123572 -2.954339 0.000000 0.000000 5.815020
6800 69 180.668884 0.000000 1000.000000 2.537594 178.411667 -0.280387 0.000000 0.000000 0.000000 6.264030
6900 70 156.695221 0.000000 1000.000000 2.896771 154.369064 -0.570611 0.000000 0.000000 0.000000 6.210489
7000 71 172.504837 0.000000 1000.000000 1.484614 171.221283 -0.201067 0.000000 0.000000 0.000000 3.907979
7100 72 162.398941 0.000000 1000.000000 0.849505 161.833511 -0.284080 0.000000 0.000000 0.000000 5.513148
7200 73 160.877975 0.000000 1000.000000 1.242916 160.879044 -0.661223 -0.582768 0.000000 0.000000 6.464422
7300 74 170.225525 0.000000 1000.000000 2.689250 168.448242 -0.911974 0.000000 0.000000 0.000000 5.696836
7400 75 158.478439 0.000000 1000.000000 6.305910 153.310944 -1.138417 0.000000 0.000000 0.000000 5.460234
7500 76 187.964569 0.000000 1000.000000 1.230131 187.241211 -0.506781 0.000000 0.000000 0.000000 5.373046
7600 77 154.834412 0.000000 1000.000000 0.635108 160.550476 -1.234595 -5.116570 0.000000 0.000000 6.102817
7700 78 157.040695 0.000000 1000.000000 0.968213 156.072479 0.000000 0.000000 0.000000 0.000000 5.230525
7800 79 151.865463 0.000000 1000.000000 1.335176 150.855438 -0.325150 0.000000 0.000000 0.000000 5.345464
7900 80 164.042740 0.000000 1000.000000 1.099327 162.965912 -0.022491 0.000000 0.000000 0.000000 5.784589
8000 81 183.497849 0.000000 1000.000000 0.452291 183.641663 -0.596102 0.000000 0.000000 0.000000 5.871207
8100 82 163.957458 0.000000 1000.000000 0.136420 163.821045 0.000000 0.000000 0.000000 0.000000 5.811350
8200 83 178.460449 0.000000 1000.000000 3.560183 175.964508 -1.064240 0.000000 0.000000 0.000000 5.862703
8300 84 186.216263 0.000000 1000.000000 2.070540 184.163925 -0.018209 0.000000 0.000000 0.000000 5.203149
8400 85 164.341965 0.000000 1000.000000 1.192000 163.299393 -0.149434 0.000000 0.000000 0.000000 3.883230
8500 86 164.347992 0.000000 1000.000000 0.897549 165.288605 -0.899830 -0.938343 0.000000 0.000000 4.584219
8600 87 177.617798 0.000000 1000.000000 0.576451 177.063232 -0.021888 0.000000 0.000000 0.000000 7.019009
8700 88 160.044235 0.000000 1000.000000 0.346094 164.646927 -0.591680 -4.357119 0.000000 0.000000 8.265165
8800 89 154.242859 0.000000 1000.000000 0.704823 153.810806 -0.272768 0.000000 0.000000 0.000000 6.634329
8900 90 151.636612 0.000000 1000.000000 1.060698 150.941711 -0.365793 0.000000 0.000000 0.000000 8.817709
9000 91 161.065430 0.000000 1000.000000 1.140188 159.951416 -0.026173 0.000000 0.000000 0.000000 6.285248
9100 92 148.755966 0.000000 1000.000000 0.673423 148.082550 0.000000 0.000000 0.000000 0.000000 5.505632
9200 93 174.883560 0.000000 1000.000000 0.430204 174.477020 -0.023661 0.000000 0.000000 0.000000 7.993011
9300 94 163.060562 0.000000 1000.000000 1.221916 161.946472 -0.107821 0.000000 0.000000 0.000000 7.937488
9400 95 158.509094 0.000000 1000.000000 0.748386 157.836807 -0.076091 0.000000 0.000000 0.000000 6.360770
9500 96 174.357620 0.000000 1000.000000 0.345975 174.572632 -0.560993 0.000000 0.000000 0.000000 5.713503
9600 97 182.169052 0.000000 1000.000000 1.323506 181.519440 -0.673895 0.000000 0.000000 0.000000 6.145836
9700 98 170.580139 0.000000 1000.000000 0.458245 171.845078 -0.926460 -0.796735 0.000000 0.000000 6.700091
9800 99 179.363785 0.000000 1000.000000 2.060411 177.899353 -0.595982 0.000000 0.000000 0.000000 4.800563
9900 100 167.901840 0.000000 1000.000000 1.190070 166.711777 0.000000 0.000000 0.000000 0.000000 5.766962
10000 101 168.046310 0.000000 1000.000000 1.661013 166.744736 -0.359431 0.000000 0.000000 0.000000 6.272788
10100 102 159.194000 0.000000 1000.000000 0.408283 158.785721 0.000000 0.000000 0.000000 0.000000 4.963545
10200 103 163.034149 0.000000 1000.000000 0.466089 162.568054 0.000000 0.000000 0.000000 0.000000 5.203338
10300 104 162.483734 0.000000 1000.000000 1.049443 161.505280 -0.070986 0.000000 0.000000 0.000000 6.687330
10400 105 157.138275 0.000000 1000.000000 1.176594 152.496567 -0.863135 4.328248 0.000000 0.000000 5.483365
10500 106 150.688492 0.000000 1000.000000 1.779291 149.444794 -0.535606 0.000000 0.000000 0.000000 5.620770
10600 107 178.023056 0.000000 1000.000000 2.270517 176.344269 -0.591737 0.000000 0.000000 0.000000 3.971617
10700 108 161.876480 0.000000 1000.000000 0.419415 162.732208 -1.275152 0.000000 0.000000 0.000000 4.166153
10800 109 188.119080 0.000000 1000.000000 1.144575 188.655548 -1.681039 0.000000 0.000000 0.000000 3.391745
10900 110 165.921814 0.000000 1000.000000 1.211254 165.071716 -0.361165 0.000000 0.000000 0.000000 5.986621
11000 111 178.248550 0.000000 1000.000000 0.648386 178.345459 -0.745297 0.000000 0.000000 0.000000 5.961441
11100 112 194.860840 0.000000 1000.000000 0.681432 194.822662 -0.643256 0.000000 0.000000 0.000000 4.945812
11200 113 171.517365 0.000000 1000.000000 2.010285 169.994217 -0.487138 0.000000 0.000000 0.000000 4.419747
11300 114 183.904694 0.000000 1000.000000 0.664003 183.763031 -0.522339 0.000000 0.000000 0.000000 4.826561
11400 115 157.069962 0.000000 1000.000000 0.758945 156.338104 -0.027082 0.000000 0.000000 0.000000 8.056523
11500 116 191.985184 0.000000 1000.000000 0.900329 191.628601 -0.543753 0.000000 0.000000 0.000000 6.064106
11600 117 176.381531 0.000000 1000.000000 3.204540 173.748260 -0.571266 0.000000 0.000000 0.000000 8.207864
11700 118 175.141449 0.000000 1000.000000 1.647307 173.763031 -0.268889 0.000000 0.000000 0.000000 5.971856
11800 119 179.045959 0.000000 1000.000000 1.884997 179.218826 -0.622063 -1.435789 0.000000 0.000000 6.918118
11900 120 181.186417 0.000000 1000.000000 1.153217 180.789368 -0.756162 0.000000 0.000000 0.000000 6.405500
12000 121 172.082748 0.000000 1000.000000 0.325641 171.913651 -0.156542 0.000000 0.000000 0.000000 6.410681
12100 122 199.610092 0.000000 1000.000000 0.944928 198.916351 -0.251197 0.000000 0.000000 0.000000 9.595157
12200 123 194.130234 0.000000 1000.000000 0.247114 193.934799 -0.051676 0.000000 0.000000 0.000000 7.364007
12300 124 178.289932 0.000000 1000.000000 0.723323 178.235428 -0.668822 0.000000 0.000000 0.000000 6.573356
12400 125 180.683823 0.000000 1000.000000 0.274030 180.409790 0.000000 0.000000 0.000000 0.000000 7.132650
12500 126 164.595566 0.000000 1000.000000 0.474161 170.614716 -1.081923 -5.411389 0.000000 0.000000 6.848035
12600 127 178.328094 0.000000 1000.000000 0.920155 177.799362 -0.391420 0.000000 0.000000 0.000000 6.084977
12700 128 163.865753 0.000000 1000.000000 2.170069 161.974670 -0.278990 0.000000 0.000000 0.000000 7.442848
12800 129 181.239822 0.000000 1000.000000 1.178403 180.061417 0.000000 0.000000 0.000000 0.000000 4.999949
12900 130 170.577576 0.000000 1000.000000 1.187017 169.546844 -0.156287 0.000000 0.000000 0.000000 6.966960
13000 131 161.657806 0.000000 1000.000000 2.230572 159.427231 0.000000 0.000000 0.000000 0.000000 9.528945
13100 132 177.493637 0.000000 1000.000000 1.901251 175.592392 0.000000 0.000000 0.000000 0.000000 7.157041
13200 133 156.861588 0.000000 1000.000000 1.944284 154.917297 0.000000 0.000000 0.000000 0.000000 4.899705
13300 134 168.533691 0.000000 1000.000000 0.596073 168.108551 -0.170929 0.000000 0.000000 0.000000 10.529402
13400 135 149.205933 0.000000 1000.000000 2.327949 146.877991 0.000000 0.000000 0.000000 0.000000 9.259084
13500 136 165.277695 0.000000 1000.000000 1.839238 163.584763 -0.146294 0.000000 0.000000 0.000000 7.155854
13600 137 169.387207 0.000000 1000.000000 0.527768 175.696564 -1.288324 -5.548790 0.000000 0.000000 5.440360
13700 138 162.623123 0.000000 1000.000000 0.806733 162.245010 -0.428615 0.000000 0.000000 0.000000 5.625893
13800 139 163.621292 0.000000 1000.000000 0.316992 163.337128 -0.032821 0.000000 0.000000 0.000000 5.576820
13900 140 167.445694 0.000000 1000.000000 0.816803 167.016907 -0.388018 0.000000 0.000000 0.000000 5.729127
14000 141 165.881973 0.000000 1000.000000 0.868151 165.042603 -0.028779 0.000000 0.000000 0.000000 6.706478
14100 142 156.820114 0.000000 1000.000000 0.854152 156.524094 -0.558131 0.000000 0.000000 0.000000 9.178922
14200 143 157.500244 0.000000 1000.000000 1.582811 155.947800 -0.030360 0.000000 0.000000 0.000000 9.605873
14300 144 167.255707 0.000000 1000.000000 0.290608 170.437393 -0.919074 -2.553222 0.000000 0.000000 6.410245
14400 145 162.299133 0.000000 1000.000000 1.080112 161.829132 -0.610106 0.000000 0.000000 0.000000 5.593454
14500 146 182.498596 0.000000 1000.000000 2.222468 183.954269 -1.029666 -2.648480 0.000000 0.000000 5.205581
14600 147 174.957306 0.000000 1000.000000 0.850285 174.107025 0.000000 0.000000 0.000000 0.000000 6.189207
14700 148 164.764023 0.000000 1000.000000 0.432653 164.331375 0.000000 0.000000 0.000000 0.000000 4.755291
14800 149 168.673157 0.000000 1000.000000 1.421982 167.251175 0.000000 0.000000 0.000000 0.000000 7.213806
14900 150 164.119019 0.000000 1000.000000 1.655503 163.666351 -1.202832 0.000000 0.000000 0.000000 5.387704
15000 151 143.745438 0.000000 1000.000000 0.393369 143.472198 -0.120132 0.000000 0.000000 0.000000 7.566818
15100 152 166.905151 0.000000 1000.000000 0.317500 166.727676 -0.140037 0.000000 0.000000 0.000000 6.090340
15200 153 145.914017 0.000000 1000.000000 2.020942 144.005051 -0.111962 0.000000 0.000000 0.000000 6.426439
15300 154 152.550522 0.000000 1000.000000 0.846025 151.731659 -0.027157 0.000000 0.000000 0.000000 7.188053
15400 155 176.680771 0.000000 1000.000000 2.731021 173.975510 -0.025754 0.000000 0.000000 0.000000 4.197982
15500 156 158.467087 0.000000 1000.000000 1.482911 157.012741 -0.028561 0.000000 0.000000 0.000000 5.134611
15600 157 151.549988 0.000000 1000.000000 0.746343 150.803650 0.000000 0.000000 0.000000 0.000000 6.921074
15700 158 165.013824 0.000000 1000.000000 0.898414 164.115417 0.000000 0.000000 0.000000 0.000000 5.776113
15800 159 167.200180 0.000000 1000.000000 3.898749 163.333237 -0.031796 0.000000 0.000000 0.000000 5.771836
15900 160 175.125732 0.000000 1000.000000 1.963408 173.357590 -0.195264 0.000000 0.000000 0.000000 7.109758
16000 161 166.170639 0.000000 1000.000000 1.605524 164.565109 0.000000 0.000000 0.000000 0.000000 4.942095
16100 162 161.557373 0.000000 1000.000000 0.295856 161.261520 0.000000 0.000000 0.000000 0.000000 5.924010
16200 163 163.082352 0.000000 1000.000000 2.008901 161.073456 0.000000 0.000000 0.000000 0.000000 5.074113
16300 164 160.743210 0.000000 1000.000000 0.649927 160.126358 -0.033085 0.000000 0.000000 0.000000 8.598537
16400 165 166.926590 0.000000 1000.000000 2.069450 164.946838 -0.089695 0.000000 0.000000 0.000000 12.463321
16500 166 142.694717 0.000000 1000.000000 1.103675 141.591049 0.000000 0.000000 0.000000 0.000000 7.109210
16600 167 164.336685 0.000000 1000.000000 2.402518 162.149216 -0.215040 0.000000 0.000000 0.000000 8.043078
16700 168 168.990479 0.000000 1000.000000 0.324033 168.666443 0.000000 0.000000 0.000000 0.000000 9.564026
16800 169 165.372040 0.000000 1000.000000 0.513945 165.054611 -0.196518 0.000000 0.000000 0.000000 8.495908
16900 170 171.883209 0.000000 1000.000000 1.071799 170.865570 -0.054148 0.000000 0.000000 0.000000 7.281878
17000 171 182.723923 0.000000 1000.000000 0.712378 182.072861 -0.061311 0.000000 0.000000 0.000000 6.348102
17100 172 170.488327 0.000000 1000.000000 1.830402 168.881149 -0.223228 0.000000 0.000000 0.000000 6.097501
17200 173 156.958771 0.000000 1000.000000 0.464415 156.494354 0.000000 0.000000 0.000000 0.000000 6.049878
17300 174 178.550003 0.000000 1000.000000 1.018747 177.531250 0.000000 0.000000 0.000000 0.000000 6.541780
17400 175 167.520432 0.000000 1000.000000 0.656078 166.903595 -0.039242 0.000000 0.000000 0.000000 7.979736
17500 176 164.509064 0.000000 1000.000000 0.599105 164.177826 -0.267874 0.000000 0.000000 0.000000 7.353378
17600 177 154.427338 0.000000 1000.000000 0.942791 153.987335 -0.502800 0.000000 0.000000 0.000000 5.014656
17700 178 167.443573 0.000000 1000.000000 1.073112 166.702606 -0.332144 0.000000 0.000000 0.000000 5.683941
17800 179 158.903259 0.000000 1000.000000 2.344136 156.681625 -0.122497 0.000000 0.000000 0.000000 7.462065
17900 180 152.119339 0.000000 1000.000000 0.964631 151.154709 0.000000 0.000000 0.000000 0.000000 7.240849
18000 181 177.511139 0.000000 1000.000000 1.574861 175.936279 0.000000 0.000000 0.000000 0.000000 8.429672
18100 182 159.103897 0.000000 1000.000000 1.659671 157.853760 -0.409529 0.000000 0.000000 0.000000 7.846656
18200 183 153.950928 0.000000 1000.000000 0.455305 153.495621 0.000000 0.000000 0.000000 0.000000 7.507298
18300 184 158.313217 0.000000 1000.000000 0.923865 157.705460 -0.316106 0.000000 0.000000 0.000000 4.995553
18400 185 161.774414 0.000000 1000.000000 0.552335 161.330872 -0.108791 0.000000 0.000000 0.000000 9.418427
18500 186 160.655685 0.000000 1000.000000 0.316083 160.548264 -0.208658 0.000000 0.000000 0.000000 6.223168
18600 187 149.714249 0.000000 1000.000000 0.378044 149.336212 0.000000 0.000000 0.000000 0.000000 8.803867
18700 188 171.662018 0.000000 1000.000000 1.136073 170.525940 0.000000 0.000000 0.000000 0.000000 7.289022
18800 189 162.339508 0.000000 1000.000000 0.998592 161.368439 -0.027524 0.000000 0.000000 0.000000 8.323679
18900 190 175.510513 0.000000 1000.000000 1.166461 174.708969 -0.364911 0.000000 0.000000 0.000000 8.590514
19000 191 169.541443 0.000000 1000.000000 2.820255 166.956741 -0.235545 0.000000 0.000000 0.000000 6.581546
19100 192 183.294968 0.000000 1000.000000 2.096041 181.198929 0.000000 0.000000 0.000000 0.000000 4.535665
19200 193 166.452957 0.000000 1000.000000 1.578353 164.874603 0.000000 0.000000 0.000000 0.000000 4.910941
19300 194 169.111984 0.000000 1000.000000 1.086803 168.025177 0.000000 0.000000 0.000000 0.000000 5.027888
19400 195 170.299438 0.000000 1000.000000 1.039454 169.259979 0.000000 0.000000 0.000000 0.000000 6.944271
19500 196 155.894958 0.000000 1000.000000 1.002771 154.922836 -0.030658 0.000000 0.000000 0.000000 6.579091
19600 197 154.378815 0.000000 1000.000000 0.921896 153.518982 -0.062059 0.000000 0.000000 0.000000 7.475349
19700 198 142.134308 0.000000 1000.000000 0.523172 141.611130 0.000000 0.000000 0.000000 0.000000 8.633831
19800 199 155.069061 0.000000 1000.000000 0.572841 154.496216 0.000000 0.000000 0.000000 0.000000 5.734819
19900 200 134.516312 0.000000 1000.000000 0.303695 134.212616 0.000000 0.000000 0.000000 0.000000 7.559105
20000 201 156.331589 0.000000 1000.000000 0.542699 155.788895 0.000000 0.000000 0.000000 0.000000 10.330626
20100 202 163.513687 0.000000 1000.000000 1.023320 162.490372 0.000000 0.000000 0.000000 0.000000 10.776018
20200 203 181.827881 0.000000 1000.000000 0.976570 180.948807 -0.097493 0.000000 0.000000 0.000000 10.403123
20300 204 147.842209 0.000000 1000.000000 1.510163 146.332047 0.000000 0.000000 0.000000 0.000000 9.383734
20400 205 164.840317 0.000000 1000.000000 1.161459 163.780884 -0.102026 0.000000 0.000000 0.000000 10.455036
20500 206 164.891235 0.000000 1000.000000 2.431855 162.459381 0.000000 0.000000 0.000000 0.000000 9.009655
20600 207 149.086838 0.000000 1000.000000 0.594751 148.602554 -0.110481 0.000000 0.000000 0.000000 10.397113
20700 208 153.408096 0.000000 1000.000000 0.814320 152.593781 0.000000 0.000000 0.000000 0.000000 8.478990
20800 209 149.025314 0.000000 1000.000000 0.599010 148.426300 0.000000 0.000000 0.000000 0.000000 6.702657
20900 210 147.615723 0.000000 1000.000000 2.075271 145.540451 0.000000 0.000000 0.000000 0.000000 9.703174
21000 211 169.281342 0.000000 1000.000000 1.157147 168.124191 0.000000 0.000000 0.000000 0.000000 6.876353
21100 212 159.817398 0.000000 1000.000000 0.494778 159.322617 0.000000 0.000000 0.000000 0.000000 7.740783
21200 213 156.084183 0.000000 1000.000000 0.567257 155.516922 0.000000 0.000000 0.000000 0.000000 5.959925
21300 214 151.947113 0.000000 1000.000000 2.566263 149.633621 -0.252773 0.000000 0.000000 0.000000 7.390559
21400 215 148.811523 0.000000 1000.000000 1.265338 147.588318 -0.042132 0.000000 0.000000 0.000000 7.675654
21500 216 148.527100 0.000000 1000.000000 2.684989 145.962250 -0.120140 0.000000 0.000000 0.000000 6.894186
21600 217 152.668076 0.000000 1000.000000 0.859810 151.841415 -0.033152 0.000000 0.000000 0.000000 10.062137
21700 218 152.141006 0.000000 1000.000000 0.294484 152.217926 -0.371395 0.000000 0.000000 0.000000 7.748654
21800 219 145.757706 0.000000 1000.000000 1.112657 144.718979 -0.073933 0.000000 0.000000 0.000000 8.165519
21900 220 157.412811 0.000000 1000.000000 0.610712 157.112564 -0.310476 0.000000 0.000000 0.000000 8.067966
22000 221 154.552704 0.000000 1000.000000 0.769989 154.295700 -0.512985 0.000000 0.000000 0.000000 8.493294
22100 222 148.860336 0.000000 1000.000000 1.404121 147.619293 -0.163072 0.000000 0.000000 0.000000 8.128705
22200 223 165.727676 0.000000 1000.000000 1.775694 163.951981 0.000000 0.000000 0.000000 0.000000 8.123026
22300 224 147.292786 0.000000 1000.000000 0.341946 146.950836 0.000000 0.000000 0.000000 0.000000 6.959850
22400 225 154.002274 0.000000 1000.000000 1.751822 152.743256 -0.492793 0.000000 0.000000 0.000000 6.413973
22500 226 146.168579 0.000000 1000.000000 0.657759 145.585480 -0.074660 0.000000 0.000000 0.000000 8.621301
22600 227 153.406631 0.000000 1000.000000 0.816581 152.728699 -0.138636 0.000000 0.000000 0.000000 5.761705
22700 228 158.515976 0.000000 1000.000000 2.044941 156.870514 -0.399479 0.000000 0.000000 0.000000 6.058278
22800 229 156.372742 0.000000 1000.000000 0.949361 155.423386 0.000000 0.000000 0.000000 0.000000 6.238571
22900 230 141.722076 0.000000 1000.000000 2.456172 139.394775 -0.128871 0.000000 0.000000 0.000000 6.301311
23000 231 138.567307 0.000000 1000.000000 1.792157 136.858978 -0.083826 0.000000 0.000000 0.000000 6.771373
23100 232 150.268677 0.000000 1000.000000 0.754322 149.885239 -0.370875 0.000000 0.000000 0.000000 8.045845
23200 233 150.961761 0.000000 1000.000000 0.877322 150.434692 -0.350257 0.000000 0.000000 0.000000 6.383657
23300 234 164.259796 0.000000 1000.000000 0.985840 163.359985 -0.086027 0.000000 0.000000 0.000000 5.851542
23400 235 170.185898 0.000000 1000.000000 1.460123 168.725769 0.000000 0.000000 0.000000 0.000000 5.236800
23500 236 150.498459 0.000000 1000.000000 1.355869 149.786697 -0.644107 0.000000 0.000000 0.000000 7.048557
23600 237 172.190567 0.000000 1000.000000 1.098639 171.157547 -0.065610 0.000000 0.000000 0.000000 8.059933
23700 238 165.893005 0.000000 1000.000000 2.399415 163.524124 -0.030531 0.000000 0.000000 0.000000 4.855458
23800 239 148.827682 0.000000 1000.000000 0.582070 148.377014 -0.131415 0.000000 0.000000 0.000000 5.855611
23900 240 159.713043 0.000000 1000.000000 1.566305 158.146744 0.000000 0.000000 0.000000 0.000000 7.257078
24000 241 160.203903 0.000000 1000.000000 0.186318 160.017578 0.000000 0.000000 0.000000 0.000000 9.916138
24100 242 150.366699 0.000000 1000.000000 0.550279 149.816422 0.000000 0.000000 0.000000 0.000000 9.408194
24200 243 153.608749 0.000000 1000.000000 0.882438 152.726318 0.000000 0.000000 0.000000 0.000000 6.453569
24300 244 155.090012 0.000000 1000.000000 2.726838 152.363174 0.000000 0.000000 0.000000 0.000000 6.545614
24400 245 144.462372 0.000000 1000.000000 1.149954 143.312424 0.000000 0.000000 0.000000 0.000000 6.495666
24500 246 150.347076 0.000000 1000.000000 1.636378 148.710693 0.000000 0.000000 0.000000 0.000000 6.707369
24600 247 139.485443 0.000000 1000.000000 0.929189 138.556259 0.000000 0.000000 0.000000 0.000000 8.325145
24700 248 161.240860 0.000000 1000.000000 1.668531 159.602219 -0.029892 0.000000 0.000000 0.000000 6.888052
24800 249 151.486862 0.000000 1000.000000 1.561813 149.925049 0.000000 0.000000 0.000000 0.000000 6.522491
24900 250 152.813538 0.000000 1000.000000 0.925453 151.888092 0.000000 0.000000 0.000000 0.000000 8.629286
25000 251 138.015137 0.000000 1000.000000 0.872690 137.222107 -0.079671 0.000000 0.000000 0.000000 6.926635
25100 252 151.371109 0.000000 1000.000000 2.261806 149.377426 -0.268125 0.000000 0.000000 0.000000 5.873652
25200 253 170.012100 0.000000 1000.000000 0.323483 170.139526 -0.450918 0.000000 0.000000 0.000000 5.958958
25300 254 154.390274 0.000000 1000.000000 1.208452 153.428085 -0.246261 0.000000 0.000000 0.000000 5.958735
25400 255 166.067139 0.000000 1000.000000 0.282208 165.784927 0.000000 0.000000 0.000000 0.000000 6.024035
25500 256 158.354477 0.000000 1000.000000 0.779179 157.575302 0.000000 0.000000 0.000000 0.000000 6.711679
25600 257 147.828506 0.000000 1000.000000 1.530213 146.298294 0.000000 0.000000 0.000000 0.000000 6.309279
25700 258 144.881348 0.000000 1000.000000 0.934454 144.156403 -0.209504 0.000000 0.000000 0.000000 8.564801
25800 259 168.723984 0.000000 1000.000000 0.519320 168.337952 -0.133289 0.000000 0.000000 0.000000 7.492415
25900 260 149.721161 0.000000 1000.000000 0.981479 148.988007 -0.248318 0.000000 0.000000 0.000000 9.299749
26000 261 157.329102 0.000000 1000.000000 1.407968 156.216797 -0.295676 0.000000 0.000000 0.000000 5.925920
26100 262 164.885986 0.000000 1000.000000 0.908330 164.061768 -0.084104 0.000000 0.000000 0.000000 7.435234
26200 263 150.287445 0.000000 1000.000000 1.895609 148.631958 -0.240135 0.000000 0.000000 0.000000 9.516354
26300 264 147.627274 0.000000 1000.000000 0.661445 147.052689 -0.086848 0.000000 0.000000 0.000000 6.084985
26400 265 132.291794 0.000000 1000.000000 2.650768 129.641022 0.000000 0.000000 0.000000 0.000000 7.551819
26500 266 158.452530 0.000000 1000.000000 0.763111 157.689423 0.000000 0.000000 0.000000 0.000000 7.443452
26600 267 169.596024 0.000000 1000.000000 1.462134 168.275269 -0.141368 0.000000 0.000000 0.000000 8.013979
26700 268 156.120514 0.000000 1000.000000 3.456122 152.812897 -0.148505 0.000000 0.000000 0.000000 7.373801
26800 269 152.871353 0.000000 1000.000000 0.882544 151.988815 0.000000 0.000000 0.000000 0.000000 6.907542
26900 270 150.675781 0.000000 1000.000000 1.924511 148.864471 -0.113201 0.000000 0.000000 0.000000 8.562934
27000 271 150.006180 0.000000 1000.000000 0.843636 149.270111 -0.107580 0.000000 0.000000 0.000000 9.804096
27100 272 162.943848 0.000000 1000.000000 1.514517 161.429337 0.000000 0.000000 0.000000 0.000000 7.206077
27200 273 136.971298 0.000000 1000.000000 0.819080 136.152222 0.000000 0.000000 0.000000 0.000000 9.676071
27300 274 143.368851 0.000000 1000.000000 0.375519 142.993332 0.000000 0.000000 0.000000 0.000000 8.747415
27400 275 146.592743 0.000000 1000.000000 1.556952 145.035797 0.000000 0.000000 0.000000 0.000000 5.967093
27500 276 143.686478 0.000000 1000.000000 2.787255 141.101898 -0.202687 0.000000 0.000000 0.000000 6.072392
27600 277 166.020355 0.000000 1000.000000 3.953622 162.406601 -0.339880 0.000000 0.000000 0.000000 6.889771
27700 278 134.867935 0.000000 1000.000000 0.348824 134.603897 -0.084795 0.000000 0.000000 0.000000 6.328512
27800 279 137.363266 0.000000 1000.000000 0.637406 136.725861 0.000000 0.000000 0.000000 0.000000 6.085072
27900 280 154.080673 0.000000 1000.000000 1.109402 153.121323 -0.150047 0.000000 0.000000 0.000000 6.332766
28000 281 135.656952 0.000000 1000.000000 0.569438 135.087509 0.000000 0.000000 0.000000 0.000000 7.498567
28100 282 146.533264 0.000000 1000.000000 1.077351 145.814896 -0.358972 0.000000 0.000000 0.000000 7.084966
28200 283 142.585281 0.000000 1000.000000 1.004662 141.774139 -0.193528 0.000000 0.000000 0.000000 7.896989
28300 284 157.955994 0.000000 1000.000000 0.558399 157.774979 -0.377380 0.000000 0.000000 0.000000 5.307127
28400 285 152.772385 0.000000 1000.000000 0.442115 152.360657 -0.030385 0.000000 0.000000 0.000000 5.987428
28500 286 163.954651 0.000000 1000.000000 0.484686 163.491302 -0.021325 0.000000 0.000000 0.000000 4.370566
28600 287 150.652451 0.000000 1000.000000 1.018379 149.833878 -0.199817 0.000000 0.000000 0.000000 3.782312
28700 288 174.050095 0.000000 1000.000000 0.468629 173.581467 0.000000 0.000000 0.000000 0.000000 5.961554
28800 289 159.673569 0.000000 1000.000000 1.591946 158.273117 -0.191505 0.000000 0.000000 0.000000 4.918064
28900 290 141.482010 0.000000 1000.000000 0.265757 141.425873 -0.209622 0.000000 0.000000 0.000000 5.230581
29000 291 145.789871 0.000000 1000.000000 0.710426 145.446442 -0.366984 0.000000 0.000000 0.000000 4.923869
29100 292 139.468155 0.000000 1000.000000 0.188989 139.900040 -0.620880 0.000000 0.000000 0.000000 4.206083
29200 293 149.717270 0.000000 1000.000000 0.225641 149.875137 -0.383518 0.000000 0.000000 0.000000 5.070872
29300 294 149.136749 0.000000 1000.000000 1.076938 148.368301 -0.308486 0.000000 0.000000 0.000000 4.137191
29400 295 157.979233 0.000000 1000.000000 1.062639 156.916595 0.000000 0.000000 0.000000 0.000000 4.916148
29500 296 149.097214 0.000000 1000.000000 1.054831 148.042389 0.000000 0.000000 0.000000 0.000000 4.747144
29600 297 146.307327 0.000000 1000.000000 0.332426 146.118759 -0.143857 0.000000 0.000000 0.000000 7.879560
29700 298 153.844070 0.000000 1000.000000 1.027979 152.816086 0.000000 0.000000 0.000000 0.000000 6.604687
29800 299 165.935730 0.000000 1000.000000 1.015257 165.067093 -0.146624 0.000000 0.000000 0.000000 4.426395
29900 300 153.790146 0.000000 1000.000000 0.695811 153.094330 0.000000 0.000000 0.000000 0.000000 4.919127
30000 301 162.698700 0.000000 1000.000000 0.298450 162.400253 0.000000 0.000000 0.000000 0.000000 5.574784
30100 302 148.459732 0.000000 1000.000000 0.317522 149.034027 -0.891818 0.000000 0.000000 0.000000 6.001681
30200 303 144.286163 0.000000 1000.000000 0.318488 143.967682 0.000000 0.000000 0.000000 0.000000 6.768535
30300 304 149.430679 0.000000 1000.000000 0.335929 149.384094 -0.289336 0.000000 0.000000 0.000000 3.909148
30400 305 146.563705 0.000000 1000.000000 0.858747 145.926834 -0.221881 0.000000 0.000000 0.000000 5.343798
30500 306 159.916916 0.000000 1000.000000 1.840098 158.757416 -0.680609 0.000000 0.000000 0.000000 6.990753
30600 307 143.706604 0.000000 1000.000000 0.343914 143.362686 0.000000 0.000000 0.000000 0.000000 7.497674
30700 308 157.499863 0.000000 1000.000000 0.884148 157.196548 -0.580844 0.000000 0.000000 0.000000 4.269827
30800 309 162.680008 0.000000 1000.000000 0.794493 162.750198 -0.864681 0.000000 0.000000 0.000000 4.951853
30900 310 144.940308 0.000000 1000.000000 1.417844 143.522461 0.000000 0.000000 0.000000 0.000000 5.348177
31000 311 153.766663 0.000000 1000.000000 0.229412 154.019974 -0.482726 0.000000 0.000000 0.000000 5.746901
31100 312 159.049271 0.000000 1000.000000 1.556863 157.583435 -0.091032 0.000000 0.000000 0.000000 9.207106
31200 313 150.606781 0.000000 1000.000000 1.270537 149.781418 -0.445178 0.000000 0.000000 0.000000 5.596834
31300 314 152.627090 0.000000 1000.000000 0.614411 152.428375 -0.415693 0.000000 0.000000 0.000000 4.992707
31400 315 145.613571 0.000000 1000.000000 0.182294 146.143661 -0.712394 0.000000 0.000000 0.000000 6.458908
31500 316 134.445480 0.000000 1000.000000 0.714691 134.308914 -0.578122 0.000000 0.000000 0.000000 5.925698
31600 317 141.556519 0.000000 1000.000000 0.581056 141.573318 -0.597850 0.000000 0.000000 0.000000 5.763505
31700 318 131.714096 0.000000 1000.000000 0.237508 131.643341 -0.166744 0.000000 0.000000 0.000000 6.012215
31800 319 139.952637 0.000000 1000.000000 1.519250 138.672226 -0.238842 0.000000 0.000000 0.000000 8.324488
31900 320 151.047440 0.000000 1000.000000 0.978200 150.069244 0.000000 0.000000 0.000000 0.000000 5.793628
32000 321 147.035965 0.000000 1000.000000 0.226740 147.711914 -0.902698 0.000000 0.000000 0.000000 6.572207
32100 322 154.565140 0.000000 1000.000000 1.653388 153.784607 -0.872848 0.000000 0.000000 0.000000 8.124090
32200 323 146.096191 0.000000 1000.000000 0.831211 145.264984 0.000000 0.000000 0.000000 0.000000 8.661856
32300 324 157.939911 0.000000 1000.000000 0.401778 157.538132 0.000000 0.000000 0.000000 0.000000 7.671525
32400 325 147.502975 0.000000 1000.000000 0.221853 147.281128 0.000000 0.000000 0.000000 0.000000 8.623724
32500 326 148.833344 0.000000 1000.000000 0.847319 148.190262 -0.204242 0.000000 0.000000 0.000000 7.969713
32600 327 166.462265 0.000000 1000.000000 0.553262 166.475449 -0.566452 0.000000 0.000000 0.000000 6.330063
32700 328 145.422974 0.000000 1000.000000 1.111617 144.311356 0.000000 0.000000 0.000000 0.000000 8.878153
32800 329 147.946625 0.000000 1000.000000 1.155918 148.565430 -1.774713 0.000000 0.000000 0.000000 6.384213
32900 330 159.914810 0.000000 1000.000000 0.392215 160.004028 -0.481428 0.000000 0.000000 0.000000 6.727866
33000 331 143.083069 0.000000 1000.000000 0.157074 143.275909 -0.349919 0.000000 0.000000 0.000000 6.332487
33100 332 145.314804 0.000000 1000.000000 0.347944 144.966858 0.000000 0.000000 0.000000 0.000000 7.606101
33200 333 137.415405 0.000000 1000.000000 0.238735 137.487686 -0.311023 0.000000 0.000000 0.000000 6.249975
33300 334 168.450119 0.000000 1000.000000 0.773606 167.676514 0.000000 0.000000 0.000000 0.000000 6.044769
33400 335 181.182205 0.000000 1000.000000 2.273042 178.909164 0.000000 0.000000 0.000000 0.000000 6.522591
33500 336 142.275879 0.000000 1000.000000 1.345000 141.148880 -0.218005 0.000000 0.000000 0.000000 7.563133
33600 337 138.794937 0.000000 1000.000000 0.150977 138.643967 0.000000 0.000000 0.000000 0.000000 8.684597
33700 338 156.979156 0.000000 1000.000000 2.469590 154.509567 0.000000 0.000000 0.000000 0.000000 7.953155
33800 339 144.104141 0.000000 1000.000000 0.400700 143.703445 0.000000 0.000000 0.000000 0.000000 8.120481
33900 340 143.326660 0.000000 1000.000000 0.760318 142.566345 0.000000 0.000000 0.000000 0.000000 11.868702
34000 341 139.096512 0.000000 1000.000000 0.528556 138.567963 0.000000 0.000000 0.000000 0.000000 7.960092
34100 342 144.229614 0.000000 1000.000000 0.984259 143.245361 0.000000 0.000000 0.000000 0.000000 6.846000
34200 343 146.719345 0.000000 1000.000000 0.665652 146.053696 0.000000 0.000000 0.000000 0.000000 8.025173
34300 344 155.620102 0.000000 1000.000000 0.963393 154.930817 -0.274106 0.000000 0.000000 0.000000 7.020334
34400 345 141.973419 0.000000 1000.000000 0.464060 141.509354 0.000000 0.000000 0.000000 0.000000 9.222150
34500 346 164.474045 0.000000 1000.000000 0.521780 163.952271 0.000000 0.000000 0.000000 0.000000 7.727076
34600 347 159.275009 0.000000 1000.000000 0.662884 158.612122 0.000000 0.000000 0.000000 0.000000 7.253322
34700 348 151.209488 0.000000 1000.000000 0.558739 150.824844 -0.174110 0.000000 0.000000 0.000000 6.500957
34800 349 154.656555 0.000000 1000.000000 0.358066 154.551254 -0.252766 0.000000 0.000000 0.000000 10.209282
34900 350 154.270874 0.000000 1000.000000 0.385594 154.436356 -0.551078 0.000000 0.000000 0.000000 6.805506
35000 351 176.656235 0.000000 1000.000000 1.043173 175.613068 0.000000 0.000000 0.000000 0.000000 6.074816
35100 352 154.553940 0.000000 1000.000000 0.566082 153.987854 0.000000 0.000000 0.000000 0.000000 5.052514
35200 353 148.761536 0.000000 1000.000000 0.558787 148.202744 0.000000 0.000000 0.000000 0.000000 7.453345
35300 354 144.537338 0.000000 1000.000000 0.264197 144.342590 -0.069440 0.000000 0.000000 0.000000 8.593289
35400 355 150.618362 0.000000 1000.000000 0.603697 150.014664 0.000000 0.000000 0.000000 0.000000 9.037167
35500 356 136.274261 0.000000 1000.000000 1.847927 134.426331 0.000000 0.000000 0.000000 0.000000 7.397289
35600 357 154.798508 0.000000 1000.000000 3.573542 151.364288 -0.139321 0.000000 0.000000 0.000000 5.340003
35700 358 160.691666 0.000000 1000.000000 0.226160 160.907349 -0.441842 0.000000 0.000000 0.000000 8.381102
35800 359 166.426834 0.000000 1000.000000 0.393065 166.033768 0.000000 0.000000 0.000000 0.000000 5.755807
35900 360 165.269058 0.000000 1000.000000 0.445214 164.951523 -0.127681 0.000000 0.000000 0.000000 5.557039
36000 361 173.413452 0.000000 1000.000000 0.880669 172.702820 -0.170049 0.000000 0.000000 0.000000 5.433259
36100 362 168.499039 0.000000 1000.000000 0.578748 168.219879 -0.299599 0.000000 0.000000 0.000000 5.692663
36200 363 163.075287 0.000000 1000.000000 0.388900 163.289032 -0.602647 0.000000 0.000000 0.000000 6.084036
36300 364 151.469101 0.000000 1000.000000 0.316099 151.153000 0.000000 0.000000 0.000000 0.000000 6.797236
36400 365 152.147339 0.000000 1000.000000 0.466827 151.680511 0.000000 0.000000 0.000000 0.000000 6.566521
36500 366 136.130112 0.000000 1000.000000 0.474137 135.792389 -0.136407 0.000000 0.000000 0.000000 6.272443
36600 367 154.433548 0.000000 1000.000000 0.361183 154.197235 -0.124858 0.000000 0.000000 0.000000 5.658029
36700 368 135.396179 0.000000 1000.000000 0.573154 134.900574 -0.077551 0.000000 0.000000 0.000000 6.042648
36800 369 146.019257 0.000000 1000.000000 0.399144 145.707138 -0.087014 0.000000 0.000000 0.000000 7.725269
36900 370 134.707489 0.000000 1000.000000 0.455627 134.328918 -0.077059 0.000000 0.000000 0.000000 6.421588
37000 371 149.592804 0.000000 1000.000000 0.275230 149.317581 0.000000 0.000000 0.000000 0.000000 6.868618
37100 372 164.677994 0.000000 1000.000000 1.254835 163.423157 0.000000 0.000000 0.000000 0.000000 7.644719
37200 373 148.308304 0.000000 1000.000000 0.276102 148.032196 0.000000 0.000000 0.000000 0.000000 7.990805
37300 374 142.646790 0.000000 1000.000000 0.517201 142.698013 -0.568427 0.000000 0.000000 0.000000 6.479337
37400 375 146.095367 0.000000 1000.000000 1.135891 145.409851 -0.450372 0.000000 0.000000 0.000000 8.928505
37500 376 137.917435 0.000000 1000.000000 1.128371 136.789062 0.000000 0.000000 0.000000 0.000000 5.965459
37600 377 144.796204 0.000000 1000.000000 0.816063 143.980133 0.000000 0.000000 0.000000 0.000000 5.849350
37700 378 138.924179 0.000000 1000.000000 1.137105 138.669128 -0.882052 0.000000 0.000000 0.000000 5.908695
37800 379 148.616013 0.000000 1000.000000 0.787074 148.463928 -0.635002 0.000000 0.000000 0.000000 4.867023
37900 380 158.859467 0.000000 1000.000000 0.478252 158.381210 0.000000 0.000000 0.000000 0.000000 9.112067
38000 381 139.398758 0.000000 1000.000000 0.568438 138.830322 0.000000 0.000000 0.000000 0.000000 7.028977
38100 382 136.503708 0.000000 1000.000000 0.640625 135.863083 0.000000 0.000000 0.000000 0.000000 5.665061
38200 383 152.578201 0.000000 1000.000000 1.088546 151.831696 -0.342035 0.000000 0.000000 0.000000 6.310561
38300 384 139.219086 0.000000 1000.000000 0.540869 138.678223 0.000000 0.000000 0.000000 0.000000 6.837914
38400 385 158.858444 0.000000 1000.000000 0.657569 158.425491 -0.224612 0.000000 0.000000 0.000000 7.128366
38500 386 134.333496 0.000000 1000.000000 0.434236 133.899261 0.000000 0.000000 0.000000 0.000000 8.388180
38600 387 143.899704 0.000000 1000.000000 1.750691 142.149017 0.000000 0.000000 0.000000 0.000000 7.888835
38700 388 138.649673 0.000000 1000.000000 0.755167 137.894501 0.000000 0.000000 0.000000 0.000000 7.184616
38800 389 155.281326 0.000000 1000.000000 0.177735 155.907990 -0.804393 0.000000 0.000000 0.000000 7.150997
38900 390 142.039642 0.000000 1000.000000 0.092277 142.392792 -0.445415 0.000000 0.000000 0.000000 5.433072
39000 391 155.965866 0.000000 1000.000000 0.454277 155.511597 0.000000 0.000000 0.000000 0.000000 6.446293
39100 392 156.593826 0.000000 1000.000000 0.432749 156.325241 -0.164175 0.000000 0.000000 0.000000 6.777862
39200 393 139.173889 0.000000 1000.000000 1.520126 143.529739 -0.676187 -5.199784 0.000000 0.000000 8.353172
39300 394 150.766296 0.000000 1000.000000 1.150192 150.026581 -0.410476 0.000000 0.000000 0.000000 7.649049
39400 395 144.083099 0.000000 1000.000000 0.190029 144.189438 -0.296365 0.000000 0.000000 0.000000 8.067103
39500 396 140.658081 0.000000 1000.000000 0.227060 140.431015 0.000000 0.000000 0.000000 0.000000 7.656579
39600 397 143.033371 0.000000 1000.000000 0.206662 143.449066 -0.622363 0.000000 0.000000 0.000000 7.795683
39700 398 161.652298 0.000000 1000.000000 0.151196 161.501099 0.000000 0.000000 0.000000 0.000000 7.365527
39800 399 168.983673 0.000000 1000.000000 0.584792 171.113586 -0.561879 -2.152831 0.000000 0.000000 8.960892
39900 400 141.033539 0.000000 1000.000000 0.569363 140.464172 0.000000 0.000000 0.000000 0.000000 6.769860
40000 401 153.686798 0.000000 1000.000000 0.883422 152.803375 0.000000 0.000000 0.000000 0.000000 7.000077
40100 402 136.473267 0.000000 1000.000000 0.714378 136.068192 -0.309298 0.000000 0.000000 0.000000 6.685271
40200 403 145.100800 0.000000 1000.000000 0.400380 145.670715 -0.970294 0.000000 0.000000 0.000000 5.867770
40300 404 152.746719 0.000000 1000.000000 0.544788 152.665314 -0.463381 0.000000 0.000000 0.000000 5.558995
40400 405 140.254303 0.000000 1000.000000 0.415601 140.196701 -0.357995 0.000000 0.000000 0.000000 5.239945
40500 406 150.137238 0.000000 1000.000000 0.358715 149.778519 0.000000 0.000000 0.000000 0.000000 8.570000
40600 407 162.215057 0.000000 1000.000000 0.895639 163.361679 -2.042270 0.000000 0.000000 0.000000 5.827159
40700 408 144.321335 0.000000 1000.000000 0.302426 144.529861 -0.510956 0.000000 0.000000 0.000000 6.456821
40800 409 142.726151 0.000000 1000.000000 0.754868 141.971283 0.000000 0.000000 0.000000 0.000000 9.498660
40900 410 159.722061 0.000000 1000.000000 0.653357 163.611176 -0.746558 -3.795911 0.000000 0.000000 8.004089
41000 411 150.112762 0.000000 1000.000000 0.968836 152.408524 -3.264595 0.000000 0.000000 0.000000 6.976490
41100 412 135.970795 0.000000 1000.000000 0.225635 143.978607 -3.212547 -5.020901 0.000000 0.000000 4.269833
41200 413 152.641541 0.000000 1000.000000 0.613593 153.949234 -1.921281 0.000000 0.000000 0.000000 5.686919
41300 414 133.973022 0.000000 1000.000000 2.051755 132.655151 -0.733880 0.000000 0.000000 0.000000 5.458313
41400 415 142.193741 0.000000 1000.000000 0.583193 143.445419 -1.834871 0.000000 0.000000 0.000000 4.817708
41500 416 148.552734 0.000000 1000.000000 0.879245 150.006165 -2.332676 0.000000 0.000000 0.000000 5.459974
41600 417 153.845505 0.000000 1000.000000 1.044681 153.306320 -0.505498 0.000000 0.000000 0.000000 5.843120
41700 418 148.000122 0.000000 1000.000000 0.688637 147.311478 0.000000 0.000000 0.000000 0.000000 9.160252
41800 419 124.942062 0.000000 1000.000000 0.546598 128.820786 -2.085471 -2.339848 0.000000 0.000000 6.674006
41900 420 135.128174 0.000000 1000.000000 0.342662 135.079941 -0.294434 0.000000 0.000000 0.000000 5.727208
42000 421 156.635361 0.000000 1000.000000 0.628346 156.870743 -0.863722 0.000000 0.000000 0.000000 7.228949
42100 422 133.065231 0.000000 1000.000000 0.410911 132.820755 -0.166427 0.000000 0.000000 0.000000 5.715448
42200 423 132.569321 0.000000 1000.000000 1.261766 132.078949 -0.771387 0.000000 0.000000 0.000000 6.371556
42300 424 141.809555 0.000000 1000.000000 0.439031 141.558594 -0.188058 0.000000 0.000000 0.000000 6.392681
42400 425 146.859024 0.000000 1000.000000 0.357409 146.931549 -0.429925 0.000000 0.000000 0.000000 6.531632
42500 426 149.793610 0.000000 1000.000000 0.397708 150.906540 -1.510635 0.000000 0.000000 0.000000 5.732782
42600 427 137.518646 0.000000 1000.000000 0.298177 139.112411 -1.891930 0.000000 0.000000 0.000000 6.960530
42700 428 136.196716 0.000000 1000.000000 0.287574 137.361618 -1.452470 0.000000 0.000000 0.000000 8.417171
42800 429 155.611374 0.000000 1000.000000 0.383842 155.464798 -0.237255 0.000000 0.000000 0.000000 6.168207
42900 430 118.707146 0.000000 1000.000000 1.905120 117.244553 -0.442528 0.000000 0.000000 0.000000 7.516490
43000 431 132.769852 0.000000 1000.000000 0.673527 132.096329 0.000000 0.000000 0.000000 0.000000 8.809345
43100 432 153.400040 0.000000 1000.000000 0.477206 152.968002 -0.045172 0.000000 0.000000 0.000000 6.482868
43200 433 142.184464 0.000000 1000.000000 0.749215 141.435242 0.000000 0.000000 0.000000 0.000000 7.248911
43300 434 145.460602 0.000000 1000.000000 0.772796 145.231491 -0.543683 0.000000 0.000000 0.000000 5.121527
43400 435 197.628250 0.000000 1000.000000 1.040946 143.006180 -1.164581 54.745716 0.000000 0.000000 8.579940
43500 436 156.570709 0.000000 1000.000000 0.772599 155.798111 0.000000 0.000000 0.000000 0.000000 5.552280
43600 437 135.577103 0.000000 1000.000000 0.410469 136.522079 -1.355451 0.000000 0.000000 0.000000 4.978315
43700 438 144.497086 0.000000 1000.000000 0.471112 144.025970 0.000000 0.000000 0.000000 0.000000 5.260379
43800 439 162.113708 0.000000 1000.000000 0.172426 162.638199 -0.696908 0.000000 0.000000 0.000000 8.553514
43900 440 133.460266 0.000000 1000.000000 0.149976 136.880920 -1.239298 -2.331330 0.000000 0.000000 9.546858
44000 441 154.126297 0.000000 1000.000000 0.371093 158.241409 -0.888654 -3.597544 0.000000 0.000000 10.932859
44100 442 135.645462 0.000000 1000.000000 0.219322 136.102722 -0.676596 0.000000 0.000000 0.000000 10.289973
44200 443 150.952164 0.000000 1000.000000 0.607318 139.037415 -0.821585 12.129020 0.000000 0.000000 8.003628
44300 444 136.294144 0.000000 1000.000000 0.236176 136.057968 0.000000 0.000000 0.000000 0.000000 8.862667
44400 445 142.337143 0.000000 1000.000000 1.308221 141.028915 0.000000 0.000000 0.000000 0.000000 7.297296
44500 446 143.063141 0.000000 1000.000000 0.742266 142.450012 -0.129137 0.000000 0.000000 0.000000 5.844711
44600 447 135.242889 0.000000 1000.000000 0.175715 135.511276 -0.444109 0.000000 0.000000 0.000000 4.680930
44700 448 142.686508 0.000000 1000.000000 0.251257 143.015579 -0.580326 0.000000 0.000000 0.000000 6.468938
44800 449 147.932312 0.000000 1000.000000 1.074182 146.858124 0.000000 0.000000 0.000000 0.000000 7.086010
44900 450 131.298111 0.000000 1000.000000 0.267394 131.681168 -0.650450 0.000000 0.000000 0.000000 5.578036
45000 451 122.050705 0.000000 1000.000000 0.337217 122.327095 -0.613608 0.000000 0.000000 0.000000 6.379170
45100 452 135.573456 0.000000 1000.000000 0.500156 136.145248 -1.071940 0.000000 0.000000 0.000000 7.992247
45200 453 130.063461 0.000000 1000.000000 0.218794 130.238632 -0.393962 0.000000 0.000000 0.000000 6.911178
45300 454 127.854958 0.000000 1000.000000 0.652947 127.586319 -0.384317 0.000000 0.000000 0.000000 3.923633
45400 455 142.086731 0.000000 1000.000000 0.338892 141.747833 0.000000 0.000000 0.000000 0.000000 6.497013
45500 456 138.059738 0.000000 1000.000000 0.227412 138.313049 -0.480726 0.000000 0.000000 0.000000 6.773555
45600 457 154.786285 0.000000 1000.000000 1.325263 153.731186 -0.270160 0.000000 0.000000 0.000000 5.301008
45700 458 121.259010 0.000000 1000.000000 1.733525 119.768219 -0.242737 0.000000 0.000000 0.000000 6.207847
45800 459 123.542107 0.000000 1000.000000 0.705293 123.194756 -0.357937 0.000000 0.000000 0.000000 7.352426
45900 460 134.672073 0.000000 1000.000000 1.041972 133.630096 0.000000 0.000000 0.000000 0.000000 5.892227
46000 461 123.449478 0.000000 1000.000000 0.687183 124.122887 -1.360592 0.000000 0.000000 0.000000 6.039939
46100 462 146.125702 0.000000 1000.000000 1.411884 145.130508 -0.416680 0.000000 0.000000 0.000000 7.318134
46200 463 131.469971 0.000000 1000.000000 0.747512 131.075058 -0.352597 0.000000 0.000000 0.000000 6.206562
46300 464 138.248627 0.000000 1000.000000 1.012078 137.530579 -0.294036 0.000000 0.000000 0.000000 7.813760
46400 465 129.355118 0.000000 1000.000000 0.904822 128.684052 -0.233748 0.000000 0.000000 0.000000 6.313146
46500 466 145.174347 0.000000 1000.000000 0.809728 144.926361 -0.561743 0.000000 0.000000 0.000000 6.907903
46600 467 142.933090 0.000000 1000.000000 0.369374 142.563721 0.000000 0.000000 0.000000 0.000000 7.835524
46700 468 131.442871 0.000000 1000.000000 0.822286 130.620590 0.000000 0.000000 0.000000 0.000000 6.465586
46800 469 128.769852 0.000000 1000.000000 0.284550 128.986465 -0.501162 0.000000 0.000000 0.000000 9.033258
46900 470 129.764908 0.000000 1000.000000 0.822415 129.214203 -0.271709 0.000000 0.000000 0.000000 8.183521
47000 471 141.521423 0.000000 1000.000000 0.342300 141.179123 0.000000 0.000000 0.000000 0.000000 7.597558
47100 472 138.729858 0.000000 1000.000000 2.048987 136.680878 0.000000 0.000000 0.000000 0.000000 7.689032
47200 473 149.536484 0.000000 1000.000000 0.227804 149.864868 -0.556188 0.000000 0.000000 0.000000 7.311896
47300 474 153.468765 0.000000 1000.000000 0.180381 153.522720 -0.234331 0.000000 0.000000 0.000000 6.126846
47400 475 155.505020 0.000000 1000.000000 2.861655 152.643372 0.000000 0.000000 0.000000 0.000000 4.602401
47500 476 137.692841 0.000000 1000.000000 0.288388 140.705154 -1.317998 -1.982719 0.000000 0.000000 4.640422
47600 477 122.820068 0.000000 1000.000000 0.472876 123.140617 -0.793428 0.000000 0.000000 0.000000 5.887007
47700 478 124.364021 0.000000 1000.000000 0.514375 123.849648 0.000000 0.000000 0.000000 0.000000 7.918884
47800 479 141.734787 0.000000 1000.000000 0.802330 140.997452 -0.064999 0.000000 0.000000 0.000000 4.758677
47900 480 133.010574 0.000000 1000.000000 1.115008 132.931534 -1.035972 0.000000 0.000000 0.000000 4.838525
48000 481 134.558624 0.000000 1000.000000 0.317248 134.241379 0.000000 0.000000 0.000000 0.000000 3.825113
48100 482 154.516724 0.000000 1000.000000 0.430344 154.623230 -0.536846 0.000000 0.000000 0.000000 4.050432
48200 483 143.303986 0.000000 1000.000000 0.274152 144.146408 -1.116583 0.000000 0.000000 0.000000 4.853229
48300 484 154.946991 0.000000 1000.000000 0.538286 155.018387 -0.609682 0.000000 0.000000 0.000000 4.073819
48400 485 142.290024 0.000000 1000.000000 1.576986 140.713043 0.000000 0.000000 0.000000 0.000000 5.796146
48500 486 135.329895 0.000000 1000.000000 0.214054 135.115845 0.000000 0.000000 0.000000 0.000000 6.620889
48600 487 148.878540 0.000000 1000.000000 0.256627 149.088425 -0.466513 0.000000 0.000000 0.000000 8.775962
48700 488 136.642426 0.000000 1000.000000 0.472338 136.345230 -0.175133 0.000000 0.000000 0.000000 6.638588
48800 489 160.425522 0.000000 1000.000000 0.572797 159.852722 0.000000 0.000000 0.000000 0.000000 7.500713
48900 490 152.976288 0.000000 1000.000000 0.848814 152.668091 -0.540617 0.000000 0.000000 0.000000 8.417438
49000 491 150.518890 0.000000 1000.000000 0.295549 150.223343 0.000000 0.000000 0.000000 0.000000 8.101723
49100 492 137.127045 0.000000 1000.000000 0.988690 136.666870 -0.528525 0.000000 0.000000 0.000000 6.266192
49200 493 126.137825 0.000000 1000.000000 0.612239 129.711731 -0.818316 -3.367838 0.000000 0.000000 6.470467
49300 494 124.559723 0.000000 1000.000000 0.422027 124.483658 -0.345965 0.000000 0.000000 0.000000 8.145342
49400 495 228.565140 0.000000 1000.000000 1.751145 148.131348 -1.155143 79.837784 0.000000 0.000000 8.714316
49500 496 138.072510 0.000000 1000.000000 0.361414 138.058609 -0.347519 0.000000 0.000000 0.000000 6.272565
49600 497 124.931519 0.000000 1000.000000 2.145245 123.213066 -0.426791 0.000000 0.000000 0.000000 7.402898
49700 498 124.631401 0.000000 1000.000000 0.261363 124.736618 -0.366579 0.000000 0.000000 0.000000 5.738404
49800 499 123.095673 0.000000 1000.000000 0.330522 122.765152 0.000000 0.000000 0.000000 0.000000 8.189157
49900 500 149.826889 0.000000 1000.000000 1.423545 150.095642 -1.692287 0.000000 0.000000 0.000000 7.229623
50000 501 138.881531 0.000000 1000.000000 0.377208 139.935654 -1.431328 0.000000 0.000000 0.000000 9.447349
