1 1 223.827988 0.000000 1000.000000 0.364279 225.217453 -1.753743 0.000000 0.000000 0.000000 1.650462
100 2 191.797897 0.000000 1000.000000 0.554005 191.516586 -0.272696 0.000000 0.000000 0.000000 12.669505
200 3 185.403900 0.000000 1000.000000 1.709164 184.018158 -0.323420 0.000000 0.000000 0.000000 9.249936
300 4 195.375656 0.000000 1000.000000 0.426095 195.140289 -0.190731 0.000000 0.000000 0.000000 10.233977
400 5 196.891159 0.000000 1000.000000 0.829068 196.062088 0.000000 0.000000 0.000000 0.000000 11.537195
500 6 196.887451 0.000000 1000.000000 0.620170 196.267288 0.000000 0.000000 0.000000 0.000000 8.678840
600 7 187.076736 0.000000 1000.000000 1.448250 185.628479 0.000000 0.000000 0.000000 0.000000 8.141951
700 8 181.966461 0.000000 1000.000000 0.398553 182.919327 -1.351420 0.000000 0.000000 0.000000 5.821620
800 9 199.807999 0.000000 1000.000000 0.674170 201.433640 -0.892143 -1.407662 0.000000 0.000000 5.140761
900 10 184.386520 0.000000 1000.000000 0.259232 185.484406 -1.357110 0.000000 0.000000 0.000000 3.371322
1000 11 179.135712 0.000000 1000.000000 0.683421 179.061920 -0.609630 0.000000 0.000000 0.000000 3.961697
1100 12 163.687485 0.000000 1000.000000 1.978001 167.066040 -1.755951 -3.600595 0.000000 0.000000 3.685813
1200 13 185.790405 0.000000 1000.000000 0.367952 185.906281 -0.483833 0.000000 0.000000 0.000000 4.177703
1300 14 174.844269 0.000000 1000.000000 0.476708 174.838852 -0.471302 0.000000 0.000000 0.000000 3.708112
1400 15 166.365494 0.000000 1000.000000 2.058246 164.307251 0.000000 0.000000 0.000000 0.000000 5.536264
1500 16 168.393723 0.000000 1000.000000 0.843842 171.032578 -1.339705 -2.142997 0.000000 0.000000 4.364700
1600 17 190.638443 0.000000 1000.000000 1.636239 189.978683 -0.976484 0.000000 0.000000 0.000000 5.152362
1700 18 169.282440 0.000000 1000.000000 0.260816 170.178680 -1.157051 0.000000 0.000000 0.000000 4.402848
1800 19 190.397293 0.000000 1000.000000 4.428349 186.652603 -0.683648 0.000000 0.000000 0.000000 3.566193
1900 20 200.242462 0.000000 1000.000000 0.340043 204.187943 -1.751026 -2.534495 0.000000 0.000000 4.810509
2000 21 192.108322 0.000000 1000.000000 1.131793 191.453079 -0.476540 0.000000 0.000000 0.000000 4.788301
2100 22 192.014694 0.000000 1000.000000 0.600235 191.414459 0.000000 0.000000 0.000000 0.000000 4.357265
2200 23 173.426743 0.000000 1000.000000 1.579645 172.131592 -0.284497 0.000000 0.000000 0.000000 6.812688
2300 24 185.837723 0.000000 1000.000000 1.656250 184.204071 -0.022596 0.000000 0.000000 0.000000 8.061930
2400 25 185.859039 0.000000 1000.000000 1.062351 184.915115 -0.118424 0.000000 0.000000 0.000000 6.050174
2500 26 176.636810 0.000000 1000.000000 1.145417 175.491394 0.000000 0.000000 0.000000 0.000000 9.475937
2600 27 166.268372 0.000000 1000.000000 2.430130 163.867050 -0.028803 0.000000 0.000000 0.000000 9.558043
2700 28 165.689651 0.000000 1000.000000 0.183496 165.528030 -0.021882 0.000000 0.000000 0.000000 7.541952
2800 29 185.386902 0.000000 1000.000000 0.604974 185.446091 -0.664168 0.000000 0.000000 0.000000 6.924486
2900 30 180.834015 0.000000 1000.000000 0.370957 179.995636 -0.997191 1.464616 0.000000 0.000000 7.131727
3000 31 175.932571 0.000000 1000.000000 1.050357 174.977875 -0.095653 0.000000 0.000000 0.000000 9.297110
3100 32 183.335236 0.000000 1000.000000 1.555684 182.471771 -0.692208 0.000000 0.000000 0.000000 7.672698
3200 33 188.302185 0.000000 1000.000000 2.652336 186.745895 -1.096036 0.000000 0.000000 0.000000 7.002112
3300 34 171.964676 0.000000 1000.000000 0.368246 171.596436 0.000000 0.000000 0.000000 0.000000 5.641343
3400 35 178.398453 0.000000 1000.000000 1.360995 177.860016 -0.822549 0.000000 0.000000 0.000000 5.955416
3500 36 185.796402 0.000000 1000.000000 0.636944 189.354553 -1.769161 -2.425932 0.000000 0.000000 5.314314
3600 37 174.802963 0.000000 1000.000000 1.257739 174.575546 -1.030318 0.000000 0.000000 0.000000 5.525598
3700 38 170.071579 0.000000 1000.000000 0.147178 178.528641 -2.852279 -5.751959 0.000000 0.000000 6.095211
3800 39 181.266327 0.000000 1000.000000 1.072732 169.718750 -1.343466 11.818303 0.000000 0.000000 6.994119
3900 40 169.256271 0.000000 1000.000000 0.931547 168.814453 -0.489736 0.000000 0.000000 0.000000 6.871891
4000 41 194.227432 0.000000 1000.000000 0.585799 193.992264 -0.350632 0.000000 0.000000 0.000000 7.138103
4100 42 184.465927 0.000000 1000.000000 0.584933 183.915421 -0.034425 0.000000 0.000000 0.000000 7.955153
4200 43 165.822159 0.000000 1000.000000 1.422539 164.829758 -0.430144 0.000000 0.000000 0.000000 7.446100
4300 44 161.405258 0.000000 1000.000000 0.475995 159.267334 -1.098020 2.759945 0.000000 0.000000 4.910260
4400 45 182.257935 0.000000 1000.000000 1.781836 181.280319 -1.161512 0.357292 0.000000 0.000000 4.220587
4500 46 183.193649 0.000000 1000.000000 1.340985 181.852661 0.000000 0.000000 0.000000 0.000000 5.355830
4600 47 179.606613 0.000000 1000.000000 1.342081 178.465683 -0.201159 0.000000 0.000000 0.000000 4.412631
4700 48 166.077591 0.000000 1000.000000 1.624470 165.715775 -1.262643 0.000000 0.000000 0.000000 5.169701
4800 49 156.591599 0.000000 1000.000000 1.140863 156.802307 -1.351578 0.000000 0.000000 0.000000 6.498536
4900 50 179.121155 0.000000 1000.000000 0.941008 179.386902 -1.206764 0.000000 0.000000 0.000000 5.981174
5000 51 189.731506 0.000000 1000.000000 0.961590 189.289886 -0.519976 0.000000 0.000000 0.000000 4.606653
5100 52 161.294464 0.000000 1000.000000 0.558493 160.735977 0.000000 0.000000 0.000000 0.000000 5.557750
5200 53 165.329361 0.000000 1000.000000 0.417431 165.838928 -0.927001 0.000000 0.000000 0.000000 5.955434
5300 54 191.082657 0.000000 1000.000000 3.956347 187.126312 0.000000 0.000000 0.000000 0.000000 6.171924
5400 55 176.653152 0.000000 1000.000000 1.941064 174.875473 -0.163393 0.000000 0.000000 0.000000 6.835298
5500 56 194.130188 0.000000 1000.000000 1.805839 189.384705 -1.996062 4.935712 0.000000 0.000000 5.085000
5600 57 170.929092 0.000000 1000.000000 1.538091 170.426712 -1.035702 0.000000 0.000000 0.000000 7.425003
5700 58 169.682800 0.000000 1000.000000 1.620708 169.512054 -1.449961 0.000000 0.000000 0.000000 5.430390
5800 59 180.647308 0.000000 1000.000000 1.142378 179.504929 0.000000 0.000000 0.000000 0.000000 6.628122
5900 60 179.667145 0.000000 1000.000000 0.801951 180.129837 -1.264647 0.000000 0.000000 0.000000 7.423506
6000 61 167.241272 0.000000 1000.000000 0.345011 167.343491 -0.447237 0.000000 0.000000 0.000000 7.826117
6100 62 174.145416 0.000000 1000.000000 0.854183 180.075058 -2.251500 -4.532332 0.000000 0.000000 5.237226
6200 63 156.963013 0.000000 1000.000000 1.059544 158.127869 -2.224403 0.000000 0.000000 0.000000 5.736877
6300 64 178.976669 0.000000 1000.000000 1.537414 179.727554 -2.288297 0.000000 0.000000 0.000000 3.796647
6400 65 173.082642 0.000000 1000.000000 0.850529 174.734741 -2.502617 0.000000 0.000000 0.000000 3.795601
6500 66 191.587875 0.000000 1000.000000 1.252306 191.462326 -1.126750 0.000000 0.000000 0.000000 6.053498
6600 67 178.181122 0.000000 1000.000000 0.783119 177.588867 -0.190849 0.000000 0.000000 0.000000 3.819138
6700 68 186.949249 0.000000 1000.000000 1.555643 186.223404 -0.829809 0.000000 0.000000 0.000000 6.308392
6800 69 182.015793 0.000000 1000.000000 0.122766 182.887939 -0.994920 0.000000 0.000000 0.000000 5.614048
6900 70 180.378387 0.000000 1000.000000 0.741416 180.798843 -1.161867 0.000000 0.000000 0.000000 5.339839
7000 71 168.422653 0.000000 1000.000000 1.413167 171.448608 -1.527381 -2.911746 0.000000 0.000000 4.505150
7100 72 189.361710 0.000000 1000.000000 1.697410 188.343857 -0.679547 0.000000 0.000000 0.000000 6.992641
7200 73 172.804321 0.000000 1000.000000 1.165618 172.998856 -1.360152 0.000000 0.000000 0.000000 5.998442
7300 74 181.014297 0.000000 1000.000000 3.293293 177.980057 -0.259051 0.000000 0.000000 0.000000 7.287894
7400 75 192.605438 0.000000 1000.000000 2.326349 190.780472 -0.501392 0.000000 0.000000 0.000000 5.158247
7500 76 176.744766 0.000000 1000.000000 1.168710 175.639130 -0.063082 0.000000 0.000000 0.000000 8.166248
7600 77 245.132324 0.000000 1000.000000 2.400123 173.627960 -2.492919 71.597168 0.000000 0.000000 3.793213
7700 78 183.699249 0.000000 1000.000000 0.581659 186.412415 -1.638091 -1.656731 0.000000 0.000000 4.718399
7800 79 188.075333 0.000000 1000.000000 1.183917 186.911789 -0.020368 0.000000 0.000000 0.000000 2.784216
7900 80 186.922821 0.000000 1000.000000 0.558800 187.679321 -0.805089 -0.510213 0.000000 0.000000 5.366428
8000 81 185.743469 0.000000 1000.000000 3.224727 182.839554 -0.320821 0.000000 0.000000 0.000000 4.593252
8100 82 186.444733 0.000000 1000.000000 0.797592 186.412979 -0.765844 0.000000 0.000000 0.000000 7.718836
8200 83 192.554932 0.000000 1000.000000 2.211258 181.072159 -0.662821 9.934340 0.000000 0.000000 6.704115
8300 84 184.707092 0.000000 1000.000000 0.731627 185.212326 -1.236856 0.000000 0.000000 0.000000 5.781168
8400 85 208.280090 0.000000 1000.000000 4.109259 204.192856 -0.022025 0.000000 0.000000 0.000000 5.040654
8500 86 175.012085 0.000000 1000.000000 0.906909 176.146286 -2.209872 0.168769 0.000000 0.000000 5.729895
8600 87 212.933853 0.000000 1000.000000 1.215232 195.444397 -2.513036 18.787262 0.000000 0.000000 5.251020
8700 88 179.967499 0.000000 1000.000000 1.237330 179.784363 -1.054206 0.000000 0.000000 0.000000 6.735538
8800 89 179.499817 0.000000 1000.000000 0.717479 178.802155 -0.019823 0.000000 0.000000 0.000000 6.921269
8900 90 175.717316 0.000000 1000.000000 0.403720 175.476074 -0.162481 0.000000 0.000000 0.000000 7.705064
9000 91 175.246933 0.000000 1000.000000 1.232089 174.014847 0.000000 0.000000 0.000000 0.000000 6.850745
9100 92 172.286270 0.000000 1000.000000 1.030426 171.255844 0.000000 0.000000 0.000000 0.000000 5.976539
9200 93 169.795456 0.000000 1000.000000 0.930686 168.972061 -0.107292 0.000000 0.000000 0.000000 6.122005
9300 94 177.186310 0.000000 1000.000000 0.843441 178.013031 -1.670161 0.000000 0.000000 0.000000 5.569820
9400 95 172.575058 0.000000 1000.000000 1.880231 170.853394 -0.158570 0.000000 0.000000 0.000000 8.714031
9500 96 191.211899 0.000000 1000.000000 0.524468 190.687424 0.000000 0.000000 0.000000 0.000000 5.308852
9600 97 195.279694 0.000000 1000.000000 2.018946 193.260742 0.000000 0.000000 0.000000 0.000000 5.901051
9700 98 170.504883 0.000000 1000.000000 2.221901 168.382217 -0.099231 0.000000 0.000000 0.000000 5.953615
9800 99 173.929214 0.000000 1000.000000 0.489705 174.290665 -0.851147 0.000000 0.000000 0.000000 3.590079
9900 100 182.725632 0.000000 1000.000000 1.430210 181.295425 0.000000 0.000000 0.000000 0.000000 5.700244
10000 101 169.115356 0.000000 1000.000000 1.549397 170.052826 -1.427289 -1.059572 0.000000 0.000000 6.568338
10100 102 191.201797 0.000000 1000.000000 1.365386 191.709885 -1.873470 0.000000 0.000000 0.000000 6.870388
10200 103 180.174088 0.000000 1000.000000 0.816380 180.533569 -1.175862 0.000000 0.000000 0.000000 9.211588
10300 104 181.003311 0.000000 1000.000000 3.066560 179.133514 -1.196755 0.000000 0.000000 0.000000 8.959957
10400 105 193.955872 0.000000 1000.000000 0.804658 194.881210 -1.729995 0.000000 0.000000 0.000000 7.429644
10500 106 189.391083 0.000000 1000.000000 2.358746 187.252686 -0.220357 0.000000 0.000000 0.000000 8.684128
10600 107 197.615952 0.000000 1000.000000 0.541070 197.849564 -0.774687 0.000000 0.000000 0.000000 4.520037
10700 108 196.112381 0.000000 1000.000000 1.327366 185.662933 -1.374098 10.496187 0.000000 0.000000 3.524624
10800 109 191.412079 0.000000 1000.000000 2.380192 190.174026 -1.142141 0.000000 0.000000 0.000000 4.700648
10900 110 198.857895 0.000000 1000.000000 3.140988 196.747330 -1.030419 0.000000 0.000000 0.000000 2.826371
11000 111 202.912292 0.000000 1000.000000 0.695070 204.183640 -1.966413 0.000000 0.000000 0.000000 10.027740
11100 112 188.437424 0.000000 1000.000000 0.897165 188.709579 -1.169334 0.000000 0.000000 0.000000 4.943192
11200 113 175.934113 0.000000 1000.000000 0.840124 175.572479 -0.478490 0.000000 0.000000 0.000000 5.281041
11300 114 198.147705 0.000000 1000.000000 1.216979 196.930725 0.000000 0.000000 0.000000 0.000000 4.879912
11400 115 182.195221 0.000000 1000.000000 0.519105 183.792099 -2.115979 0.000000 0.000000 0.000000 2.642997
11500 116 182.490585 0.000000 1000.000000 0.515302 181.975281 0.000000 0.000000 0.000000 0.000000 4.354282
11600 117 190.466232 0.000000 1000.000000 3.234496 187.391785 -0.160056 0.000000 0.000000 0.000000 4.119846
11700 118 211.311829 0.000000 1000.000000 2.048092 209.263733 0.000000 0.000000 0.000000 0.000000 3.790243
11800 119 201.559875 0.000000 1000.000000 0.584484 200.975388 0.000000 0.000000 0.000000 0.000000 3.860531
11900 120 205.616928 0.000000 1000.000000 1.101113 204.515808 0.000000 0.000000 0.000000 0.000000 4.195696
12000 121 195.034088 0.000000 1000.000000 1.911152 193.122940 0.000000 0.000000 0.000000 0.000000 4.890802
12100 122 174.679321 0.000000 1000.000000 1.264080 173.415237 0.000000 0.000000 0.000000 0.000000 6.168568
12200 123 173.204575 0.000000 1000.000000 1.571150 172.780655 -1.147240 0.000000 0.000000 0.000000 6.693656
12300 124 201.013275 0.000000 1000.000000 1.987673 199.191223 -0.165626 0.000000 0.000000 0.000000 6.172033
12400 125 166.033096 0.000000 1000.000000 1.209040 168.600006 -1.182354 -2.593595 0.000000 0.000000 7.656951
12500 126 212.542023 0.000000 1000.000000 1.322156 211.219864 0.000000 0.000000 0.000000 0.000000 5.514430
12600 127 187.015991 0.000000 1000.000000 1.987679 185.108215 -0.079915 0.000000 0.000000 0.000000 8.283793
12700 128 179.830093 0.000000 1000.000000 2.492963 178.214462 -0.877337 0.000000 0.000000 0.000000 7.254201
12800 129 190.515594 0.000000 1000.000000 1.234078 190.820572 -1.539061 0.000000 0.000000 0.000000 4.987104
12900 130 187.573959 0.000000 1000.000000 1.477888 187.520004 -1.423932 0.000000 0.000000 0.000000 6.884057
13000 131 196.479401 0.000000 1000.000000 1.886897 196.672119 -2.079613 0.000000 0.000000 0.000000 5.004062
13100 132 192.621307 0.000000 1000.000000 0.524545 192.690125 -0.593373 0.000000 0.000000 0.000000 5.765543
13200 133 189.758774 0.000000 1000.000000 1.934010 187.726456 -1.838172 1.936476 0.000000 0.000000 4.416792
13300 134 203.952789 0.000000 1000.000000 0.993273 184.097824 -1.996833 20.858522 0.000000 0.000000 4.836099
13400 135 187.877350 0.000000 1000.000000 1.592012 187.890869 -1.605532 0.000000 0.000000 0.000000 5.277990
13500 136 185.774643 0.000000 1000.000000 0.480549 185.983749 -0.689652 0.000000 0.000000 0.000000 5.224067
13600 137 174.235413 0.000000 1000.000000 0.488343 175.622437 -1.875367 0.000000 0.000000 0.000000 4.906969
13700 138 184.917175 0.000000 1000.000000 0.781334 184.170288 -0.034454 0.000000 0.000000 0.000000 3.884584
13800 139 191.495163 0.000000 1000.000000 1.469315 190.025848 0.000000 0.000000 0.000000 0.000000 5.142155
13900 140 178.119385 0.000000 1000.000000 1.106194 177.682083 -0.668896 0.000000 0.000000 0.000000 5.158462
14000 141 197.684982 0.000000 1000.000000 2.841852 194.940826 -0.097697 0.000000 0.000000 0.000000 4.747021
14100 142 179.270050 0.000000 1000.000000 0.652252 178.939911 -0.322110 0.000000 0.000000 0.000000 5.768420
14200 143 187.838425 0.000000 1000.000000 0.745983 187.406326 -0.313883 0.000000 0.000000 0.000000 5.034591
14300 144 195.448288 0.000000 1000.000000 2.277009 194.662354 -1.491069 0.000000 0.000000 0.000000 4.117508
14400 145 178.418030 0.000000 1000.000000 1.016594 177.620468 -0.219028 0.000000 0.000000 0.000000 5.327014
14500 146 185.220016 0.000000 1000.000000 0.503675 186.147842 -1.431498 0.000000 0.000000 0.000000 4.977580
14600 147 183.105698 0.000000 1000.000000 0.462015 183.573227 -0.929556 0.000000 0.000000 0.000000 5.277611
14700 148 166.388367 0.000000 1000.000000 0.520502 165.867859 0.000000 0.000000 0.000000 0.000000 5.347057
14800 149 154.919434 0.000000 1000.000000 1.100920 154.823013 -1.004498 0.000000 0.000000 0.000000 7.158687
14900 150 160.131500 0.000000 1000.000000 1.293433 159.356598 -0.518521 0.000000 0.000000 0.000000 4.945405
15000 151 169.019196 0.000000 1000.000000 1.438859 167.580338 0.000000 0.000000 0.000000 0.000000 4.761289
15100 152 177.730042 0.000000 1000.000000 1.929904 175.832932 -0.032794 0.000000 0.000000 0.000000 5.084882
15200 153 165.468033 0.000000 1000.000000 1.788508 164.583664 -0.904146 0.000000 0.000000 0.000000 8.932954
15300 154 165.593155 0.000000 1000.000000 1.105348 164.487808 0.000000 0.000000 0.000000 0.000000 7.395501
15400 155 168.749924 0.000000 1000.000000 3.911632 164.994904 -0.156610 0.000000 0.000000 0.000000 6.785512
15500 156 184.817291 0.000000 1000.000000 1.147966 184.319489 -0.650163 0.000000 0.000000 0.000000 10.718122
15600 157 179.656738 0.000000 1000.000000 0.426247 180.385437 -1.154933 0.000000 0.000000 0.000000 9.048004
15700 158 172.925537 0.000000 1000.000000 1.193612 172.822418 -1.090499 0.000000 0.000000 0.000000 6.145151
15800 159 182.487152 0.000000 1000.000000 0.393635 182.354279 -0.260753 0.000000 0.000000 0.000000 8.574327
15900 160 194.149460 0.000000 1000.000000 0.453711 193.728928 -0.033173 0.000000 0.000000 0.000000 6.127454
16000 161 175.928085 0.000000 1000.000000 0.700286 161.063354 -3.068728 17.233173 0.000000 0.000000 5.473384
16100 162 165.119858 0.000000 1000.000000 0.555224 164.848404 -0.283763 0.000000 0.000000 0.000000 5.742147
16200 163 184.823456 0.000000 1000.000000 1.120379 183.931030 -0.227956 0.000000 0.000000 0.000000 6.567049
16300 164 184.434845 0.000000 1000.000000 0.409863 184.491684 -0.466709 0.000000 0.000000 0.000000 6.265099
16400 165 185.478577 0.000000 1000.000000 1.239982 184.549240 -0.310636 0.000000 0.000000 0.000000 5.697152
16500 166 177.909500 0.000000 1000.000000 0.516463 177.427567 -0.034526 0.000000 0.000000 0.000000 9.279157
16600 167 176.909241 0.000000 1000.000000 0.355389 176.751343 -0.197499 0.000000 0.000000 0.000000 7.589544
16700 168 177.532211 0.000000 1000.000000 0.721627 177.025330 -0.214746 0.000000 0.000000 0.000000 9.179543
16800 169 182.807861 0.000000 1000.000000 1.817909 181.291626 -0.301667 0.000000 0.000000 0.000000 8.428574
16900 170 177.563919 0.000000 1000.000000 1.649139 176.220551 -0.305766 0.000000 0.000000 0.000000 9.233178
17000 171 193.422958 0.000000 1000.000000 1.101745 192.321213 0.000000 0.000000 0.000000 0.000000 7.641186
17100 172 164.595337 0.000000 1000.000000 0.450642 164.620071 -0.475380 0.000000 0.000000 0.000000 6.620845
17200 173 186.555466 0.000000 1000.000000 0.371115 186.422119 -0.237755 0.000000 0.000000 0.000000 5.376980
17300 174 182.343842 0.000000 1000.000000 1.854698 181.526901 -1.037743 0.000000 0.000000 0.000000 5.551334
17400 175 163.944519 0.000000 1000.000000 0.558982 163.432541 -0.046993 0.000000 0.000000 0.000000 5.459782
17500 176 182.798447 0.000000 1000.000000 0.721719 182.109100 -0.032374 0.000000 0.000000 0.000000 4.740345
17600 177 183.583267 0.000000 1000.000000 0.610440 183.187485 -0.214668 0.000000 0.000000 0.000000 4.806116
17700 178 172.473434 0.000000 1000.000000 1.289291 171.228378 -0.044228 0.000000 0.000000 0.000000 4.489516
17800 179 165.034119 0.000000 1000.000000 0.920769 164.537323 -0.423986 0.000000 0.000000 0.000000 6.603608
17900 180 150.318588 0.000000 1000.000000 0.824714 149.709076 -0.215194 0.000000 0.000000 0.000000 5.673975
18000 181 178.308701 0.000000 1000.000000 0.670508 177.980896 -0.342701 0.000000 0.000000 0.000000 4.617471
18100 182 175.100845 0.000000 1000.000000 0.816872 174.283966 0.000000 0.000000 0.000000 0.000000 6.163806
18200 183 161.132080 0.000000 1000.000000 1.082692 160.089447 -0.040048 0.000000 0.000000 0.000000 6.864450
18300 184 178.383514 0.000000 1000.000000 0.640315 177.743195 0.000000 0.000000 0.000000 0.000000 6.208228
18400 185 169.837448 0.000000 1000.000000 0.920072 169.787857 -0.870484 0.000000 0.000000 0.000000 6.210036
18500 186 187.218369 0.000000 1000.000000 2.767400 184.485321 -0.034355 0.000000 0.000000 0.000000 8.225663
18600 187 178.455643 0.000000 1000.000000 0.287555 178.635147 -0.467057 0.000000 0.000000 0.000000 8.716528
18700 188 186.966736 0.000000 1000.000000 0.889038 186.231857 -0.154157 0.000000 0.000000 0.000000 8.020956
18800 189 158.155151 0.000000 1000.000000 0.824117 157.331039 0.000000 0.000000 0.000000 0.000000 7.462983
18900 190 171.905502 0.000000 1000.000000 0.997799 171.039429 -0.131729 0.000000 0.000000 0.000000 8.508038
19000 191 187.166275 0.000000 1000.000000 1.298405 185.867874 0.000000 0.000000 0.000000 0.000000 7.129072
19100 192 187.290665 0.000000 1000.000000 1.810876 187.046768 -1.566986 0.000000 0.000000 0.000000 7.648272
19200 193 185.257904 0.000000 1000.000000 0.835362 184.464828 -0.042286 0.000000 0.000000 0.000000 7.539547
19300 194 187.782623 0.000000 1000.000000 1.274868 186.507751 0.000000 0.000000 0.000000 0.000000 5.181099
19400 195 164.957581 0.000000 1000.000000 0.825220 164.396194 -0.263837 0.000000 0.000000 0.000000 5.789413
19500 196 173.713348 0.000000 1000.000000 1.274310 172.817780 -0.378736 0.000000 0.000000 0.000000 5.514832
19600 197 172.298035 0.000000 1000.000000 0.779447 171.704910 -0.186332 0.000000 0.000000 0.000000 6.038743
19700 198 171.012756 0.000000 1000.000000 1.925790 169.224899 -0.137941 0.000000 0.000000 0.000000 5.734244
19800 199 170.847290 0.000000 1000.000000 0.749666 170.496552 -0.398925 0.000000 0.000000 0.000000 6.496589
19900 200 176.274841 0.000000 1000.000000 1.322796 174.989334 -0.037291 0.000000 0.000000 0.000000 7.521394
20000 201 175.849396 0.000000 1000.000000 0.831272 175.065384 -0.047259 0.000000 0.000000 0.000000 6.279741
20100 202 159.767105 0.000000 1000.000000 0.891451 158.342453 -1.115180 1.648373 0.000000 0.000000 4.980218
20200 203 176.107254 0.000000 1000.000000 1.021313 176.389954 -1.304016 0.000000 0.000000 0.000000 8.288609
20300 204 160.414337 0.000000 1000.000000 0.368584 160.045746 0.000000 0.000000 0.000000 0.000000 5.000216
20400 205 157.698349 0.000000 1000.000000 2.930591 156.370422 -1.602666 0.000000 0.000000 0.000000 5.786484
20500 206 148.815842 0.000000 1000.000000 0.355354 155.064865 -1.483942 -5.120430 0.000000 0.000000 4.790164
20600 207 165.661194 0.000000 1000.000000 0.722435 165.981262 -1.042514 0.000000 0.000000 0.000000 6.809703
20700 208 177.507828 0.000000 1000.000000 1.503660 176.776855 -0.772685 0.000000 0.000000 0.000000 4.144991
20800 209 177.771225 0.000000 1000.000000 1.118567 177.004288 -0.351629 0.000000 0.000000 0.000000 6.235337
20900 210 178.127350 0.000000 1000.000000 1.534956 176.669037 -0.076648 0.000000 0.000000 0.000000 6.504191
21000 211 177.626129 0.000000 1000.000000 0.328738 177.921722 -0.624326 0.000000 0.000000 0.000000 6.816202
21100 212 164.916199 0.000000 1000.000000 0.529982 164.627655 -0.241439 0.000000 0.000000 0.000000 7.222825
21200 213 164.904755 0.000000 1000.000000 0.522640 164.854202 -0.472091 0.000000 0.000000 0.000000 7.453699
21300 214 161.128769 0.000000 1000.000000 0.335070 160.901398 -0.107698 0.000000 0.000000 0.000000 9.847391
21400 215 155.532501 0.000000 1000.000000 0.614503 154.917999 0.000000 0.000000 0.000000 0.000000 10.269465
21500 216 164.956909 0.000000 1000.000000 0.551028 164.405884 0.000000 0.000000 0.000000 0.000000 7.128435
21600 217 169.089935 0.000000 1000.000000 0.590040 168.669189 -0.169290 0.000000 0.000000 0.000000 8.393576
21700 218 159.332367 0.000000 1000.000000 0.741521 158.686340 -0.095484 0.000000 0.000000 0.000000 6.530400
21800 219 167.721237 0.000000 1000.000000 1.059873 166.918594 -0.257226 0.000000 0.000000 0.000000 7.425458
21900 220 166.010345 0.000000 1000.000000 0.503861 165.555603 -0.049123 0.000000 0.000000 0.000000 5.727845
22000 221 153.199127 0.000000 1000.000000 1.938881 151.302155 -0.041910 0.000000 0.000000 0.000000 6.172171
22100 222 170.177536 0.000000 1000.000000 0.657504 169.603592 -0.083553 0.000000 0.000000 0.000000 5.549836
22200 223 158.977921 0.000000 1000.000000 0.361549 158.616379 0.000000 0.000000 0.000000 0.000000 7.561506
22300 224 150.880127 0.000000 1000.000000 0.179940 150.838501 -0.138324 0.000000 0.000000 0.000000 7.162131
22400 225 171.278030 0.000000 1000.000000 0.956912 171.096985 -0.775865 0.000000 0.000000 0.000000 3.762962
22500 226 168.811798 0.000000 1000.000000 0.643555 168.250000 -0.081749 0.000000 0.000000 0.000000 5.473485
22600 227 169.571106 0.000000 1000.000000 0.291551 169.321457 -0.041908 0.000000 0.000000 0.000000 5.356522
22700 228 177.772232 0.000000 1000.000000 0.484541 177.605270 -0.317582 0.000000 0.000000 0.000000 6.121521
22800 229 164.047104 0.000000 1000.000000 0.401673 164.088135 -0.442707 0.000000 0.000000 0.000000 6.756572
22900 230 171.089935 0.000000 1000.000000 0.902548 170.187393 0.000000 0.000000 0.000000 0.000000 6.874427
23000 231 174.093536 0.000000 1000.000000 1.239545 172.895233 -0.041243 0.000000 0.000000 0.000000 6.637738
23100 232 171.159470 0.000000 1000.000000 1.048377 170.321655 -0.210557 0.000000 0.000000 0.000000 7.623652
23200 233 174.913437 0.000000 1000.000000 1.886743 173.064301 -0.037615 0.000000 0.000000 0.000000 6.795778
23300 234 164.891327 0.000000 1000.000000 0.912128 163.979202 0.000000 0.000000 0.000000 0.000000 5.998717
23400 235 160.160751 0.000000 1000.000000 0.554623 160.446075 -0.839954 0.000000 0.000000 0.000000 6.375269
23500 236 163.027359 0.000000 1000.000000 0.955439 162.145676 -0.073757 0.000000 0.000000 0.000000 6.518373
23600 237 170.342499 0.000000 1000.000000 0.473650 169.913391 -0.044539 0.000000 0.000000 0.000000 7.455546
23700 238 168.632355 0.000000 1000.000000 1.508138 167.124222 0.000000 0.000000 0.000000 0.000000 9.621466
23800 239 182.139786 0.000000 1000.000000 1.079926 181.542923 -0.483065 0.000000 0.000000 0.000000 7.102462
23900 240 155.809616 0.000000 1000.000000 0.683078 155.126541 0.000000 0.000000 0.000000 0.000000 6.993443
24000 241 142.618942 0.000000 1000.000000 0.355139 142.857605 -0.593791 0.000000 0.000000 0.000000 6.918166
24100 242 153.501572 0.000000 1000.000000 0.288208 153.249878 -0.036518 0.000000 0.000000 0.000000 7.033383
24200 243 186.702652 0.000000 1000.000000 0.221565 186.513443 -0.032351 0.000000 0.000000 0.000000 8.069185
24300 244 153.197510 0.000000 1000.000000 0.883373 152.314133 0.000000 0.000000 0.000000 0.000000 6.828941
24400 245 173.414719 0.000000 1000.000000 1.121865 172.897903 -0.605061 0.000000 0.000000 0.000000 7.025082
24500 246 179.633881 0.000000 1000.000000 0.422212 179.386932 -0.175266 0.000000 0.000000 0.000000 9.664011
24600 247 152.313400 0.000000 1000.000000 0.332908 151.980499 0.000000 0.000000 0.000000 0.000000 10.318020
24700 248 144.004883 0.000000 1000.000000 0.207107 148.016953 -1.056099 -3.163067 0.000000 0.000000 6.510289
24800 249 154.447342 0.000000 1000.000000 0.560694 153.936081 -0.049438 0.000000 0.000000 0.000000 6.683418
24900 250 164.303513 0.000000 1000.000000 0.621658 163.681854 0.000000 0.000000 0.000000 0.000000 5.669111
25000 251 174.976624 0.000000 1000.000000 1.424492 174.281540 -0.729407 0.000000 0.000000 0.000000 8.186934
25100 252 166.895432 0.000000 1000.000000 2.645932 164.593414 -0.343916 0.000000 0.000000 0.000000 7.409439
25200 253 165.349030 0.000000 1000.000000 0.292237 165.149139 -0.092343 0.000000 0.000000 0.000000 6.618663
25300 254 163.348251 0.000000 1000.000000 0.425548 163.550537 -0.627834 0.000000 0.000000 0.000000 6.951963
25400 255 171.389221 0.000000 1000.000000 0.788778 170.872665 -0.272210 0.000000 0.000000 0.000000 7.215652
25500 256 172.336823 0.000000 1000.000000 1.412070 172.018982 -1.094220 0.000000 0.000000 0.000000 5.564804
25600 257 150.807205 0.000000 1000.000000 0.441214 150.510147 -0.144155 0.000000 0.000000 0.000000 7.948150
25700 258 169.510284 0.000000 1000.000000 0.391044 169.119247 0.000000 0.000000 0.000000 0.000000 5.067558
25800 259 176.634186 0.000000 1000.000000 0.988685 176.081192 -0.435688 0.000000 0.000000 0.000000 5.835707
25900 260 166.214005 0.000000 1000.000000 0.121294 166.275101 -0.182383 0.000000 0.000000 0.000000 8.866865
26000 261 153.734985 0.000000 1000.000000 1.032493 152.702499 0.000000 0.000000 0.000000 0.000000 8.694205
26100 262 148.992844 0.000000 1000.000000 0.208054 154.950333 -1.678536 -4.486993 0.000000 0.000000 5.662379
26200 263 168.404495 0.000000 1000.000000 0.463668 168.226303 -0.285483 0.000000 0.000000 0.000000 7.246577
26300 264 163.857941 0.000000 1000.000000 0.267397 164.294189 -0.703646 0.000000 0.000000 0.000000 6.562153
26400 265 181.421173 0.000000 1000.000000 0.630821 182.035980 -1.245625 0.000000 0.000000 0.000000 6.253789
26500 266 160.835327 0.000000 1000.000000 0.649992 161.018219 -0.832884 0.000000 0.000000 0.000000 5.514727
26600 267 184.199371 0.000000 1000.000000 0.640062 183.916428 -0.357115 0.000000 0.000000 0.000000 5.556893
26700 268 178.092789 0.000000 1000.000000 0.465034 177.793045 -0.165277 0.000000 0.000000 0.000000 5.796659
26800 269 167.827866 0.000000 1000.000000 1.843668 167.985809 -2.001615 0.000000 0.000000 0.000000 4.514448
26900 270 177.323563 0.000000 1000.000000 0.727930 177.286514 -0.690885 0.000000 0.000000 0.000000 3.687803
27000 271 163.793259 0.000000 1000.000000 1.030127 163.167450 -0.404307 0.000000 0.000000 0.000000 5.412532
27100 272 171.439682 0.000000 1000.000000 2.158927 169.470398 -0.189634 0.000000 0.000000 0.000000 7.184863
27200 273 169.038620 0.000000 1000.000000 1.942902 167.095718 0.000000 0.000000 0.000000 0.000000 5.786290
27300 274 182.823761 0.000000 1000.000000 0.734454 182.193848 -0.104534 0.000000 0.000000 0.000000 5.346976
27400 275 196.433243 0.000000 1000.000000 1.442532 194.990707 0.000000 0.000000 0.000000 0.000000 6.396004
27500 276 183.704346 0.000000 1000.000000 0.824494 182.879852 0.000000 0.000000 0.000000 0.000000 5.061971
27600 277 168.079437 0.000000 1000.000000 0.481467 167.868729 -0.270757 0.000000 0.000000 0.000000 6.395886
27700 278 149.937271 0.000000 1000.000000 1.792893 149.449463 -1.305090 0.000000 0.000000 0.000000 6.109957
27800 279 176.851440 0.000000 1000.000000 1.155407 176.139557 -0.443522 0.000000 0.000000 0.000000 4.999545
27900 280 165.333923 0.000000 1000.000000 0.566287 164.798965 -0.031328 0.000000 0.000000 0.000000 6.308568
28000 281 164.529007 0.000000 1000.000000 0.522853 164.006149 0.000000 0.000000 0.000000 0.000000 5.919292
28100 282 164.699554 0.000000 1000.000000 1.026234 164.574036 -0.900708 0.000000 0.000000 0.000000 4.716666
28200 283 175.243423 0.000000 1000.000000 1.609982 175.218201 -1.584757 0.000000 0.000000 0.000000 7.092353
28300 284 181.691666 0.000000 1000.000000 0.606069 181.223953 -0.138355 0.000000 0.000000 0.000000 7.101236
28400 285 174.771103 0.000000 1000.000000 2.121154 174.562500 -1.912547 0.000000 0.000000 0.000000 4.477068
28500 286 170.212311 0.000000 1000.000000 1.909637 168.644470 -0.341801 0.000000 0.000000 0.000000 3.929340
28600 287 158.160187 0.000000 1000.000000 0.795740 157.440353 -0.075912 0.000000 0.000000 0.000000 7.777487
28700 288 151.847733 0.000000 1000.000000 1.942380 149.905350 0.000000 0.000000 0.000000 0.000000 5.568589
28800 289 158.257187 0.000000 1000.000000 0.475879 157.781311 0.000000 0.000000 0.000000 0.000000 4.010430
28900 290 196.806305 0.000000 1000.000000 0.933186 195.916733 -0.043608 0.000000 0.000000 0.000000 6.016538
29000 291 166.748413 0.000000 1000.000000 0.996246 166.031952 -0.279791 0.000000 0.000000 0.000000 6.959204
29100 292 158.430008 0.000000 1000.000000 1.016725 157.440933 -0.027652 0.000000 0.000000 0.000000 5.430142
29200 293 169.252304 0.000000 1000.000000 1.293680 169.167099 -1.337776 0.129292 0.000000 0.000000 6.962556
29300 294 171.907959 0.000000 1000.000000 0.731500 171.176453 0.000000 0.000000 0.000000 0.000000 5.239902
29400 295 209.383224 0.000000 1000.000000 1.316679 172.646988 -1.024459 36.444019 0.000000 0.000000 5.291317
29500 296 185.903809 0.000000 1000.000000 0.837993 185.334320 -0.268515 0.000000 0.000000 0.000000 6.224218
29600 297 166.150299 0.000000 1000.000000 0.590386 165.991882 -0.431984 0.000000 0.000000 0.000000 4.630393
29700 298 172.769363 0.000000 1000.000000 2.090474 171.025253 -0.346365 0.000000 0.000000 0.000000 3.611021
29800 299 165.311874 0.000000 1000.000000 1.378275 166.533020 -1.243805 -1.355622 0.000000 0.000000 4.515585
29900 300 159.071716 0.000000 1000.000000 1.475193 157.910828 -0.314305 0.000000 0.000000 0.000000 5.745798
30000 301 161.379456 0.000000 1000.000000 0.925053 160.454407 0.000000 0.000000 0.000000 0.000000 7.644982
30100 302 160.081833 0.000000 1000.000000 1.594297 158.715256 -0.227715 0.000000 0.000000 0.000000 6.803108
30200 303 146.927124 0.000000 1000.000000 0.354159 146.698593 -0.125629 0.000000 0.000000 0.000000 9.108565
30300 304 168.551666 0.000000 1000.000000 1.296567 167.255096 0.000000 0.000000 0.000000 0.000000 8.271325
30400 305 159.801865 0.000000 1000.000000 1.113071 159.152344 -0.463554 0.000000 0.000000 0.000000 5.174002
30500 306 190.435471 0.000000 1000.000000 2.719465 177.412537 -1.471515 11.774984 0.000000 0.000000 6.996892
30600 307 164.565262 0.000000 1000.000000 0.657739 165.022095 -1.114571 0.000000 0.000000 0.000000 4.196630
30700 308 153.610733 0.000000 1000.000000 0.574874 159.435349 -2.098848 -4.300646 0.000000 0.000000 4.997328
30800 309 178.381287 0.000000 1000.000000 0.815913 177.646439 -0.081065 0.000000 0.000000 0.000000 4.534675
30900 310 163.310516 0.000000 1000.000000 0.542627 162.807343 -0.039452 0.000000 0.000000 0.000000 3.619711
31000 311 165.412369 0.000000 1000.000000 0.438510 165.011749 -0.037888 0.000000 0.000000 0.000000 7.724020
31100 312 146.854050 0.000000 1000.000000 0.453297 146.883667 -0.482909 0.000000 0.000000 0.000000 7.268261
31200 313 168.762894 0.000000 1000.000000 1.326679 167.436218 0.000000 0.000000 0.000000 0.000000 7.001554
31300 314 142.292847 0.000000 1000.000000 3.316123 139.158905 -0.182179 0.000000 0.000000 0.000000 6.288156
31400 315 135.504105 0.000000 1000.000000 0.227949 135.684219 -0.408063 0.000000 0.000000 0.000000 5.064791
31500 316 146.464249 0.000000 1000.000000 0.371338 146.092911 0.000000 0.000000 0.000000 0.000000 3.541782
31600 317 163.538452 0.000000 1000.000000 0.658260 162.880188 0.000000 0.000000 0.000000 0.000000 5.054231
31700 318 154.837341 0.000000 1000.000000 0.682278 154.193848 -0.038795 0.000000 0.000000 0.000000 6.334534
31800 319 167.684647 0.000000 1000.000000 1.200786 166.483856 0.000000 0.000000 0.000000 0.000000 5.628433
31900 320 165.255814 0.000000 1000.000000 1.145945 164.149200 -0.039343 0.000000 0.000000 0.000000 7.214614
32000 321 165.217453 0.000000 1000.000000 0.534351 165.410919 -0.727819 0.000000 0.000000 0.000000 4.580057
32100 322 141.424072 0.000000 1000.000000 1.054645 140.662308 -0.292876 0.000000 0.000000 0.000000 4.997602
32200 323 180.011688 0.000000 1000.000000 3.438578 176.573105 0.000000 0.000000 0.000000 0.000000 4.029755
32300 324 168.553085 0.000000 1000.000000 1.959855 166.593231 0.000000 0.000000 0.000000 0.000000 5.493377
32400 325 156.662308 0.000000 1000.000000 1.934746 154.727554 0.000000 0.000000 0.000000 0.000000 4.729449
32500 326 173.869324 0.000000 1000.000000 1.146930 172.722397 0.000000 0.000000 0.000000 0.000000 5.754550
32600 327 146.492233 0.000000 1000.000000 1.685935 145.127808 -0.321506 0.000000 0.000000 0.000000 3.660270
32700 328 156.073334 0.000000 1000.000000 1.734934 154.338394 0.000000 0.000000 0.000000 0.000000 4.268893
32800 329 157.089142 0.000000 1000.000000 1.346342 156.202774 -0.459976 0.000000 0.000000 0.000000 8.587809
32900 330 164.807434 0.000000 1000.000000 0.555708 164.552567 -0.300835 0.000000 0.000000 0.000000 5.513089
33000 331 160.413803 0.000000 1000.000000 1.869130 158.846313 -0.301633 0.000000 0.000000 0.000000 6.393797
33100 332 160.953506 0.000000 1000.000000 0.954154 159.999359 0.000000 0.000000 0.000000 0.000000 6.587932
33200 333 149.568787 0.000000 1000.000000 1.087412 148.481369 0.000000 0.000000 0.000000 0.000000 7.693374
33300 334 156.347488 0.000000 1000.000000 0.839808 155.507675 0.000000 0.000000 0.000000 0.000000 5.254291
33400 335 160.927429 0.000000 1000.000000 0.717234 160.237671 -0.027485 0.000000 0.000000 0.000000 6.147576
33500 336 173.478027 0.000000 1000.000000 2.719373 170.993759 -0.235105 0.000000 0.000000 0.000000 5.309766
33600 337 147.191238 0.000000 1000.000000 0.554630 146.881744 -0.245129 0.000000 0.000000 0.000000 6.114689
33700 338 152.008194 0.000000 1000.000000 1.070161 151.420639 -0.482611 0.000000 0.000000 0.000000 6.106622
33800 339 150.661362 0.000000 1000.000000 1.414551 149.246811 0.000000 0.000000 0.000000 0.000000 5.435808
33900 340 173.726028 0.000000 1000.000000 0.944083 172.781952 0.000000 0.000000 0.000000 0.000000 4.922366
34000 341 157.661469 0.000000 1000.000000 0.519260 157.162735 -0.020518 0.000000 0.000000 0.000000 4.263617
34100 342 147.560257 0.000000 1000.000000 0.713360 147.619675 -0.772782 0.000000 0.000000 0.000000 4.340020
34200 343 156.483856 0.000000 1000.000000 0.794713 155.845200 -0.156054 0.000000 0.000000 0.000000 5.352625
34300 344 154.457397 0.000000 1000.000000 1.306291 153.151108 0.000000 0.000000 0.000000 0.000000 6.061692
34400 345 152.030731 0.000000 1000.000000 2.122929 149.907806 0.000000 0.000000 0.000000 0.000000 6.301427
34500 346 164.693146 0.000000 1000.000000 0.236626 164.580231 -0.123715 0.000000 0.000000 0.000000 5.650342
34600 347 153.378403 0.000000 1000.000000 0.606779 152.940125 -0.168508 0.000000 0.000000 0.000000 6.100517
34700 348 165.420395 0.000000 1000.000000 0.536884 164.907333 -0.023822 0.000000 0.000000 0.000000 7.634135
34800 349 145.977264 0.000000 1000.000000 0.737651 145.239609 0.000000 0.000000 0.000000 0.000000 7.700190
34900 350 141.163940 0.000000 1000.000000 0.676958 140.486984 0.000000 0.000000 0.000000 0.000000 5.341653
35000 351 164.745575 0.000000 1000.000000 0.445768 164.560303 -0.260496 0.000000 0.000000 0.000000 7.624712
35100 352 171.077164 0.000000 1000.000000 0.885031 170.192139 0.000000 0.000000 0.000000 0.000000 10.865332
35200 353 166.343185 0.000000 1000.000000 0.924270 165.418915 0.000000 0.000000 0.000000 0.000000 6.066322
35300 354 161.185532 0.000000 1000.000000 2.896618 158.288910 0.000000 0.000000 0.000000 0.000000 6.668790
35400 355 159.141373 0.000000 1000.000000 2.109472 157.031906 0.000000 0.000000 0.000000 0.000000 9.607488
35500 356 160.342255 0.000000 1000.000000 0.467149 159.875107 0.000000 0.000000 0.000000 0.000000 4.195308
35600 357 165.810455 0.000000 1000.000000 1.536277 164.328110 -0.053925 0.000000 0.000000 0.000000 7.560582
35700 358 148.208450 0.000000 1000.000000 0.443835 147.764618 0.000000 0.000000 0.000000 0.000000 7.271206
35800 359 153.019379 0.000000 1000.000000 0.842042 152.177338 0.000000 0.000000 0.000000 0.000000 6.372431
35900 360 155.212418 0.000000 1000.000000 2.031250 153.499573 -0.318408 0.000000 0.000000 0.000000 6.691598
36000 361 138.304428 0.000000 1000.000000 0.534176 137.851501 -0.081247 0.000000 0.000000 0.000000 8.832309
36100 362 146.313583 0.000000 1000.000000 1.952561 144.443527 -0.082511 0.000000 0.000000 0.000000 7.432530
36200 363 161.982880 0.000000 1000.000000 0.940190 161.084549 -0.041856 0.000000 0.000000 0.000000 9.046752
36300 364 143.157349 0.000000 1000.000000 0.609940 142.619751 -0.072345 0.000000 0.000000 0.000000 8.736706
36400 365 160.808884 0.000000 1000.000000 1.060482 159.748398 0.000000 0.000000 0.000000 0.000000 8.096616
36500 366 154.925903 0.000000 1000.000000 0.270838 154.655060 0.000000 0.000000 0.000000 0.000000 9.889082
36600 367 144.637741 0.000000 1000.000000 1.139579 143.552216 -0.054047 0.000000 0.000000 0.000000 9.175926
36700 368 174.550217 0.000000 1000.000000 1.060806 173.671265 -0.181856 0.000000 0.000000 0.000000 7.912609
36800 369 150.427383 0.000000 1000.000000 1.112761 149.365646 -0.051026 0.000000 0.000000 0.000000 8.060169
36900 370 154.447556 0.000000 1000.000000 0.638649 153.808914 0.000000 0.000000 0.000000 0.000000 7.772366
37000 371 140.944092 0.000000 1000.000000 0.314189 140.629898 0.000000 0.000000 0.000000 0.000000 6.684578
37100 372 139.759644 0.000000 1000.000000 0.561880 139.197769 0.000000 0.000000 0.000000 0.000000 6.312741
37200 373 162.231659 0.000000 1000.000000 0.379985 161.851669 0.000000 0.000000 0.000000 0.000000 8.875741
37300 374 158.188919 0.000000 1000.000000 0.235499 157.953415 0.000000 0.000000 0.000000 0.000000 7.648011
37400 375 150.777878 0.000000 1000.000000 0.494473 150.554550 -0.271143 0.000000 0.000000 0.000000 5.216617
37500 376 165.468796 0.000000 1000.000000 0.834355 165.019241 -0.384803 0.000000 0.000000 0.000000 7.353349
37600 377 139.860489 0.000000 1000.000000 0.407350 139.890869 -0.437724 0.000000 0.000000 0.000000 6.331180
37700 378 172.760696 0.000000 1000.000000 1.982039 170.778656 0.000000 0.000000 0.000000 0.000000 7.005765
37800 379 170.990234 0.000000 1000.000000 0.494272 170.495956 0.000000 0.000000 0.000000 0.000000 5.827416
37900 380 159.806320 0.000000 1000.000000 0.472504 159.877197 -0.543375 0.000000 0.000000 0.000000 7.769855
38000 381 163.757111 0.000000 1000.000000 1.888101 162.246140 -0.377133 0.000000 0.000000 0.000000 7.997859
38100 382 150.719009 0.000000 1000.000000 1.829410 148.889603 0.000000 0.000000 0.000000 0.000000 5.009171
38200 383 147.022202 0.000000 1000.000000 0.617953 147.038284 -0.634038 0.000000 0.000000 0.000000 4.593470
38300 384 126.763710 0.000000 1000.000000 1.279711 125.760536 -0.276538 0.000000 0.000000 0.000000 5.743288
38400 385 145.645065 0.000000 1000.000000 0.488333 145.458389 -0.301648 0.000000 0.000000 0.000000 7.039511
38500 386 152.652634 0.000000 1000.000000 0.434439 152.218201 0.000000 0.000000 0.000000 0.000000 5.839891
38600 387 141.470718 0.000000 1000.000000 2.393995 139.076721 0.000000 0.000000 0.000000 0.000000 5.707412
38700 388 135.666626 0.000000 1000.000000 0.302352 135.634964 -0.270694 0.000000 0.000000 0.000000 7.679118
38800 389 161.089355 0.000000 1000.000000 0.773387 160.366730 -0.050765 0.000000 0.000000 0.000000 4.562535
38900 390 144.608154 0.000000 1000.000000 2.403007 142.673721 -0.468564 0.000000 0.000000 0.000000 5.449107
39000 391 148.972763 0.000000 1000.000000 0.889699 148.119476 -0.036407 0.000000 0.000000 0.000000 4.096443
39100 392 145.683563 0.000000 1000.000000 0.542725 145.660812 -0.519971 0.000000 0.000000 0.000000 4.464615
39200 393 142.027740 0.000000 1000.000000 0.287354 141.740387 0.000000 0.000000 0.000000 0.000000 5.269589
39300 394 147.216492 0.000000 1000.000000 2.894042 144.373657 -0.051210 0.000000 0.000000 0.000000 5.323640
39400 395 160.943192 0.000000 1000.000000 2.215338 159.392578 -0.664715 0.000000 0.000000 0.000000 4.503160
39500 396 164.293030 0.000000 1000.000000 3.041372 161.883209 -0.631543 0.000000 0.000000 0.000000 4.227748
39600 397 155.857559 0.000000 1000.000000 1.336736 154.520828 0.000000 0.000000 0.000000 0.000000 5.816715
39700 398 153.334915 0.000000 1000.000000 0.766610 152.603439 -0.035133 0.000000 0.000000 0.000000 3.914453
39800 399 161.934113 0.000000 1000.000000 1.108440 160.881668 -0.056006 0.000000 0.000000 0.000000 4.562143
39900 400 162.651291 0.000000 1000.000000 0.815654 162.205643 -0.370018 0.000000 0.000000 0.000000 6.437702
40000 401 160.333237 0.000000 1000.000000 1.660522 159.352707 -0.679986 0.000000 0.000000 0.000000 6.146666
40100 402 153.179810 0.000000 1000.000000 1.017352 152.162460 0.000000 0.000000 0.000000 0.000000 4.846689
40200 403 154.144943 0.000000 1000.000000 2.581585 151.563354 0.000000 0.000000 0.000000 0.000000 7.584381
40300 404 151.231354 0.000000 1000.000000 1.635347 150.135452 -0.539451 0.000000 0.000000 0.000000 6.003273
40400 405 180.500061 0.000000 1000.000000 0.861118 179.638947 0.000000 0.000000 0.000000 0.000000 3.987516
40500 406 151.424057 0.000000 1000.000000 0.991771 151.055908 -0.623619 0.000000 0.000000 0.000000 5.160828
40600 407 159.296112 0.000000 1000.000000 0.908509 158.581161 -0.193550 0.000000 0.000000 0.000000 7.848632
40700 408 178.120178 0.000000 1000.000000 3.724897 174.436111 -0.040829 0.000000 0.000000 0.000000 5.624218
40800 409 150.104355 0.000000 1000.000000 1.399781 148.789505 -0.084925 0.000000 0.000000 0.000000 7.094623
40900 410 157.368179 0.000000 1000.000000 1.371346 155.996826 0.000000 0.000000 0.000000 0.000000 7.320709
41000 411 172.269684 0.000000 1000.000000 1.954318 170.356155 -0.040781 0.000000 0.000000 0.000000 3.851333
41100 412 175.291290 0.000000 1000.000000 3.254645 172.643768 -0.607115 0.000000 0.000000 0.000000 4.218588
41200 413 190.106277 0.000000 1000.000000 1.502517 188.603760 0.000000 0.000000 0.000000 0.000000 5.149357
41300 414 196.122238 0.000000 1000.000000 3.398266 192.723969 0.000000 0.000000 0.000000 0.000000 6.421847
41400 415 158.923874 0.000000 1000.000000 0.410601 158.513275 0.000000 0.000000 0.000000 0.000000 4.030791
41500 416 151.763336 0.000000 1000.000000 0.547421 151.711868 -0.495955 0.000000 0.000000 0.000000 6.080966
41600 417 147.120438 0.000000 1000.000000 0.981283 146.491821 -0.352658 0.000000 0.000000 0.000000 5.666643
41700 418 159.998306 0.000000 1000.000000 0.995977 159.046204 -0.043871 0.000000 0.000000 0.000000 5.247443
41800 419 155.091217 0.000000 1000.000000 0.808073 155.294098 -1.010962 0.000000 0.000000 0.000000 5.705460
41900 420 153.184555 0.000000 1000.000000 2.826234 150.825348 -0.467025 0.000000 0.000000 0.000000 4.505942
42000 421 144.891525 0.000000 1000.000000 1.627715 143.709549 -0.445735 0.000000 0.000000 0.000000 4.746768
42100 422 167.058594 0.000000 1000.000000 1.272453 165.786148 0.000000 0.000000 0.000000 0.000000 3.231591
42200 423 160.102844 0.000000 1000.000000 2.154424 159.418243 -1.469811 0.000000 0.000000 0.000000 4.348753
42300 424 159.597000 0.000000 1000.000000 1.174003 165.096405 -0.766548 -5.906867 0.000000 0.000000 5.919964
42400 425 172.653763 0.000000 1000.000000 1.980520 170.673248 0.000000 0.000000 0.000000 0.000000 3.921054
42500 426 169.917374 0.000000 1000.000000 2.848945 168.173523 -1.105094 0.000000 0.000000 0.000000 3.533350
42600 427 154.703491 0.000000 1000.000000 1.044629 153.825378 -0.166525 0.000000 0.000000 0.000000 6.530449
42700 428 149.086166 0.000000 1000.000000 0.281015 149.152069 -0.346930 0.000000 0.000000 0.000000 5.533834
42800 429 151.211624 0.000000 1000.000000 2.877671 148.333954 0.000000 0.000000 0.000000 0.000000 6.171134
42900 430 169.759583 0.000000 1000.000000 2.215416 167.544174 0.000000 0.000000 0.000000 0.000000 9.135041
43000 431 155.113129 0.000000 1000.000000 1.885074 153.300934 -0.072869 0.000000 0.000000 0.000000 7.179533
43100 432 152.745209 0.000000 1000.000000 0.221217 152.941010 -0.417028 0.000000 0.000000 0.000000 10.228219
43200 433 153.189056 0.000000 1000.000000 0.937839 152.251221 0.000000 0.000000 0.000000 0.000000 5.436401
43300 434 160.968933 0.000000 1000.000000 0.869228 160.467789 -0.368082 0.000000 0.000000 0.000000 5.098261
43400 435 167.190826 0.000000 1000.000000 0.615738 166.623764 -0.048668 0.000000 0.000000 0.000000 4.455342
43500 436 172.541687 0.000000 1000.000000 0.590732 171.950958 0.000000 0.000000 0.000000 0.000000 6.203404
43600 437 160.071960 0.000000 1000.000000 0.729806 159.402069 -0.059923 0.000000 0.000000 0.000000 7.002488
43700 438 154.653183 0.000000 1000.000000 0.651234 154.001953 0.000000 0.000000 0.000000 0.000000 6.506784
43800 439 159.577362 0.000000 1000.000000 0.775464 158.949051 -0.147160 0.000000 0.000000 0.000000 6.695089
43900 440 151.902374 0.000000 1000.000000 0.425511 151.476868 0.000000 0.000000 0.000000 0.000000 6.890740
44000 441 159.220474 0.000000 1000.000000 0.484924 159.434616 -0.699067 0.000000 0.000000 0.000000 4.133829
44100 442 152.352905 0.000000 1000.000000 1.143014 151.476089 -0.266209 0.000000 0.000000 0.000000 8.624871
44200 443 157.198349 0.000000 1000.000000 1.925521 155.871902 -0.599069 0.000000 0.000000 0.000000 5.303462
44300 444 144.440598 0.000000 1000.000000 0.529529 144.347260 -0.436182 0.000000 0.000000 0.000000 6.404595
44400 445 163.884476 0.000000 1000.000000 1.753374 162.447037 -0.315926 0.000000 0.000000 0.000000 5.754325
44500 446 173.954041 0.000000 1000.000000 1.381177 172.772827 -0.199968 0.000000 0.000000 0.000000 6.408770
44600 447 160.662338 0.000000 1000.000000 0.806405 160.165131 -0.309201 0.000000 0.000000 0.000000 4.382036
44700 448 146.340973 0.000000 1000.000000 1.138107 145.391434 -0.188574 0.000000 0.000000 0.000000 4.865791
44800 449 149.586807 0.000000 1000.000000 1.214420 148.683517 -0.311122 0.000000 0.000000 0.000000 6.660728
44900 450 163.549408 0.000000 1000.000000 1.336595 162.268570 -0.055762 0.000000 0.000000 0.000000 5.323532
45000 451 157.273865 0.000000 1000.000000 0.615628 156.714905 -0.056673 0.000000 0.000000 0.000000 5.912587
45100 452 134.642456 0.000000 1000.000000 0.375145 134.267303 0.000000 0.000000 0.000000 0.000000 5.212996
45200 453 154.905838 0.000000 1000.000000 2.254590 152.911041 -0.259800 0.000000 0.000000 0.000000 6.480698
45300 454 152.988907 0.000000 1000.000000 0.398492 152.590408 0.000000 0.000000 0.000000 0.000000 6.550170
45400 455 133.693192 0.000000 1000.000000 1.684965 132.360489 -0.352262 0.000000 0.000000 0.000000 8.568212
45500 456 143.579163 0.000000 1000.000000 1.207453 142.371704 0.000000 0.000000 0.000000 0.000000 4.238585
45600 457 150.312943 0.000000 1000.000000 0.787250 149.904968 -0.379271 0.000000 0.000000 0.000000 7.526893
45700 458 148.908890 0.000000 1000.000000 0.431518 148.730637 -0.253261 0.000000 0.000000 0.000000 5.573990
45800 459 160.434372 0.000000 1000.000000 1.619333 158.815033 0.000000 0.000000 0.000000 0.000000 6.013735
45900 460 156.511307 0.000000 1000.000000 1.109993 155.451508 -0.050180 0.000000 0.000000 0.000000 6.477362
46000 461 154.070801 0.000000 1000.000000 0.438652 153.632141 0.000000 0.000000 0.000000 0.000000 7.343357
46100 462 132.526443 0.000000 1000.000000 0.626754 131.937134 -0.037442 0.000000 0.000000 0.000000 5.636084
46200 463 128.371246 0.000000 1000.000000 0.864769 127.551666 -0.045183 0.000000 0.000000 0.000000 6.659188
46300 464 130.064163 0.000000 1000.000000 0.786886 129.277283 0.000000 0.000000 0.000000 0.000000 8.727016
46400 465 140.555984 0.000000 1000.000000 1.500358 139.055634 0.000000 0.000000 0.000000 0.000000 8.505569
46500 466 143.989197 0.000000 1000.000000 1.850252 142.184326 -0.045382 0.000000 0.000000 0.000000 5.901998
46600 467 154.579865 0.000000 1000.000000 1.061673 153.518188 0.000000 0.000000 0.000000 0.000000 5.495279
46700 468 142.343887 0.000000 1000.000000 0.697090 141.646805 0.000000 0.000000 0.000000 0.000000 5.149360
46800 469 151.937393 0.000000 1000.000000 0.740663 151.374161 -0.177433 0.000000 0.000000 0.000000 7.052313
46900 470 159.108047 0.000000 1000.000000 0.733239 158.550156 -0.175358 0.000000 0.000000 0.000000 6.308572
47000 471 151.323105 0.000000 1000.000000 0.278024 151.544327 -0.499248 0.000000 0.000000 0.000000 7.416393
47100 472 151.047012 0.000000 1000.000000 1.605148 149.636475 -0.194611 0.000000 0.000000 0.000000 7.659101
47200 473 133.763489 0.000000 1000.000000 0.786024 133.234634 -0.257166 0.000000 0.000000 0.000000 7.766867
47300 474 127.589882 0.000000 1000.000000 0.704417 126.956352 -0.070886 0.000000 0.000000 0.000000 13.877357
47400 475 142.619446 0.000000 1000.000000 0.109724 142.598892 -0.089174 0.000000 0.000000 0.000000 12.319418
47500 476 148.697617 0.000000 1000.000000 0.603201 148.094421 0.000000 0.000000 0.000000 0.000000 10.528162
47600 477 130.735107 0.000000 1000.000000 1.031932 129.791946 -0.088769 0.000000 0.000000 0.000000 11.309566
47700 478 142.248444 0.000000 1000.000000 1.320512 140.927933 0.000000 0.000000 0.000000 0.000000 9.702059
47800 479 156.006165 0.000000 1000.000000 0.939251 155.120377 -0.053466 0.000000 0.000000 0.000000 8.433043
47900 480 150.267410 0.000000 1000.000000 2.196877 148.109604 -0.039082 0.000000 0.000000 0.000000 7.659307
48000 481 160.995682 0.000000 1000.000000 2.152812 158.842865 0.000000 0.000000 0.000000 0.000000 7.763671
48100 482 154.498947 0.000000 1000.000000 2.365612 152.270706 -0.137372 0.000000 0.000000 0.000000 6.866288
48200 483 142.594635 0.000000 1000.000000 0.460117 142.367996 -0.233479 0.000000 0.000000 0.000000 7.545489
48300 484 143.413223 0.000000 1000.000000 0.276614 143.325394 -0.188776 0.000000 0.000000 0.000000 7.343071
48400 485 168.097733 0.000000 1000.000000 1.593777 166.503952 0.000000 0.000000 0.000000 0.000000 6.166382
48500 486 166.052475 0.000000 1000.000000 0.647602 165.719849 -0.314969 0.000000 0.000000 0.000000 5.268127
48600 487 159.344849 0.000000 1000.000000 1.587164 158.223816 -0.466123 0.000000 0.000000 0.000000 5.492882
48700 488 162.910309 0.000000 1000.000000 0.460732 162.829971 -0.380405 0.000000 0.000000 0.000000 4.583768
48800 489 153.247589 0.000000 1000.000000 0.642699 153.166824 -0.561939 0.000000 0.000000 0.000000 5.002165
48900 490 161.292953 0.000000 1000.000000 0.315447 160.977509 0.000000 0.000000 0.000000 0.000000 4.480171
49000 491 158.456299 0.000000 1000.000000 0.951647 158.273987 -0.769325 0.000000 0.000000 0.000000 4.859538
49100 492 143.364914 0.000000 1000.000000 0.693772 142.671143 0.000000 0.000000 0.000000 0.000000 8.467162
49200 493 152.583786 0.000000 1000.000000 1.506852 151.076935 0.000000 0.000000 0.000000 0.000000 4.619491
49300 494 155.928085 0.000000 1000.000000 2.143954 154.343567 -0.559432 0.000000 0.000000 0.000000 6.267567
49400 495 132.607147 0.000000 1000.000000 2.017117 131.258408 -0.668387 0.000000 0.000000 0.000000 5.659561
49500 496 153.773102 0.000000 1000.000000 2.248322 151.524780 0.000000 0.000000 0.000000 0.000000 6.625293
49600 497 140.636230 0.000000 1000.000000 1.967723 138.708313 -0.039812 0.000000 0.000000 0.000000 6.518331
49700 498 141.383667 0.000000 1000.000000 0.607240 141.089813 -0.313391 0.000000 0.000000 0.000000 7.025529
49800 499 143.030457 0.000000 1000.000000 0.310963 142.719498 0.000000 0.000000 0.000000 0.000000 5.062712
49900 500 131.187592 0.000000 1000.000000 0.661518 130.576385 -0.050314 0.000000 0.000000 0.000000 4.779893
50000 501 139.453598 0.000000 1000.000000 0.254748 139.198853 0.000000 0.000000 0.000000 0.000000 6.523301
