1 1 216.515427 0.000000 1000.000000 0.148546 218.150070 -1.783182 0.000000 0.000000 0.000000 1.622915
100 2 219.178116 0.000000 1000.000000 4.100062 215.483871 -0.405822 0.000000 0.000000 0.000000 9.878144
200 3 196.276764 0.000000 1000.000000 1.263957 195.815582 -0.802787 0.000000 0.000000 0.000000 6.362263
300 4 196.431305 0.000000 1000.000000 0.816646 196.064621 -0.449973 0.000000 0.000000 0.000000 6.846103
400 5 207.832397 0.000000 1000.000000 0.940783 206.994537 -0.102918 0.000000 0.000000 0.000000 9.339520
500 6 194.924973 0.000000 1000.000000 0.922724 199.945419 -2.150526 -3.792643 0.000000 0.000000 5.791263
600 7 196.313446 0.000000 1000.000000 0.509519 195.997650 -0.193728 0.000000 0.000000 0.000000 7.936097
700 8 182.949966 0.000000 1000.000000 1.222008 183.362106 -0.540796 -1.093358 0.000000 0.000000 8.375991
800 9 189.285080 0.000000 1000.000000 0.200078 189.085007 0.000000 0.000000 0.000000 0.000000 9.201472
900 10 192.461639 0.000000 1000.000000 0.443020 192.018616 0.000000 0.000000 0.000000 0.000000 7.838412
1000 11 185.981064 0.000000 1000.000000 0.454228 185.526840 0.000000 0.000000 0.000000 0.000000 8.319732
1100 12 209.136719 0.000000 1000.000000 0.913034 208.486252 -0.262577 0.000000 0.000000 0.000000 7.564143
1200 13 214.250168 0.000000 1000.000000 1.166318 213.145859 -0.062013 0.000000 0.000000 0.000000 6.278364
1300 14 179.783707 0.000000 1000.000000 0.594288 180.010529 -0.821108 0.000000 0.000000 0.000000 7.627346
1400 15 167.349869 0.000000 1000.000000 0.363133 167.451584 -0.464850 0.000000 0.000000 0.000000 6.657678
1500 16 190.629868 0.000000 1000.000000 0.851094 193.914444 -1.022286 -3.113368 0.000000 0.000000 7.421805
1600 17 189.229477 0.000000 1000.000000 0.459112 189.088852 -0.318480 0.000000 0.000000 0.000000 6.950030
1700 18 179.175751 0.000000 1000.000000 1.485155 175.913025 -0.651663 2.429227 0.000000 0.000000 6.473707
1800 19 193.744156 0.000000 1000.000000 0.378895 194.026901 -0.661632 0.000000 0.000000 0.000000 8.173833
1900 20 196.228683 0.000000 1000.000000 1.659786 194.568893 0.000000 0.000000 0.000000 0.000000 10.663103
2000 21 202.992508 0.000000 1000.000000 1.078121 201.914383 0.000000 0.000000 0.000000 0.000000 6.787610
2100 22 183.870529 0.000000 1000.000000 0.446606 183.423920 0.000000 0.000000 0.000000 0.000000 6.013497
2200 23 219.029495 0.000000 1000.000000 0.378150 218.651352 0.000000 0.000000 0.000000 0.000000 8.087055
2300 24 188.407104 0.000000 1000.000000 1.925822 187.291000 -0.809729 0.000000 0.000000 0.000000 7.470192
2400 25 170.763062 0.000000 1000.000000 0.880318 170.223251 -0.340512 0.000000 0.000000 0.000000 6.800137
2500 26 172.747711 0.000000 1000.000000 1.596582 171.576309 -0.425188 0.000000 0.000000 0.000000 13.229147
2600 27 194.571457 0.000000 1000.000000 0.363593 194.249603 -0.041732 0.000000 0.000000 0.000000 10.950460
2700 28 175.231522 0.000000 1000.000000 2.033356 173.245682 -0.047516 0.000000 0.000000 0.000000 10.022251
2800 29 173.660202 0.000000 1000.000000 1.292324 172.875320 -0.507442 0.000000 0.000000 0.000000 5.302505
2900 30 190.288635 0.000000 1000.000000 1.282520 189.174042 -0.167916 0.000000 0.000000 0.000000 9.829823
3000 31 174.868607 0.000000 1000.000000 2.076912 173.391266 -0.599581 0.000000 0.000000 0.000000 5.834679
3100 32 188.191269 0.000000 1000.000000 1.094769 187.096497 0.000000 0.000000 0.000000 0.000000 7.106129
3200 33 178.680954 0.000000 1000.000000 0.434468 178.246490 0.000000 0.000000 0.000000 0.000000 7.907000
3300 34 175.263824 0.000000 1000.000000 0.469265 174.794556 0.000000 0.000000 0.000000 0.000000 11.877748
3400 35 179.693161 0.000000 1000.000000 2.112578 178.685471 -1.104888 0.000000 0.000000 0.000000 9.431940
3500 36 175.708664 0.000000 1000.000000 1.461045 174.247620 0.000000 0.000000 0.000000 0.000000 7.380556
3600 37 174.645752 0.000000 1000.000000 1.683674 173.552383 -0.590300 0.000000 0.000000 0.000000 9.370932
3700 38 171.483353 0.000000 1000.000000 0.954524 170.528824 0.000000 0.000000 0.000000 0.000000 7.017591
3800 39 165.995651 0.000000 1000.000000 1.687303 164.308350 0.000000 0.000000 0.000000 0.000000 5.954634
3900 40 178.051804 0.000000 1000.000000 1.007766 177.044037 0.000000 0.000000 0.000000 0.000000 7.538707
4000 41 167.152908 0.000000 1000.000000 0.870358 166.282547 0.000000 0.000000 0.000000 0.000000 8.191632
4100 42 170.596390 0.000000 1000.000000 1.945731 168.650665 0.000000 0.000000 0.000000 0.000000 8.936798
4200 43 181.792023 0.000000 1000.000000 1.746641 180.045380 0.000000 0.000000 0.000000 0.000000 7.631172
4300 44 176.547775 0.000000 1000.000000 0.813181 176.357742 -0.623147 0.000000 0.000000 0.000000 5.673363
4400 45 167.861649 0.000000 1000.000000 1.083111 167.238785 -0.460252 0.000000 0.000000 0.000000 9.174771
4500 46 166.288086 0.000000 1000.000000 1.310683 164.977402 0.000000 0.000000 0.000000 0.000000 10.722097
4600 47 167.561096 0.000000 1000.000000 0.721301 166.891037 -0.051232 0.000000 0.000000 0.000000 10.545956
4700 48 180.640640 0.000000 1000.000000 0.324897 180.315750 0.000000 0.000000 0.000000 0.000000 11.282600
4800 49 185.272736 0.000000 1000.000000 0.492393 186.089478 -1.309122 0.000000 0.000000 0.000000 5.970391
4900 50 181.877960 0.000000 1000.000000 0.527292 181.952454 -0.601786 0.000000 0.000000 0.000000 7.540644
5000 51 178.735535 0.000000 1000.000000 1.295826 178.202240 -0.762523 0.000000 0.000000 0.000000 7.753541
5100 52 180.319702 0.000000 1000.000000 0.343225 179.976471 0.000000 0.000000 0.000000 0.000000 5.257593
5200 53 167.610992 0.000000 1000.000000 0.338712 167.272278 0.000000 0.000000 0.000000 0.000000 7.232543
5300 54 190.893341 0.000000 1000.000000 1.453717 189.501556 -0.061933 0.000000 0.000000 0.000000 11.047533
5400 55 193.397873 0.000000 1000.000000 1.061041 192.971756 -0.634921 0.000000 0.000000 0.000000 6.799410
5500 56 181.318649 0.000000 1000.000000 0.364419 180.954224 0.000000 0.000000 0.000000 0.000000 7.487306
5600 57 178.484131 0.000000 1000.000000 0.672152 177.850021 -0.038036 0.000000 0.000000 0.000000 9.161859
5700 58 174.043304 0.000000 1000.000000 0.855392 173.187912 0.000000 0.000000 0.000000 0.000000 8.200853
5800 59 183.669022 0.000000 1000.000000 0.289054 183.379974 0.000000 0.000000 0.000000 0.000000 7.654784
5900 60 176.225235 0.000000 1000.000000 0.835959 175.389282 0.000000 0.000000 0.000000 0.000000 8.607289
6000 61 175.934753 0.000000 1000.000000 0.546725 175.416275 -0.028248 0.000000 0.000000 0.000000 7.188448
6100 62 189.492172 0.000000 1000.000000 2.597550 186.997726 -0.103106 0.000000 0.000000 0.000000 9.274179
6200 63 190.885468 0.000000 1000.000000 0.831708 190.257690 -0.203934 0.000000 0.000000 0.000000 8.447331
6300 64 176.422501 0.000000 1000.000000 0.488154 176.812469 -0.878125 0.000000 0.000000 0.000000 10.575523
6400 65 225.741379 0.000000 1000.000000 1.203927 188.400894 -0.456025 36.592575 0.000000 0.000000 8.038424
6500 66 167.972794 0.000000 1000.000000 0.449818 167.601517 -0.078533 0.000000 0.000000 0.000000 9.499918
6600 67 190.922882 0.000000 1000.000000 0.570009 190.654358 -0.301484 0.000000 0.000000 0.000000 8.843616
6700 68 183.018219 0.000000 1000.000000 0.970884 182.047333 0.000000 0.000000 0.000000 0.000000 8.798408
6800 69 176.592590 0.000000 1000.000000 0.465552 176.703018 -0.575980 0.000000 0.000000 0.000000 10.060429
6900 70 188.334442 0.000000 1000.000000 0.270130 188.064316 0.000000 0.000000 0.000000 0.000000 7.591627
7000 71 179.761765 0.000000 1000.000000 1.006725 179.418335 -0.519216 -0.144084 0.000000 0.000000 6.315335
7100 72 189.896027 0.000000 1000.000000 0.309599 189.586426 0.000000 0.000000 0.000000 0.000000 6.297360
7200 73 177.169006 0.000000 1000.000000 0.531059 176.637955 0.000000 0.000000 0.000000 0.000000 6.373288
7300 74 167.367432 0.000000 1000.000000 0.477180 166.890259 0.000000 0.000000 0.000000 0.000000 8.665662
7400 75 175.160782 0.000000 1000.000000 0.400303 174.917969 -0.157479 0.000000 0.000000 0.000000 6.943541
7500 76 175.351944 0.000000 1000.000000 1.675361 174.543076 -0.418006 -0.448487 0.000000 0.000000 8.687488
7600 77 184.455917 0.000000 1000.000000 0.892574 183.643967 -0.080624 0.000000 0.000000 0.000000 9.758240
7700 78 169.816498 0.000000 1000.000000 0.248176 169.568329 0.000000 0.000000 0.000000 0.000000 8.868172
7800 79 189.766891 0.000000 1000.000000 0.313190 189.453705 0.000000 0.000000 0.000000 0.000000 9.482189
7900 80 199.951675 0.000000 1000.000000 0.384999 199.566681 0.000000 0.000000 0.000000 0.000000 8.974600
8000 81 192.610275 0.000000 1000.000000 0.933571 191.836990 -0.160289 0.000000 0.000000 0.000000 8.705539
8100 82 191.330078 0.000000 1000.000000 3.230482 188.099594 0.000000 0.000000 0.000000 0.000000 7.248312
8200 83 179.377502 0.000000 1000.000000 0.900984 178.685471 -0.208948 0.000000 0.000000 0.000000 6.451956
8300 84 190.653412 0.000000 1000.000000 0.689192 190.136826 -0.172612 0.000000 0.000000 0.000000 7.887863
8400 85 177.144760 0.000000 1000.000000 0.238204 177.286575 -0.380014 0.000000 0.000000 0.000000 6.758555
8500 86 190.079788 0.000000 1000.000000 0.745641 189.698380 -0.364222 0.000000 0.000000 0.000000 7.028533
8600 87 194.989670 0.000000 1000.000000 1.846406 193.827469 -0.684210 0.000000 0.000000 0.000000 6.349881
8700 88 187.760056 0.000000 1000.000000 0.422047 187.338013 0.000000 0.000000 0.000000 0.000000 5.794061
8800 89 209.132706 0.000000 1000.000000 2.696610 207.020828 -0.584729 0.000000 0.000000 0.000000 6.627170
8900 90 172.175018 0.000000 1000.000000 0.605272 172.038269 -0.468526 0.000000 0.000000 0.000000 7.412292
9000 91 167.003586 0.000000 1000.000000 0.805534 166.794540 -0.596477 0.000000 0.000000 0.000000 7.394862
9100 92 155.076141 0.000000 1000.000000 0.347629 155.705811 -0.977297 0.000000 0.000000 0.000000 6.710754
9200 93 170.393829 0.000000 1000.000000 1.663923 168.729904 0.000000 0.000000 0.000000 0.000000 7.149950
9300 94 179.939621 0.000000 1000.000000 0.520040 179.419586 0.000000 0.000000 0.000000 0.000000 7.613849
9400 95 195.428665 0.000000 1000.000000 0.387823 195.040848 0.000000 0.000000 0.000000 0.000000 8.056314
9500 96 161.309647 0.000000 1000.000000 0.336867 161.046722 -0.073950 0.000000 0.000000 0.000000 8.428584
9600 97 169.350250 0.000000 1000.000000 1.120998 168.229248 0.000000 0.000000 0.000000 0.000000 7.634331
9700 98 179.617630 0.000000 1000.000000 1.067274 178.550354 0.000000 0.000000 0.000000 0.000000 7.780283
9800 99 157.964447 0.000000 1000.000000 0.695507 157.334747 -0.065805 0.000000 0.000000 0.000000 8.915634
9900 100 172.307617 0.000000 1000.000000 0.816608 171.491013 0.000000 0.000000 0.000000 0.000000 7.158882
10000 101 170.979752 0.000000 1000.000000 0.306152 170.673599 0.000000 0.000000 0.000000 0.000000 9.808599
10100 102 174.637939 0.000000 1000.000000 0.285966 174.691483 -0.339502 0.000000 0.000000 0.000000 7.593309
10200 103 175.506821 0.000000 1000.000000 0.681565 174.870972 -0.045710 0.000000 0.000000 0.000000 8.821272
10300 104 150.650497 0.000000 1000.000000 0.246488 150.966797 -0.562790 0.000000 0.000000 0.000000 10.800858
10400 105 152.538208 0.000000 1000.000000 1.271103 151.786774 -0.519661 0.000000 0.000000 0.000000 9.208360
10500 106 163.730072 0.000000 1000.000000 0.248286 163.553085 -0.071307 0.000000 0.000000 0.000000 7.179126
10600 107 158.594666 0.000000 1000.000000 1.150578 157.476212 -0.032118 0.000000 0.000000 0.000000 10.831234
10700 108 153.654343 0.000000 1000.000000 0.576051 153.078293 0.000000 0.000000 0.000000 0.000000 11.703012
10800 109 149.742325 0.000000 1000.000000 0.949749 148.792572 0.000000 0.000000 0.000000 0.000000 11.464888
10900 110 202.021851 0.000000 1000.000000 1.408156 200.613693 0.000000 0.000000 0.000000 0.000000 5.584650
11000 111 172.095154 0.000000 1000.000000 1.125816 171.573730 -0.604389 0.000000 0.000000 0.000000 7.928861
11100 112 168.229080 0.000000 1000.000000 1.709878 166.661514 -0.142320 0.000000 0.000000 0.000000 8.468546
11200 113 174.738129 0.000000 1000.000000 0.769800 174.138306 -0.169976 0.000000 0.000000 0.000000 9.987413
11300 114 179.312103 0.000000 1000.000000 0.713911 178.761002 -0.162818 0.000000 0.000000 0.000000 7.680727
11400 115 163.409988 0.000000 1000.000000 2.358187 161.228058 -0.176250 0.000000 0.000000 0.000000 7.981005
11500 116 159.091843 0.000000 1000.000000 0.418425 158.711761 -0.038338 0.000000 0.000000 0.000000 8.221177
11600 117 170.961548 0.000000 1000.000000 0.290075 170.702850 -0.031369 0.000000 0.000000 0.000000 7.840558
11700 118 162.473694 0.000000 1000.000000 0.351463 162.122238 0.000000 0.000000 0.000000 0.000000 7.263814
11800 119 152.685043 0.000000 1000.000000 0.675169 152.290909 -0.281038 0.000000 0.000000 0.000000 7.229750
11900 120 166.050446 0.000000 1000.000000 0.376751 166.499527 -0.825836 0.000000 0.000000 0.000000 7.826159
12000 121 163.548798 0.000000 1000.000000 0.639093 163.446411 -0.536706 0.000000 0.000000 0.000000 8.731733
12100 122 166.166626 0.000000 1000.000000 1.879966 164.838104 -0.551433 0.000000 0.000000 0.000000 8.611801
12200 123 155.225784 0.000000 1000.000000 0.981064 154.284286 -0.039563 0.000000 0.000000 0.000000 7.562863
12300 124 174.376053 0.000000 1000.000000 0.497654 173.985184 -0.106778 0.000000 0.000000 0.000000 8.912689
12400 125 183.253784 0.000000 1000.000000 0.397856 182.855927 0.000000 0.000000 0.000000 0.000000 7.634179
12500 126 179.516037 0.000000 1000.000000 1.828083 177.726974 -0.039012 0.000000 0.000000 0.000000 6.958014
12600 127 169.377762 0.000000 1000.000000 0.425032 168.952728 0.000000 0.000000 0.000000 0.000000 7.419791
12700 128 170.746155 0.000000 1000.000000 0.626513 170.162277 -0.042637 0.000000 0.000000 0.000000 7.937392
12800 129 160.631470 0.000000 1000.000000 1.069346 159.562119 0.000000 0.000000 0.000000 0.000000 7.164227
12900 130 165.227051 0.000000 1000.000000 0.608103 164.822281 -0.203341 0.000000 0.000000 0.000000 7.620303
13000 131 183.415771 0.000000 1000.000000 0.508871 183.580368 -0.673460 0.000000 0.000000 0.000000 7.924573
13100 132 163.779526 0.000000 1000.000000 1.170957 162.955063 -0.346502 0.000000 0.000000 0.000000 6.195244
13200 133 160.063934 0.000000 1000.000000 0.271160 159.899597 -0.106833 0.000000 0.000000 0.000000 9.791813
13300 134 165.536026 0.000000 1000.000000 0.306705 165.366638 -0.137318 0.000000 0.000000 0.000000 10.262705
13400 135 180.072113 0.000000 1000.000000 0.470916 179.601196 0.000000 0.000000 0.000000 0.000000 7.083835
13500 136 166.599869 0.000000 1000.000000 1.102141 165.565842 -0.068109 0.000000 0.000000 0.000000 8.998732
13600 137 174.815781 0.000000 1000.000000 0.333142 174.739059 -0.256421 0.000000 0.000000 0.000000 12.477341
13700 138 147.029755 0.000000 1000.000000 0.188367 147.411133 -0.569755 0.000000 0.000000 0.000000 9.417472
13800 139 172.562332 0.000000 1000.000000 1.567669 171.058563 -0.063907 0.000000 0.000000 0.000000 10.871033
13900 140 165.430557 0.000000 1000.000000 1.246783 164.183777 0.000000 0.000000 0.000000 0.000000 10.556100
14000 141 168.378540 0.000000 1000.000000 1.375942 167.002594 0.000000 0.000000 0.000000 0.000000 10.906816
14100 142 160.268280 0.000000 1000.000000 0.454500 160.367630 -0.553850 0.000000 0.000000 0.000000 10.249937
14200 143 171.650192 0.000000 1000.000000 1.897788 169.805756 -0.053352 0.000000 0.000000 0.000000 11.066107
14300 144 158.835754 0.000000 1000.000000 0.220512 158.615250 0.000000 0.000000 0.000000 0.000000 11.731805
14400 145 159.620163 0.000000 1000.000000 1.169849 158.450317 0.000000 0.000000 0.000000 0.000000 11.785869
14500 146 163.322891 0.000000 1000.000000 2.619817 160.703079 0.000000 0.000000 0.000000 0.000000 12.187679
14600 147 162.510193 0.000000 1000.000000 0.776708 161.733490 0.000000 0.000000 0.000000 0.000000 10.441088
14700 148 172.614014 0.000000 1000.000000 1.845176 170.768845 0.000000 0.000000 0.000000 0.000000 11.148111
14800 149 164.107361 0.000000 1000.000000 0.392084 163.715271 0.000000 0.000000 0.000000 0.000000 11.891158
14900 150 166.952744 0.000000 1000.000000 0.701127 166.251617 0.000000 0.000000 0.000000 0.000000 8.531850
15000 151 154.677948 0.000000 1000.000000 1.523480 153.154465 0.000000 0.000000 0.000000 0.000000 10.311711
15100 152 156.587753 0.000000 1000.000000 0.442263 156.298264 -0.152774 0.000000 0.000000 0.000000 10.556929
15200 153 171.946182 0.000000 1000.000000 1.382931 170.563248 0.000000 0.000000 0.000000 0.000000 9.779575
15300 154 159.960175 0.000000 1000.000000 0.787127 159.173050 0.000000 0.000000 0.000000 0.000000 8.892420
15400 155 149.168472 0.000000 1000.000000 0.902404 148.347229 -0.081164 0.000000 0.000000 0.000000 10.484657
15500 156 159.138290 0.000000 1000.000000 3.191817 155.997833 -0.051357 0.000000 0.000000 0.000000 9.847917
15600 157 134.923508 0.000000 1000.000000 0.955243 134.026184 -0.057922 0.000000 0.000000 0.000000 11.823591
15700 158 154.198212 0.000000 1000.000000 0.153503 154.044708 0.000000 0.000000 0.000000 0.000000 9.206184
15800 159 161.686111 0.000000 1000.000000 0.700918 160.985199 0.000000 0.000000 0.000000 0.000000 11.600032
15900 160 151.841446 0.000000 1000.000000 1.924939 149.965088 -0.048580 0.000000 0.000000 0.000000 11.191506
16000 161 170.202866 0.000000 1000.000000 0.659417 169.543442 0.000000 0.000000 0.000000 0.000000 13.190470
16100 162 153.097214 0.000000 1000.000000 2.763159 150.568893 -0.234840 0.000000 0.000000 0.000000 9.235559
16200 163 148.636337 0.000000 1000.000000 0.720693 147.915649 0.000000 0.000000 0.000000 0.000000 11.276570
16300 164 173.662140 0.000000 1000.000000 0.414101 173.691971 -0.443943 0.000000 0.000000 0.000000 8.578516
16400 165 166.093414 0.000000 1000.000000 0.345333 166.293152 -0.545076 0.000000 0.000000 0.000000 9.780239
16500 166 242.779770 0.000000 1000.000000 1.203874 170.814514 -0.863040 71.624420 0.000000 0.000000 10.126648
16600 167 179.772034 0.000000 1000.000000 0.306006 179.466034 0.000000 0.000000 0.000000 0.000000 8.143749
16700 168 156.926178 0.000000 1000.000000 0.879901 156.046280 0.000000 0.000000 0.000000 0.000000 9.886155
16800 169 166.797073 0.000000 1000.000000 0.962262 166.076965 -0.242158 0.000000 0.000000 0.000000 8.518423
16900 170 150.471924 0.000000 1000.000000 0.509821 150.072708 -0.110606 0.000000 0.000000 0.000000 11.158194
17000 171 146.495712 0.000000 1000.000000 0.691881 146.388138 -0.584300 0.000000 0.000000 0.000000 9.731800
17100 172 176.714035 0.000000 1000.000000 0.876006 175.838028 0.000000 0.000000 0.000000 0.000000 9.156397
17200 173 156.458374 0.000000 1000.000000 0.987078 155.548813 -0.077512 0.000000 0.000000 0.000000 11.369188
17300 174 151.812180 0.000000 1000.000000 0.772510 151.636200 -0.596531 0.000000 0.000000 0.000000 10.217854
17400 175 153.885178 0.000000 1000.000000 2.101535 151.868378 -0.084737 0.000000 0.000000 0.000000 10.353658
17500 176 169.931747 0.000000 1000.000000 1.676598 168.326324 -0.071182 0.000000 0.000000 0.000000 11.445098
17600 177 155.635834 0.000000 1000.000000 1.129239 154.581375 -0.074783 0.000000 0.000000 0.000000 11.315639
17700 178 174.104370 0.000000 1000.000000 0.635005 173.469360 0.000000 0.000000 0.000000 0.000000 13.734107
17800 179 155.948395 0.000000 1000.000000 1.402879 155.366272 -0.820753 0.000000 0.000000 0.000000 7.318494
17900 180 171.983841 0.000000 1000.000000 1.763819 170.323700 -0.103689 0.000000 0.000000 0.000000 9.620681
18000 181 162.568130 0.000000 1000.000000 1.876283 160.691849 0.000000 0.000000 0.000000 0.000000 10.158342
18100 182 144.110321 0.000000 1000.000000 1.206506 142.903809 0.000000 0.000000 0.000000 0.000000 9.250015
18200 183 161.939407 0.000000 1000.000000 1.810197 160.129211 0.000000 0.000000 0.000000 0.000000 7.867716
18300 184 166.751953 0.000000 1000.000000 2.508837 164.243118 0.000000 0.000000 0.000000 0.000000 8.644101
18400 185 169.336929 0.000000 1000.000000 0.556090 168.780838 0.000000 0.000000 0.000000 0.000000 8.020171
18500 186 156.541290 0.000000 1000.000000 0.916226 155.625061 0.000000 0.000000 0.000000 0.000000 9.132282
18600 187 158.070969 0.000000 1000.000000 0.645574 157.585464 -0.160059 0.000000 0.000000 0.000000 15.031805
18700 188 159.196609 0.000000 1000.000000 0.186630 159.055634 -0.045658 0.000000 0.000000 0.000000 8.305121
18800 189 158.597290 0.000000 1000.000000 1.088675 157.508621 0.000000 0.000000 0.000000 0.000000 9.583118
18900 190 154.367676 0.000000 1000.000000 0.423963 153.943710 0.000000 0.000000 0.000000 0.000000 9.475900
19000 191 152.886780 0.000000 1000.000000 1.070276 151.816498 0.000000 0.000000 0.000000 0.000000 9.817692
19100 192 161.310822 0.000000 1000.000000 0.314398 161.085281 -0.088857 0.000000 0.000000 0.000000 9.928607
19200 193 153.353333 0.000000 1000.000000 0.711470 153.062897 -0.421029 0.000000 0.000000 0.000000 8.576602
19300 194 162.391205 0.000000 1000.000000 0.465209 161.989761 -0.063768 0.000000 0.000000 0.000000 9.659785
19400 195 151.078598 0.000000 1000.000000 1.143029 149.935562 0.000000 0.000000 0.000000 0.000000 12.270632
19500 196 148.885742 0.000000 1000.000000 0.311790 148.667252 -0.093294 0.000000 0.000000 0.000000 10.836248
19600 197 159.205109 0.000000 1000.000000 2.907290 156.630737 -0.332913 0.000000 0.000000 0.000000 6.366930
19700 198 160.462997 0.000000 1000.000000 0.696990 159.904526 -0.138518 0.000000 0.000000 0.000000 10.750770
19800 199 145.488449 0.000000 1000.000000 0.836926 144.651520 0.000000 0.000000 0.000000 0.000000 15.073059
19900 200 139.600037 0.000000 1000.000000 0.716336 138.883698 0.000000 0.000000 0.000000 0.000000 10.763762
20000 201 147.527695 0.000000 1000.000000 1.424926 146.408554 -0.305788 0.000000 0.000000 0.000000 8.470795
20100 202 151.388077 0.000000 1000.000000 0.163083 151.224991 0.000000 0.000000 0.000000 0.000000 9.018579
20200 203 154.698776 0.000000 1000.000000 0.524742 154.174042 0.000000 0.000000 0.000000 0.000000 10.675192
20300 204 151.909943 0.000000 1000.000000 1.354551 150.555389 0.000000 0.000000 0.000000 0.000000 9.810831
20400 205 166.357162 0.000000 1000.000000 1.750057 164.688446 -0.081349 0.000000 0.000000 0.000000 9.721985
20500 206 146.329407 0.000000 1000.000000 0.796135 146.075607 -0.542331 0.000000 0.000000 0.000000 8.299929
20600 207 171.827744 0.000000 1000.000000 0.937550 175.081451 -0.670595 -3.520656 0.000000 0.000000 8.668868
20700 208 162.456039 0.000000 1000.000000 0.904627 161.958389 -0.406987 0.000000 0.000000 0.000000 9.888267
20800 209 161.622513 0.000000 1000.000000 0.633835 160.988678 0.000000 0.000000 0.000000 0.000000 8.561601
20900 210 166.782013 0.000000 1000.000000 0.313084 166.468933 0.000000 0.000000 0.000000 0.000000 8.179379
21000 211 162.262115 0.000000 1000.000000 0.135067 162.127045 0.000000 0.000000 0.000000 0.000000 7.392859
21100 212 158.099457 0.000000 1000.000000 1.605706 156.493744 0.000000 0.000000 0.000000 0.000000 11.282410
21200 213 158.398010 0.000000 1000.000000 1.449775 156.981628 -0.033387 0.000000 0.000000 0.000000 11.305204
21300 214 152.047760 0.000000 1000.000000 0.909212 151.138550 0.000000 0.000000 0.000000 0.000000 12.056967
21400 215 158.565750 0.000000 1000.000000 1.762665 157.012344 -0.209257 0.000000 0.000000 0.000000 7.655735
21500 216 161.228317 0.000000 1000.000000 0.494429 160.733887 0.000000 0.000000 0.000000 0.000000 11.240265
21600 217 160.143585 0.000000 1000.000000 0.328649 159.814941 0.000000 0.000000 0.000000 0.000000 8.264182
21700 218 177.642075 0.000000 1000.000000 0.402382 177.279434 -0.039742 0.000000 0.000000 0.000000 10.220934
21800 219 151.754517 0.000000 1000.000000 1.174990 150.579529 0.000000 0.000000 0.000000 0.000000 9.366761
21900 220 157.642578 0.000000 1000.000000 0.205187 157.437393 0.000000 0.000000 0.000000 0.000000 7.551487
22000 221 185.164825 0.000000 1000.000000 1.020238 184.178513 -0.033915 0.000000 0.000000 0.000000 8.163712
22100 222 181.764877 0.000000 1000.000000 2.758147 179.494492 -0.487768 0.000000 0.000000 0.000000 7.946705
22200 223 166.845764 0.000000 1000.000000 1.347875 165.497894 0.000000 0.000000 0.000000 0.000000 8.048961
22300 224 169.557770 0.000000 1000.000000 0.427400 169.130371 0.000000 0.000000 0.000000 0.000000 8.689124
22400 225 159.389862 0.000000 1000.000000 0.858176 158.531693 0.000000 0.000000 0.000000 0.000000 8.461285
22500 226 183.365128 0.000000 1000.000000 1.991350 181.373779 0.000000 0.000000 0.000000 0.000000 8.242313
22600 227 159.785202 0.000000 1000.000000 0.808411 158.976791 0.000000 0.000000 0.000000 0.000000 9.302956
22700 228 151.270554 0.000000 1000.000000 1.144548 150.126007 0.000000 0.000000 0.000000 0.000000 9.603019
22800 229 162.360931 0.000000 1000.000000 1.776159 160.584778 0.000000 0.000000 0.000000 0.000000 10.787421
22900 230 141.104538 0.000000 1000.000000 0.690164 140.414368 0.000000 0.000000 0.000000 0.000000 14.259487
23000 231 142.047470 0.000000 1000.000000 1.924414 140.558945 -0.435875 0.000000 0.000000 0.000000 10.735696
23100 232 161.103561 0.000000 1000.000000 0.261843 160.841721 0.000000 0.000000 0.000000 0.000000 11.047177
23200 233 155.826675 0.000000 1000.000000 0.954045 154.925812 -0.053179 0.000000 0.000000 0.000000 9.798862
23300 234 166.460770 0.000000 1000.000000 1.003203 165.536636 -0.079078 0.000000 0.000000 0.000000 11.626451
23400 235 153.840256 0.000000 1000.000000 0.733760 153.106491 0.000000 0.000000 0.000000 0.000000 11.425994
23500 236 141.151337 0.000000 1000.000000 1.033138 140.118195 0.000000 0.000000 0.000000 0.000000 13.019777
23600 237 154.458435 0.000000 1000.000000 0.364276 154.582428 -0.488265 0.000000 0.000000 0.000000 12.086988
23700 238 157.474472 0.000000 1000.000000 0.253898 157.220581 0.000000 0.000000 0.000000 0.000000 12.879589
23800 239 159.024231 0.000000 1000.000000 1.073193 158.116806 -0.165774 0.000000 0.000000 0.000000 13.238725
23900 240 148.277145 0.000000 1000.000000 1.351897 146.925247 0.000000 0.000000 0.000000 0.000000 11.234859
24000 241 161.183380 0.000000 1000.000000 2.468145 158.715240 0.000000 0.000000 0.000000 0.000000 13.359302
24100 242 146.115982 0.000000 1000.000000 1.145776 144.970200 0.000000 0.000000 0.000000 0.000000 8.969863
24200 243 149.955276 0.000000 1000.000000 2.097622 147.857651 0.000000 0.000000 0.000000 0.000000 11.236449
24300 244 156.428772 0.000000 1000.000000 3.002722 153.426056 0.000000 0.000000 0.000000 0.000000 9.378060
24400 245 155.455322 0.000000 1000.000000 1.829122 153.626205 0.000000 0.000000 0.000000 0.000000 7.510945
24500 246 145.634399 0.000000 1000.000000 0.929404 144.914703 -0.209695 0.000000 0.000000 0.000000 9.736925
24600 247 166.240784 0.000000 1000.000000 1.092780 165.148010 0.000000 0.000000 0.000000 0.000000 10.933687
24700 248 154.030167 0.000000 1000.000000 1.516479 152.513687 0.000000 0.000000 0.000000 0.000000 11.977195
24800 249 145.370026 0.000000 1000.000000 0.714829 144.978867 -0.323670 0.000000 0.000000 0.000000 9.575705
24900 250 159.628387 0.000000 1000.000000 0.595000 159.349518 -0.316128 0.000000 0.000000 0.000000 10.420815
25000 251 181.740982 0.000000 1000.000000 3.221857 178.519119 0.000000 0.000000 0.000000 0.000000 12.428781
25100 252 165.647156 0.000000 1000.000000 0.973808 164.673355 0.000000 0.000000 0.000000 0.000000 11.561409
25200 253 151.264603 0.000000 1000.000000 0.889978 150.561264 -0.186640 0.000000 0.000000 0.000000 11.069477
25300 254 153.912781 0.000000 1000.000000 0.636067 153.276718 0.000000 0.000000 0.000000 0.000000 9.581180
25400 255 146.677887 0.000000 1000.000000 2.893222 143.784668 0.000000 0.000000 0.000000 0.000000 9.492491
25500 256 147.411407 0.000000 1000.000000 1.103200 146.308212 0.000000 0.000000 0.000000 0.000000 12.616352
25600 257 157.588303 0.000000 1000.000000 5.488161 152.100143 0.000000 0.000000 0.000000 0.000000 9.979997
25700 258 149.169891 0.000000 1000.000000 0.857450 148.312439 0.000000 0.000000 0.000000 0.000000 8.414429
25800 259 169.016205 0.000000 1000.000000 0.920079 168.096130 0.000000 0.000000 0.000000 0.000000 7.546432
25900 260 146.863907 0.000000 1000.000000 0.688945 146.174957 0.000000 0.000000 0.000000 0.000000 9.061904
26000 261 159.665497 0.000000 1000.000000 1.712761 157.952744 0.000000 0.000000 0.000000 0.000000 8.351632
26100 262 169.982330 0.000000 1000.000000 0.719242 169.263092 0.000000 0.000000 0.000000 0.000000 9.949260
26200 263 146.790970 0.000000 1000.000000 0.696298 146.544998 -0.450333 0.000000 0.000000 0.000000 11.862438
26300 264 160.673477 0.000000 1000.000000 0.955281 160.109024 -0.390816 0.000000 0.000000 0.000000 10.152802
26400 265 195.365326 0.000000 1000.000000 1.409629 193.955704 0.000000 0.000000 0.000000 0.000000 7.258809
26500 266 152.054001 0.000000 1000.000000 0.699256 151.354752 0.000000 0.000000 0.000000 0.000000 10.629053
26600 267 165.023621 0.000000 1000.000000 0.438352 164.631531 -0.046259 0.000000 0.000000 0.000000 11.155739
26700 268 165.373886 0.000000 1000.000000 1.411494 163.962387 0.000000 0.000000 0.000000 0.000000 7.415439
26800 269 142.003601 0.000000 1000.000000 1.411756 140.591843 0.000000 0.000000 0.000000 0.000000 10.298619
26900 270 167.804581 0.000000 1000.000000 2.161166 165.643417 0.000000 0.000000 0.000000 0.000000 8.680894
27000 271 159.755325 0.000000 1000.000000 0.570677 159.184647 0.000000 0.000000 0.000000 0.000000 8.262818
27100 272 157.211441 0.000000 1000.000000 1.394474 156.631317 -0.814341 0.000000 0.000000 0.000000 8.724428
27200 273 163.473343 0.000000 1000.000000 2.692711 160.780624 0.000000 0.000000 0.000000 0.000000 9.668986
27300 274 140.227615 0.000000 1000.000000 0.371122 139.856491 0.000000 0.000000 0.000000 0.000000 7.052597
27400 275 156.472519 0.000000 1000.000000 1.051772 155.420746 0.000000 0.000000 0.000000 0.000000 7.147599
27500 276 167.577591 0.000000 1000.000000 2.210977 165.366608 0.000000 0.000000 0.000000 0.000000 8.109055
27600 277 158.911133 0.000000 1000.000000 1.158237 158.174881 -0.421979 0.000000 0.000000 0.000000 6.926148
27700 278 149.602066 0.000000 1000.000000 0.342773 149.259293 0.000000 0.000000 0.000000 0.000000 7.908851
27800 279 151.903061 0.000000 1000.000000 0.587267 151.784012 -0.468217 0.000000 0.000000 0.000000 8.141113
27900 280 164.792572 0.000000 1000.000000 0.528637 164.476074 -0.212139 0.000000 0.000000 0.000000 7.124188
28000 281 169.954193 0.000000 1000.000000 1.458901 168.857178 -0.361896 0.000000 0.000000 0.000000 7.963984
28100 282 162.312332 0.000000 1000.000000 0.325773 162.251663 -0.265103 0.000000 0.000000 0.000000 7.014935
28200 283 151.251984 0.000000 1000.000000 0.423789 150.828201 0.000000 0.000000 0.000000 0.000000 7.967641
28300 284 154.772095 0.000000 1000.000000 0.240724 154.531372 0.000000 0.000000 0.000000 0.000000 7.832026
28400 285 175.206070 0.000000 1000.000000 0.914041 174.292023 0.000000 0.000000 0.000000 0.000000 7.938605
28500 286 168.493759 0.000000 1000.000000 0.800366 167.693390 0.000000 0.000000 0.000000 0.000000 10.224562
28600 287 178.222183 0.000000 1000.000000 0.386578 177.835602 0.000000 0.000000 0.000000 0.000000 9.984756
28700 288 154.998230 0.000000 1000.000000 0.786697 154.624161 -0.412626 0.000000 0.000000 0.000000 7.311780
28800 289 169.584259 0.000000 1000.000000 1.420907 168.163345 0.000000 0.000000 0.000000 0.000000 8.447760
28900 290 173.215363 0.000000 1000.000000 0.450025 172.765335 0.000000 0.000000 0.000000 0.000000 8.963229
29000 291 150.632233 0.000000 1000.000000 1.609562 149.022675 0.000000 0.000000 0.000000 0.000000 7.655349
29100 292 160.232681 0.000000 1000.000000 1.140249 159.581543 -0.489112 0.000000 0.000000 0.000000 8.723997
29200 293 165.466370 0.000000 1000.000000 1.667598 164.287979 -0.489217 0.000000 0.000000 0.000000 7.297389
29300 294 169.445435 0.000000 1000.000000 1.061360 168.445084 -0.061004 0.000000 0.000000 0.000000 8.407419
29400 295 175.520111 0.000000 1000.000000 2.011425 173.542969 -0.034290 0.000000 0.000000 0.000000 9.207887
29500 296 173.196136 0.000000 1000.000000 2.616268 170.877090 -0.297222 0.000000 0.000000 0.000000 6.757329
29600 297 157.528595 0.000000 1000.000000 1.184662 156.584503 -0.240570 0.000000 0.000000 0.000000 7.167050
29700 298 144.040405 0.000000 1000.000000 0.735338 143.305069 0.000000 0.000000 0.000000 0.000000 10.323943
29800 299 168.712585 0.000000 1000.000000 0.503557 168.752914 -0.543881 0.000000 0.000000 0.000000 7.788277
29900 300 158.344406 0.000000 1000.000000 1.445128 157.102219 -0.202938 0.000000 0.000000 0.000000 7.758134
30000 301 148.013321 0.000000 1000.000000 0.893000 147.120316 0.000000 0.000000 0.000000 0.000000 7.440765
30100 302 158.389175 0.000000 1000.000000 0.578374 157.810806 0.000000 0.000000 0.000000 0.000000 9.400964
30200 303 177.323257 0.000000 1000.000000 1.223305 176.099945 0.000000 0.000000 0.000000 0.000000 10.309198
30300 304 161.137527 0.000000 1000.000000 0.434042 161.117432 -0.413937 0.000000 0.000000 0.000000 7.951709
30400 305 158.487686 0.000000 1000.000000 1.277910 157.209778 0.000000 0.000000 0.000000 0.000000 8.555907
30500 306 158.846069 0.000000 1000.000000 0.633938 158.212128 0.000000 0.000000 0.000000 0.000000 7.483161
30600 307 163.818665 0.000000 1000.000000 1.909156 161.967773 -0.058262 0.000000 0.000000 0.000000 9.509857
30700 308 166.329788 0.000000 1000.000000 1.868492 164.461304 0.000000 0.000000 0.000000 0.000000 6.607532
30800 309 167.214539 0.000000 1000.000000 2.036427 165.225845 -0.047727 0.000000 0.000000 0.000000 7.297093
30900 310 166.296387 0.000000 1000.000000 2.458344 163.838043 0.000000 0.000000 0.000000 0.000000 6.741292
31000 311 163.532257 0.000000 1000.000000 4.673924 158.928146 -0.069810 0.000000 0.000000 0.000000 6.839745
31100 312 162.937637 0.000000 1000.000000 0.383045 162.554596 0.000000 0.000000 0.000000 0.000000 5.677617
31200 313 171.188583 0.000000 1000.000000 1.677553 169.575623 -0.064586 0.000000 0.000000 0.000000 5.282217
31300 314 174.219574 0.000000 1000.000000 1.335267 172.884308 0.000000 0.000000 0.000000 0.000000 7.025928
31400 315 165.411240 0.000000 1000.000000 1.428770 163.982468 0.000000 0.000000 0.000000 0.000000 7.371263
31500 316 157.265976 0.000000 1000.000000 1.250110 156.015869 0.000000 0.000000 0.000000 0.000000 6.161737
31600 317 173.353851 0.000000 1000.000000 1.124920 172.228928 0.000000 0.000000 0.000000 0.000000 7.900366
31700 318 150.631897 0.000000 1000.000000 0.361962 150.269928 0.000000 0.000000 0.000000 0.000000 7.385911
31800 319 160.785645 0.000000 1000.000000 0.770256 160.421936 -0.406560 0.000000 0.000000 0.000000 9.241196
31900 320 163.070969 0.000000 1000.000000 1.073070 162.232239 -0.234337 0.000000 0.000000 0.000000 8.566378
32000 321 163.915909 0.000000 1000.000000 0.216274 163.907043 -0.207409 0.000000 0.000000 0.000000 9.529000
32100 322 155.603790 0.000000 1000.000000 0.455066 155.148727 0.000000 0.000000 0.000000 0.000000 8.075380
32200 323 173.807465 0.000000 1000.000000 0.638393 173.683197 -0.514129 0.000000 0.000000 0.000000 9.188762
32300 324 176.996582 0.000000 1000.000000 1.307553 176.043442 -0.354412 0.000000 0.000000 0.000000 8.842086
32400 325 172.286728 0.000000 1000.000000 0.534145 171.752579 0.000000 0.000000 0.000000 0.000000 7.831124
32500 326 169.788086 0.000000 1000.000000 2.510402 167.277679 0.000000 0.000000 0.000000 0.000000 7.126097
32600 327 150.620667 0.000000 1000.000000 0.690464 149.930206 0.000000 0.000000 0.000000 0.000000 9.131912
32700 328 147.761368 0.000000 1000.000000 0.769947 146.991425 0.000000 0.000000 0.000000 0.000000 10.917218
32800 329 144.582870 0.000000 1000.000000 0.558205 144.024658 0.000000 0.000000 0.000000 0.000000 9.860218
32900 330 167.838211 0.000000 1000.000000 1.478626 166.359589 0.000000 0.000000 0.000000 0.000000 8.224358
33000 331 152.716721 0.000000 1000.000000 0.332890 152.383835 0.000000 0.000000 0.000000 0.000000 8.924478
33100 332 158.669174 0.000000 1000.000000 0.275421 158.393753 0.000000 0.000000 0.000000 0.000000 8.175090
33200 333 159.710953 0.000000 1000.000000 0.416444 159.294510 0.000000 0.000000 0.000000 0.000000 6.848429
33300 334 163.706055 0.000000 1000.000000 3.668148 160.037903 0.000000 0.000000 0.000000 0.000000 7.458739
33400 335 169.341583 0.000000 1000.000000 2.563237 167.154419 -0.376072 0.000000 0.000000 0.000000 7.436879
33500 336 178.107651 0.000000 1000.000000 1.042697 177.323181 -0.258228 0.000000 0.000000 0.000000 6.921191
33600 337 166.729370 0.000000 1000.000000 1.104965 165.624405 0.000000 0.000000 0.000000 0.000000 7.556091
33700 338 168.984451 0.000000 1000.000000 2.485161 166.499283 0.000000 0.000000 0.000000 0.000000 9.392010
33800 339 179.619797 0.000000 1000.000000 2.166396 177.453400 0.000000 0.000000 0.000000 0.000000 7.241168
33900 340 172.519867 0.000000 1000.000000 0.257784 172.526794 -0.264702 0.000000 0.000000 0.000000 6.948079
34000 341 177.179352 0.000000 1000.000000 0.311393 176.867966 0.000000 0.000000 0.000000 0.000000 10.075286
34100 342 171.672150 0.000000 1000.000000 1.082299 170.589844 0.000000 0.000000 0.000000 0.000000 6.339681
34200 343 160.235519 0.000000 1000.000000 0.479932 159.755585 0.000000 0.000000 0.000000 0.000000 7.247027
34300 344 175.565125 0.000000 1000.000000 0.641846 174.923279 0.000000 0.000000 0.000000 0.000000 8.710648
34400 345 167.621323 0.000000 1000.000000 0.460379 167.160950 0.000000 0.000000 0.000000 0.000000 8.978069
34500 346 150.500244 0.000000 1000.000000 0.179544 150.651703 -0.331008 0.000000 0.000000 0.000000 6.974456
34600 347 152.085922 0.000000 1000.000000 1.270303 150.815613 0.000000 0.000000 0.000000 0.000000 7.997999
34700 348 165.518234 0.000000 1000.000000 1.338339 164.622650 -0.442742 0.000000 0.000000 0.000000 7.952646
34800 349 177.649490 0.000000 1000.000000 2.533466 175.116028 0.000000 0.000000 0.000000 0.000000 9.836481
34900 350 163.144348 0.000000 1000.000000 2.140440 161.003906 0.000000 0.000000 0.000000 0.000000 9.904621
35000 351 156.289001 0.000000 1000.000000 1.503428 158.056396 -0.554927 -2.715896 0.000000 0.000000 9.755385
35100 352 152.537750 0.000000 1000.000000 0.231095 152.306656 0.000000 0.000000 0.000000 0.000000 8.287870
35200 353 158.222305 0.000000 1000.000000 0.799310 157.468536 -0.045550 0.000000 0.000000 0.000000 8.995778
35300 354 168.465393 0.000000 1000.000000 1.664262 166.801132 0.000000 0.000000 0.000000 0.000000 8.093974
35400 355 163.182037 0.000000 1000.000000 1.388779 161.793259 0.000000 0.000000 0.000000 0.000000 7.140934
35500 356 174.924347 0.000000 1000.000000 1.086908 173.837433 0.000000 0.000000 0.000000 0.000000 10.961127
35600 357 171.234726 0.000000 1000.000000 0.425929 171.094299 -0.285500 0.000000 0.000000 0.000000 7.622636
35700 358 153.461197 0.000000 1000.000000 1.001624 152.459579 0.000000 0.000000 0.000000 0.000000 11.039392
35800 359 169.049667 0.000000 1000.000000 1.360884 167.726013 -0.037235 0.000000 0.000000 0.000000 10.456148
35900 360 162.424484 0.000000 1000.000000 0.929116 161.495361 0.000000 0.000000 0.000000 0.000000 8.953750
36000 361 144.863068 0.000000 1000.000000 1.018033 143.897583 -0.052548 0.000000 0.000000 0.000000 10.182043
36100 362 163.441238 0.000000 1000.000000 1.034111 162.461990 -0.054868 0.000000 0.000000 0.000000 8.715950
36200 363 161.008286 0.000000 1000.000000 0.894794 160.180511 -0.067012 0.000000 0.000000 0.000000 9.002748
36300 364 158.641922 0.000000 1000.000000 2.004128 156.679810 -0.042026 0.000000 0.000000 0.000000 7.977052
36400 365 150.148392 0.000000 1000.000000 0.279872 149.868515 0.000000 0.000000 0.000000 0.000000 7.991199
36500 366 172.340561 0.000000 1000.000000 1.432261 170.908295 0.000000 0.000000 0.000000 0.000000 8.738614
36600 367 157.869003 0.000000 1000.000000 1.790188 156.078812 0.000000 0.000000 0.000000 0.000000 9.781206
36700 368 151.219147 0.000000 1000.000000 2.605747 148.613403 0.000000 0.000000 0.000000 0.000000 10.443890
36800 369 157.072189 0.000000 1000.000000 1.056635 156.362274 -0.346720 0.000000 0.000000 0.000000 14.375991
36900 370 157.152496 0.000000 1000.000000 2.235528 154.916962 0.000000 0.000000 0.000000 0.000000 11.771221
37000 371 165.396408 0.000000 1000.000000 2.053934 163.342468 0.000000 0.000000 0.000000 0.000000 10.347094
37100 372 170.883865 0.000000 1000.000000 0.206158 170.873444 -0.195739 0.000000 0.000000 0.000000 10.287395
37200 373 147.231186 0.000000 1000.000000 0.979200 146.251984 0.000000 0.000000 0.000000 0.000000 11.603134
37300 374 149.642395 0.000000 1000.000000 1.462216 148.180176 0.000000 0.000000 0.000000 0.000000 8.892433
37400 375 161.222824 0.000000 1000.000000 0.844877 160.377945 0.000000 0.000000 0.000000 0.000000 8.645543
37500 376 159.684143 0.000000 1000.000000 1.029336 158.654800 0.000000 0.000000 0.000000 0.000000 12.624196
37600 377 156.242722 0.000000 1000.000000 0.297215 155.945511 0.000000 0.000000 0.000000 0.000000 10.574889
37700 378 174.620880 0.000000 1000.000000 0.228978 174.391907 0.000000 0.000000 0.000000 0.000000 11.159917
37800 379 149.170715 0.000000 1000.000000 0.726871 148.593567 -0.149716 0.000000 0.000000 0.000000 10.641153
37900 380 177.275925 0.000000 1000.000000 1.261160 176.014771 0.000000 0.000000 0.000000 0.000000 11.741779
38000 381 139.354782 0.000000 1000.000000 0.134515 139.220261 0.000000 0.000000 0.000000 0.000000 12.462387
38100 382 153.700089 0.000000 1000.000000 0.648945 153.051147 0.000000 0.000000 0.000000 0.000000 12.716885
38200 383 155.442444 0.000000 1000.000000 4.099817 151.766388 -0.423768 0.000000 0.000000 0.000000 9.561239
38300 384 156.877426 0.000000 1000.000000 0.116623 156.760803 0.000000 0.000000 0.000000 0.000000 11.642576
38400 385 143.867676 0.000000 1000.000000 3.110370 140.757309 0.000000 0.000000 0.000000 0.000000 9.862115
38500 386 152.388580 0.000000 1000.000000 0.930429 151.458145 0.000000 0.000000 0.000000 0.000000 9.678479
38600 387 156.556625 0.000000 1000.000000 0.291619 156.264999 0.000000 0.000000 0.000000 0.000000 9.650507
38700 388 154.526932 0.000000 1000.000000 0.366654 154.429398 -0.269117 0.000000 0.000000 0.000000 11.874423
38800 389 160.754974 0.000000 1000.000000 1.326813 159.428162 0.000000 0.000000 0.000000 0.000000 9.471069
38900 390 173.686371 0.000000 1000.000000 0.732138 172.954239 0.000000 0.000000 0.000000 0.000000 10.122369
39000 391 170.541168 0.000000 1000.000000 0.659751 169.881424 0.000000 0.000000 0.000000 0.000000 8.801344
39100 392 158.279694 0.000000 1000.000000 0.541841 157.737854 0.000000 0.000000 0.000000 0.000000 11.273490
39200 393 154.931870 0.000000 1000.000000 0.431357 154.571259 -0.070735 0.000000 0.000000 0.000000 9.255618
39300 394 144.763824 0.000000 1000.000000 0.564887 147.325729 -0.466627 -2.660164 0.000000 0.000000 9.795639
39400 395 166.614761 0.000000 1000.000000 2.120707 164.670868 -0.176825 0.000000 0.000000 0.000000 10.942212
39500 396 175.939728 0.000000 1000.000000 2.690701 173.437698 -0.188671 0.000000 0.000000 0.000000 10.101776
39600 397 170.822906 0.000000 1000.000000 3.485681 167.337219 0.000000 0.000000 0.000000 0.000000 7.346364
39700 398 162.743958 0.000000 1000.000000 1.038505 161.705460 0.000000 0.000000 0.000000 0.000000 8.870436
39800 399 155.902969 0.000000 1000.000000 0.641533 155.718689 -0.457247 0.000000 0.000000 0.000000 8.363465
39900 400 169.075394 0.000000 1000.000000 0.757317 168.708542 -0.390478 0.000000 0.000000 0.000000 7.589351
40000 401 184.023315 0.000000 1000.000000 2.363456 181.698380 -0.038511 0.000000 0.000000 0.000000 8.613554
40100 402 166.723190 0.000000 1000.000000 1.118387 165.719910 -0.115108 0.000000 0.000000 0.000000 11.431780
40200 403 162.305862 0.000000 1000.000000 2.174331 160.131531 0.000000 0.000000 0.000000 0.000000 8.149493
40300 404 157.778931 0.000000 1000.000000 2.303274 155.517487 -0.041818 0.000000 0.000000 0.000000 11.599123
40400 405 153.186798 0.000000 1000.000000 1.508439 151.678360 0.000000 0.000000 0.000000 0.000000 9.338651
40500 406 167.211990 0.000000 1000.000000 0.912365 166.812775 -0.513151 0.000000 0.000000 0.000000 11.592667
40600 407 154.217224 0.000000 1000.000000 2.221019 152.289276 -0.293081 0.000000 0.000000 0.000000 11.269215
40700 408 139.719131 0.000000 1000.000000 0.749857 139.196594 -0.227330 0.000000 0.000000 0.000000 8.973411
40800 409 152.725693 0.000000 1000.000000 0.411774 152.313919 0.000000 0.000000 0.000000 0.000000 10.971572
40900 410 164.106842 0.000000 1000.000000 0.640023 163.466812 0.000000 0.000000 0.000000 0.000000 10.507025
41000 411 157.132004 0.000000 1000.000000 0.315600 157.276413 -0.460006 0.000000 0.000000 0.000000 7.547168
41100 412 160.107513 0.000000 1000.000000 0.318482 159.789032 0.000000 0.000000 0.000000 0.000000 10.112396
41200 413 161.475662 0.000000 1000.000000 1.360905 160.234390 -0.119631 0.000000 0.000000 0.000000 12.347226
41300 414 171.425690 0.000000 1000.000000 0.536402 171.146530 -0.257252 0.000000 0.000000 0.000000 9.551508
41400 415 144.945496 0.000000 1000.000000 0.267617 144.883377 -0.205503 0.000000 0.000000 0.000000 10.376620
41500 416 156.101517 0.000000 1000.000000 0.754976 155.346542 0.000000 0.000000 0.000000 0.000000 9.156503
41600 417 159.610016 0.000000 1000.000000 1.106751 158.503265 0.000000 0.000000 0.000000 0.000000 8.609124
41700 418 149.025864 0.000000 1000.000000 3.700131 145.325729 0.000000 0.000000 0.000000 0.000000 6.282094
41800 419 141.144577 0.000000 1000.000000 0.845605 140.402618 -0.103649 0.000000 0.000000 0.000000 8.554998
41900 420 142.951935 0.000000 1000.000000 1.295984 141.655945 0.000000 0.000000 0.000000 0.000000 6.639195
42000 421 148.109146 0.000000 1000.000000 0.511835 147.597305 0.000000 0.000000 0.000000 0.000000 11.010307
42100 422 147.028824 0.000000 1000.000000 0.221612 146.807205 0.000000 0.000000 0.000000 0.000000 10.649785
42200 423 144.875366 0.000000 1000.000000 0.549792 144.702133 -0.376552 0.000000 0.000000 0.000000 11.041246
42300 424 152.886108 0.000000 1000.000000 0.715303 152.468933 -0.298128 0.000000 0.000000 0.000000 9.240501
42400 425 152.512009 0.000000 1000.000000 3.507059 149.220520 -0.215579 0.000000 0.000000 0.000000 8.292146
42500 426 149.565643 0.000000 1000.000000 0.369267 149.196381 0.000000 0.000000 0.000000 0.000000 11.470674
42600 427 154.296066 0.000000 1000.000000 0.496774 153.799286 0.000000 0.000000 0.000000 0.000000 9.001045
42700 428 152.092728 0.000000 1000.000000 0.724191 151.368530 0.000000 0.000000 0.000000 0.000000 9.366902
42800 429 152.843353 0.000000 1000.000000 0.431400 152.411957 0.000000 0.000000 0.000000 0.000000 9.691282
42900 430 142.110184 0.000000 1000.000000 0.625231 141.879501 -0.394543 0.000000 0.000000 0.000000 10.664150
43000 431 128.248627 0.000000 1000.000000 0.801926 127.446701 0.000000 0.000000 0.000000 0.000000 8.477689
43100 432 142.116089 0.000000 1000.000000 0.950215 141.251556 -0.085685 0.000000 0.000000 0.000000 9.823627
43200 433 136.144974 0.000000 1000.000000 0.207136 136.033447 -0.095609 0.000000 0.000000 0.000000 9.905436
43300 434 140.112503 0.000000 1000.000000 0.927599 139.184906 0.000000 0.000000 0.000000 0.000000 9.297417
43400 435 129.817612 0.000000 1000.000000 2.533077 127.672981 -0.388442 0.000000 0.000000 0.000000 10.540160
43500 436 167.147263 0.000000 1000.000000 1.590862 165.556396 0.000000 0.000000 0.000000 0.000000 9.428853
43600 437 160.537079 0.000000 1000.000000 0.631541 159.905533 0.000000 0.000000 0.000000 0.000000 10.615580
43700 438 148.507584 0.000000 1000.000000 0.340661 148.166916 0.000000 0.000000 0.000000 0.000000 9.592908
43800 439 150.240219 0.000000 1000.000000 0.486561 150.256134 -0.502468 0.000000 0.000000 0.000000 13.143251
43900 440 153.259201 0.000000 1000.000000 0.500667 152.758530 0.000000 0.000000 0.000000 0.000000 11.751599
44000 441 129.773407 0.000000 1000.000000 0.870044 128.903366 0.000000 0.000000 0.000000 0.000000 9.831701
44100 442 152.555740 0.000000 1000.000000 0.255011 152.376541 -0.075804 0.000000 0.000000 0.000000 9.786911
44200 443 165.123047 0.000000 1000.000000 0.176099 165.023315 -0.076377 0.000000 0.000000 0.000000 11.221485
44300 444 169.596313 0.000000 1000.000000 0.295932 169.300385 0.000000 0.000000 0.000000 0.000000 8.940922
44400 445 148.703278 0.000000 1000.000000 0.351047 148.352234 0.000000 0.000000 0.000000 0.000000 12.886850
44500 446 139.855026 0.000000 1000.000000 0.297455 139.557571 0.000000 0.000000 0.000000 0.000000 11.778230
44600 447 152.675369 0.000000 1000.000000 0.679283 151.996094 0.000000 0.000000 0.000000 0.000000 7.365698
44700 448 151.784180 0.000000 1000.000000 0.473734 151.567154 -0.256718 0.000000 0.000000 0.000000 8.679865
44800 449 143.257767 0.000000 1000.000000 0.352737 143.049179 -0.144151 0.000000 0.000000 0.000000 14.477496
44900 450 142.453506 0.000000 1000.000000 0.662896 142.127136 -0.336530 0.000000 0.000000 0.000000 10.784237
45000 451 165.944794 0.000000 1000.000000 0.388756 165.556030 0.000000 0.000000 0.000000 0.000000 9.046060
45100 452 166.477203 0.000000 1000.000000 0.590574 165.963684 -0.077061 0.000000 0.000000 0.000000 10.936615
45200 453 148.635056 0.000000 1000.000000 3.056855 145.661224 -0.083022 0.000000 0.000000 0.000000 10.213230
45300 454 163.951126 0.000000 1000.000000 0.292544 164.224014 -0.565434 0.000000 0.000000 0.000000 9.963043
45400 455 153.099869 0.000000 1000.000000 1.566995 151.622192 -0.089326 0.000000 0.000000 0.000000 8.619093
45500 456 127.979996 0.000000 1000.000000 2.424498 125.555496 0.000000 0.000000 0.000000 0.000000 11.244278
45600 457 161.576447 0.000000 1000.000000 0.500012 161.076431 0.000000 0.000000 0.000000 0.000000 7.825967
45700 458 152.275970 0.000000 1000.000000 0.897840 151.378128 0.000000 0.000000 0.000000 0.000000 9.796943
45800 459 141.752975 0.000000 1000.000000 2.721962 139.031006 0.000000 0.000000 0.000000 0.000000 11.988750
45900 460 147.294495 0.000000 1000.000000 0.534960 146.759537 0.000000 0.000000 0.000000 0.000000 10.601683
46000 461 141.677841 0.000000 1000.000000 0.546109 141.350281 -0.218546 0.000000 0.000000 0.000000 12.259308
46100 462 139.415634 0.000000 1000.000000 0.264688 139.150940 0.000000 0.000000 0.000000 0.000000 11.247963
46200 463 165.232101 0.000000 1000.000000 0.270071 164.962036 0.000000 0.000000 0.000000 0.000000 10.026006
46300 464 137.273773 0.000000 1000.000000 1.382429 135.891342 0.000000 0.000000 0.000000 0.000000 11.249642
46400 465 160.871902 0.000000 1000.000000 1.068429 159.803467 0.000000 0.000000 0.000000 0.000000 13.501902
46500 466 149.173126 0.000000 1000.000000 0.741540 148.431580 0.000000 0.000000 0.000000 0.000000 13.549639
46600 467 138.355133 0.000000 1000.000000 0.594431 137.932678 -0.171983 0.000000 0.000000 0.000000 12.617630
46700 468 150.798676 0.000000 1000.000000 0.684581 150.114090 0.000000 0.000000 0.000000 0.000000 11.636877
46800 469 163.603851 0.000000 1000.000000 0.780892 162.822952 0.000000 0.000000 0.000000 0.000000 12.219845
46900 470 132.591965 0.000000 1000.000000 0.294601 132.429123 -0.131757 0.000000 0.000000 0.000000 9.872778
47000 471 153.118408 0.000000 1000.000000 0.410577 152.707825 0.000000 0.000000 0.000000 0.000000 14.197669
47100 472 140.518097 0.000000 1000.000000 0.331789 140.294098 -0.107781 0.000000 0.000000 0.000000 10.915402
47200 473 132.941360 0.000000 1000.000000 0.582214 132.359146 0.000000 0.000000 0.000000 0.000000 10.838821
47300 474 128.710205 0.000000 1000.000000 0.223658 128.486542 0.000000 0.000000 0.000000 0.000000 10.738495
47400 475 166.728119 0.000000 1000.000000 0.305267 166.422852 0.000000 0.000000 0.000000 0.000000 10.594114
47500 476 131.407928 0.000000 1000.000000 1.264173 130.207642 -0.063881 0.000000 0.000000 0.000000 11.885725
47600 477 134.113754 0.000000 1000.000000 1.344195 132.960678 -0.191112 0.000000 0.000000 0.000000 13.161737
47700 478 135.162033 0.000000 1000.000000 1.320955 133.841080 0.000000 0.000000 0.000000 0.000000 10.649542
47800 479 141.394806 0.000000 1000.000000 0.239292 141.484406 -0.328889 0.000000 0.000000 0.000000 10.151670
47900 480 159.661987 0.000000 1000.000000 1.500452 158.333908 -0.172372 0.000000 0.000000 0.000000 8.899635
48000 481 154.011887 0.000000 1000.000000 0.312809 153.799744 -0.100669 0.000000 0.000000 0.000000 8.038954
48100 482 166.034348 0.000000 1000.000000 0.603194 165.431152 0.000000 0.000000 0.000000 0.000000 8.064785
48200 483 142.618362 0.000000 1000.000000 0.243535 142.514069 -0.139235 0.000000 0.000000 0.000000 11.193159
48300 484 172.138885 0.000000 1000.000000 1.090431 171.048462 0.000000 0.000000 0.000000 0.000000 11.529310
48400 485 149.922516 0.000000 1000.000000 0.870408 149.052109 0.000000 0.000000 0.000000 0.000000 10.266037
48500 486 133.164566 0.000000 1000.000000 0.294702 132.869858 0.000000 0.000000 0.000000 0.000000 8.928909
48600 487 149.382339 0.000000 1000.000000 0.929306 148.667587 -0.214555 0.000000 0.000000 0.000000 7.885227
48700 488 132.622208 0.000000 1000.000000 1.753866 131.007690 -0.139343 0.000000 0.000000 0.000000 7.866537
48800 489 144.744080 0.000000 1000.000000 0.746826 144.142273 -0.145013 0.000000 0.000000 0.000000 10.229495
48900 490 145.559357 0.000000 1000.000000 0.862629 144.696732 0.000000 0.000000 0.000000 0.000000 11.778688
49000 491 126.862564 0.000000 1000.000000 0.497438 126.365128 0.000000 0.000000 0.000000 0.000000 10.369744
49100 492 154.279755 0.000000 1000.000000 0.167722 154.112030 0.000000 0.000000 0.000000 0.000000 9.561253
49200 493 148.001404 0.000000 1000.000000 0.379924 147.621475 0.000000 0.000000 0.000000 0.000000 8.214222
49300 494 144.167252 0.000000 1000.000000 0.374022 143.927902 -0.134681 0.000000 0.000000 0.000000 9.638724
49400 495 151.994995 0.000000 1000.000000 0.949406 151.164047 -0.118457 0.000000 0.000000 0.000000 10.495411
49500 496 138.890137 0.000000 1000.000000 0.333907 138.556229 0.000000 0.000000 0.000000 0.000000 13.572258
49600 497 133.608597 0.000000 1000.000000 0.186985 133.421616 0.000000 0.000000 0.000000 0.000000 12.439848
49700 498 185.720566 0.000000 1000.000000 0.849129 184.871429 0.000000 0.000000 0.000000 0.000000 9.999536
49800 499 121.849380 0.000000 1000.000000 0.936485 121.024734 -0.111839 0.000000 0.000000 0.000000 11.153059
49900 500 140.814575 0.000000 1000.000000 0.901651 139.912918 0.000000 0.000000 0.000000 0.000000 12.240246
50000 501 156.862488 0.000000 1000.000000 1.190168 156.150406 -0.478082 0.000000 0.000000 0.000000 11.233604
