1 1 199.451279 0.000000 1000.000000 0.130484 212.754440 -3.417506 -10.016123 0.000000 0.000000 1.656345
100 2 196.689056 0.000000 1000.000000 0.973201 199.314957 -0.580523 -3.018579 0.000000 0.000000 9.461345
200 3 182.275192 0.000000 1000.000000 1.931217 180.691376 -0.347402 0.000000 0.000000 0.000000 7.528731
300 4 179.269638 0.000000 1000.000000 0.387922 179.201584 -0.319876 0.000000 0.000000 0.000000 9.024813
400 5 164.041000 0.000000 1000.000000 1.091259 167.637009 -1.124395 -3.562882 0.000000 0.000000 10.013516
500 6 195.096954 0.000000 1000.000000 0.598235 195.368408 -0.869691 0.000000 0.000000 0.000000 6.999655
600 7 174.875473 0.000000 1000.000000 1.911205 173.749786 -0.785516 0.000000 0.000000 0.000000 5.404597
700 8 162.838089 0.000000 1000.000000 0.552680 166.701172 -1.340945 -3.074807 0.000000 0.000000 5.111165
800 9 208.448212 0.000000 1000.000000 0.662085 180.622116 -1.338066 28.502068 0.000000 0.000000 5.275095
900 10 189.952118 0.000000 1000.000000 0.807453 189.595367 -0.450706 0.000000 0.000000 0.000000 5.963596
1000 11 177.838287 0.000000 1000.000000 2.098469 175.932922 -0.193096 0.000000 0.000000 0.000000 6.681865
1100 12 188.230469 0.000000 1000.000000 0.896826 187.907959 -0.574313 0.000000 0.000000 0.000000 5.206766
1200 13 178.571243 0.000000 1000.000000 0.898093 181.510315 -1.767713 -2.069439 0.000000 0.000000 3.822538
1300 14 185.791107 0.000000 1000.000000 0.471678 185.721725 -0.402299 0.000000 0.000000 0.000000 6.243497
1400 15 196.061920 0.000000 1000.000000 2.115844 195.018143 -1.072073 0.000000 0.000000 0.000000 5.001174
1500 16 172.356766 0.000000 1000.000000 1.085041 172.239319 -0.967588 0.000000 0.000000 0.000000 4.489840
1600 17 166.776138 0.000000 1000.000000 1.886652 165.919235 -1.029755 0.000000 0.000000 0.000000 7.210996
1700 18 227.312805 0.000000 1000.000000 1.998648 181.151016 -1.762044 45.925182 0.000000 0.000000 6.634586
1800 19 171.826706 0.000000 1000.000000 1.782295 171.001953 -0.957532 0.000000 0.000000 0.000000 6.147672
1900 20 191.555481 0.000000 1000.000000 0.167978 191.387497 0.000000 0.000000 0.000000 0.000000 5.110576
2000 21 183.383240 0.000000 1000.000000 1.083405 183.231125 -0.931296 0.000000 0.000000 0.000000 4.496458
2100 22 181.036377 0.000000 1000.000000 2.751206 181.293991 -0.586501 -2.422324 0.000000 0.000000 3.755086
2200 23 188.666382 0.000000 1000.000000 1.326929 188.069061 -0.729620 0.000000 0.000000 0.000000 4.578198
2300 24 176.461960 0.000000 1000.000000 2.843980 173.771820 -0.153844 0.000000 0.000000 0.000000 6.726974
2400 25 183.234863 0.000000 1000.000000 0.620763 182.614105 0.000000 0.000000 0.000000 0.000000 6.305514
2500 26 167.445633 0.000000 1000.000000 0.842284 166.772888 -0.169540 0.000000 0.000000 0.000000 5.870993
2600 27 169.649887 0.000000 1000.000000 0.437953 169.953857 -0.741921 0.000000 0.000000 0.000000 3.907829
2700 28 176.325729 0.000000 1000.000000 0.290033 176.063019 -0.027322 0.000000 0.000000 0.000000 7.753411
2800 29 204.197815 0.000000 1000.000000 2.523196 201.674622 0.000000 0.000000 0.000000 0.000000 6.405327
2900 30 178.564667 0.000000 1000.000000 1.194731 177.369934 0.000000 0.000000 0.000000 0.000000 5.941266
3000 31 189.096161 0.000000 1000.000000 0.547543 189.796234 -1.247613 0.000000 0.000000 0.000000 6.536249
3100 32 179.017471 0.000000 1000.000000 0.696329 178.321136 0.000000 0.000000 0.000000 0.000000 5.177936
3200 33 215.001495 0.000000 1000.000000 0.905774 172.873535 -1.500255 42.722450 0.000000 0.000000 5.433549
3300 34 184.604507 0.000000 1000.000000 2.501551 182.102951 0.000000 0.000000 0.000000 0.000000 5.189130
3400 35 191.110840 0.000000 1000.000000 0.396272 190.714569 0.000000 0.000000 0.000000 0.000000 7.826771
3500 36 176.738235 0.000000 1000.000000 0.889231 177.326996 -1.478003 0.000000 0.000000 0.000000 3.935133
3600 37 183.823517 0.000000 1000.000000 0.770683 184.246277 -1.193458 0.000000 0.000000 0.000000 5.324568
3700 38 162.002670 0.000000 1000.000000 1.146577 167.096161 -1.515131 -4.724924 0.000000 0.000000 4.921560
3800 39 181.058472 0.000000 1000.000000 1.026572 181.420029 -1.388127 0.000000 0.000000 0.000000 4.528703
3900 40 165.705460 0.000000 1000.000000 0.250245 169.352585 -2.249371 -1.647990 0.000000 0.000000 5.182178
4000 41 195.953293 0.000000 1000.000000 2.175493 194.892563 -1.114758 0.000000 0.000000 0.000000 4.513159
4100 42 179.360245 0.000000 1000.000000 0.823985 178.770081 -0.233823 0.000000 0.000000 0.000000 7.256574
4200 43 198.547485 0.000000 1000.000000 2.379558 175.641800 -2.320996 22.847126 0.000000 0.000000 4.492270
4300 44 170.560699 0.000000 1000.000000 0.244597 171.349640 -1.033538 0.000000 0.000000 0.000000 4.856105
4400 45 190.560577 0.000000 1000.000000 0.676030 191.059540 -1.174981 0.000000 0.000000 0.000000 4.952760
4500 46 194.828674 0.000000 1000.000000 0.599126 195.158890 -0.929330 0.000000 0.000000 0.000000 6.580256
4600 47 176.296707 0.000000 1000.000000 0.708813 176.603836 -1.015947 0.000000 0.000000 0.000000 5.506473
4700 48 179.598083 0.000000 1000.000000 1.215100 178.382980 0.000000 0.000000 0.000000 0.000000 5.227476
4800 49 171.827301 0.000000 1000.000000 1.192937 171.221497 -0.587126 0.000000 0.000000 0.000000 6.597228
4900 50 181.205414 0.000000 1000.000000 2.152744 180.848038 -1.795359 0.000000 0.000000 0.000000 5.703936
5000 51 166.576538 0.000000 1000.000000 0.687987 166.994583 -1.106037 0.000000 0.000000 0.000000 5.466877
5100 52 178.053085 0.000000 1000.000000 1.464491 176.613586 -0.024998 0.000000 0.000000 0.000000 5.482364
5200 53 181.936050 0.000000 1000.000000 0.781837 181.378860 -0.224647 0.000000 0.000000 0.000000 5.148693
5300 54 166.332535 0.000000 1000.000000 0.535104 166.001724 -0.204304 0.000000 0.000000 0.000000 7.271544
5400 55 170.322647 0.000000 1000.000000 0.624206 170.520676 -0.822238 0.000000 0.000000 0.000000 6.226123
5500 56 165.892090 0.000000 1000.000000 0.209845 167.140259 -1.458011 0.000000 0.000000 0.000000 6.596079
5600 57 175.988800 0.000000 1000.000000 1.507124 174.888458 -0.406780 0.000000 0.000000 0.000000 5.744658
5700 58 171.237701 0.000000 1000.000000 0.636735 171.217087 -0.616118 0.000000 0.000000 0.000000 6.231714
5800 59 179.438721 0.000000 1000.000000 0.889833 179.074280 -0.525390 0.000000 0.000000 0.000000 6.702979
5900 60 164.886551 0.000000 1000.000000 1.950165 163.016830 -0.080445 0.000000 0.000000 0.000000 6.970761
6000 61 170.331451 0.000000 1000.000000 0.481254 170.698456 -0.848249 0.000000 0.000000 0.000000 7.687938
6100 62 187.341507 0.000000 1000.000000 0.740490 186.658112 -0.057100 0.000000 0.000000 0.000000 8.914726
6200 63 172.072937 0.000000 1000.000000 0.728891 171.344040 0.000000 0.000000 0.000000 0.000000 7.296209
6300 64 163.720505 0.000000 1000.000000 0.595632 166.254471 -1.136748 -1.992838 0.000000 0.000000 6.950076
6400 65 168.070160 0.000000 1000.000000 0.776741 167.321991 -0.028560 0.000000 0.000000 0.000000 6.766876
6500 66 179.112015 0.000000 1000.000000 0.352757 178.807175 -0.047907 0.000000 0.000000 0.000000 7.229176
6600 67 168.634094 0.000000 1000.000000 0.868019 168.143417 -0.377353 0.000000 0.000000 0.000000 6.646911
6700 68 164.098480 0.000000 1000.000000 1.635835 168.424911 -0.932165 -5.030100 0.000000 0.000000 6.523736
6800 69 166.154922 0.000000 1000.000000 0.501763 166.048691 -0.395532 0.000000 0.000000 0.000000 5.810716
6900 70 188.276245 0.000000 1000.000000 0.500887 187.775360 0.000000 0.000000 0.000000 0.000000 6.958087
7000 71 182.224823 0.000000 1000.000000 0.424019 182.729233 -0.928437 0.000000 0.000000 0.000000 4.088620
7100 72 167.451492 0.000000 1000.000000 1.249832 166.322113 -0.120456 0.000000 0.000000 0.000000 6.107707
7200 73 168.486969 0.000000 1000.000000 1.100697 167.386276 0.000000 0.000000 0.000000 0.000000 5.688274
7300 74 163.355392 0.000000 1000.000000 1.593137 165.348068 -1.512050 -2.073756 0.000000 0.000000 3.688476
7400 75 167.619736 0.000000 1000.000000 1.798996 165.820740 0.000000 0.000000 0.000000 0.000000 3.702813
7500 76 182.906052 0.000000 1000.000000 2.699763 180.206284 0.000000 0.000000 0.000000 0.000000 3.164460
7600 77 151.288406 0.000000 1000.000000 1.057038 151.356918 -1.125554 0.000000 0.000000 0.000000 5.742958
7700 78 169.599411 0.000000 1000.000000 1.616500 168.701920 -0.719005 0.000000 0.000000 0.000000 5.164379
7800 79 159.679977 0.000000 1000.000000 1.797089 158.665375 -0.782483 0.000000 0.000000 0.000000 5.467658
7900 80 164.625259 0.000000 1000.000000 2.272326 163.158905 -0.805969 0.000000 0.000000 0.000000 3.784608
8000 81 193.946426 0.000000 1000.000000 1.341553 192.792892 -0.188021 0.000000 0.000000 0.000000 4.594339
8100 82 208.112152 0.000000 1000.000000 0.930107 207.182053 0.000000 0.000000 0.000000 0.000000 3.485937
8200 83 164.406021 0.000000 1000.000000 0.871920 163.646805 -0.112703 0.000000 0.000000 0.000000 6.786951
8300 84 169.995163 0.000000 1000.000000 1.792211 168.711838 -0.508883 0.000000 0.000000 0.000000 4.857135
8400 85 182.017929 0.000000 1000.000000 0.971451 181.929596 -0.883125 0.000000 0.000000 0.000000 5.584097
8500 86 170.966095 0.000000 1000.000000 0.669331 170.916229 -0.619457 0.000000 0.000000 0.000000 6.034236
8600 87 161.071854 0.000000 1000.000000 1.004721 160.528244 -0.461103 0.000000 0.000000 0.000000 4.430872
8700 88 186.075302 0.000000 1000.000000 1.524868 185.007080 -0.456647 0.000000 0.000000 0.000000 5.133130
8800 89 189.642700 0.000000 1000.000000 2.254645 187.686218 -0.298162 0.000000 0.000000 0.000000 5.804827
8900 90 165.824066 0.000000 1000.000000 0.463555 171.282181 -1.685889 -4.235791 0.000000 0.000000 4.498446
9000 91 189.193710 0.000000 1000.000000 2.333866 187.608994 -0.749148 0.000000 0.000000 0.000000 5.680393
9100 92 169.026093 0.000000 1000.000000 1.799057 171.988159 -1.446977 -3.314141 0.000000 0.000000 6.174855
9200 93 169.398315 0.000000 1000.000000 0.486741 168.911575 0.000000 0.000000 0.000000 0.000000 7.156589
9300 94 156.543564 0.000000 1000.000000 0.999950 154.806000 -0.787620 1.525226 0.000000 0.000000 8.893771
9400 95 181.799011 0.000000 1000.000000 0.700218 178.822113 -1.257932 3.534602 0.000000 0.000000 7.192214
9500 96 163.818420 0.000000 1000.000000 0.914155 162.904266 0.000000 0.000000 0.000000 0.000000 3.639498
9600 97 160.504822 0.000000 1000.000000 1.497854 159.721878 -0.714910 0.000000 0.000000 0.000000 4.662344
9700 98 158.992630 0.000000 1000.000000 0.964014 158.745560 -0.716954 0.000000 0.000000 0.000000 4.538990
9800 99 181.570587 0.000000 1000.000000 0.304583 182.204102 -0.938089 0.000000 0.000000 0.000000 5.797917
9900 100 195.025620 0.000000 1000.000000 1.490193 193.688309 -0.152882 0.000000 0.000000 0.000000 4.456013
10000 101 177.350922 0.000000 1000.000000 1.028393 174.862366 -0.977141 2.437307 0.000000 0.000000 5.648282
10100 102 169.863586 0.000000 1000.000000 0.863598 170.419205 -1.419217 0.000000 0.000000 0.000000 5.457604
10200 103 185.804276 0.000000 1000.000000 0.265212 185.539062 0.000000 0.000000 0.000000 0.000000 6.572851
10300 104 176.469666 0.000000 1000.000000 2.218615 174.284073 -0.033017 0.000000 0.000000 0.000000 4.394262
10400 105 164.601578 0.000000 1000.000000 0.515142 164.932877 -0.846441 0.000000 0.000000 0.000000 3.546375
10500 106 159.086868 0.000000 1000.000000 1.006730 158.108795 -0.028652 0.000000 0.000000 0.000000 4.466940
10600 107 163.857574 0.000000 1000.000000 1.044516 163.630371 -0.817303 0.000000 0.000000 0.000000 4.142152
10700 108 173.977463 0.000000 1000.000000 0.815776 173.161682 0.000000 0.000000 0.000000 0.000000 5.610903
10800 109 170.568375 0.000000 1000.000000 0.952495 169.615875 0.000000 0.000000 0.000000 0.000000 6.378039
10900 110 177.917068 0.000000 1000.000000 0.483900 178.354187 -0.921017 0.000000 0.000000 0.000000 7.745988
11000 111 161.731216 0.000000 1000.000000 0.512680 161.469696 -0.251166 0.000000 0.000000 0.000000 5.409742
11100 112 157.131027 0.000000 1000.000000 0.529695 156.644623 -0.043283 0.000000 0.000000 0.000000 7.019674
11200 113 158.880951 0.000000 1000.000000 0.651181 158.451599 -0.221829 0.000000 0.000000 0.000000 5.262999
11300 114 157.205093 0.000000 1000.000000 0.113769 157.130554 -0.039231 0.000000 0.000000 0.000000 5.294136
11400 115 175.827606 0.000000 1000.000000 0.679943 175.147659 0.000000 0.000000 0.000000 0.000000 6.320514
11500 116 150.243408 0.000000 1000.000000 0.437382 150.648636 -0.842602 0.000000 0.000000 0.000000 6.253930
11600 117 163.196732 0.000000 1000.000000 0.173076 163.066086 -0.042430 0.000000 0.000000 0.000000 4.805862
11700 118 165.013062 0.000000 1000.000000 0.684029 164.329025 0.000000 0.000000 0.000000 0.000000 5.541921
11800 119 172.767288 0.000000 1000.000000 2.090644 170.760071 -0.083413 0.000000 0.000000 0.000000 5.950766
11900 120 179.057602 0.000000 1000.000000 0.551797 179.529419 -1.023620 0.000000 0.000000 0.000000 7.534885
12000 121 185.851028 0.000000 1000.000000 2.403305 183.447723 0.000000 0.000000 0.000000 0.000000 5.665292
12100 122 168.530365 0.000000 1000.000000 1.476057 167.090424 -0.036110 0.000000 0.000000 0.000000 6.439261
12200 123 169.051926 0.000000 1000.000000 0.372898 168.679031 0.000000 0.000000 0.000000 0.000000 4.551137
12300 124 165.185333 0.000000 1000.000000 0.366076 165.038986 -0.219721 0.000000 0.000000 0.000000 6.590055
12400 125 180.646225 0.000000 1000.000000 1.411273 179.321152 -0.086199 0.000000 0.000000 0.000000 8.870816
12500 126 169.791473 0.000000 1000.000000 0.474368 169.396149 -0.079039 0.000000 0.000000 0.000000 8.085771
12600 127 176.988251 0.000000 1000.000000 0.790377 176.197876 0.000000 0.000000 0.000000 0.000000 8.448509
12700 128 160.458618 0.000000 1000.000000 1.053662 159.404953 0.000000 0.000000 0.000000 0.000000 9.709738
12800 129 152.627411 0.000000 1000.000000 0.318829 152.308578 0.000000 0.000000 0.000000 0.000000 11.619952
12900 130 165.442673 0.000000 1000.000000 0.631500 165.370422 -0.559257 0.000000 0.000000 0.000000 7.899949
13000 131 173.662735 0.000000 1000.000000 1.315457 172.347275 0.000000 0.000000 0.000000 0.000000 6.227133
13100 132 156.735474 0.000000 1000.000000 0.878991 155.856476 0.000000 0.000000 0.000000 0.000000 6.915885
13200 133 157.404999 0.000000 1000.000000 1.506230 155.898773 0.000000 0.000000 0.000000 0.000000 5.514107
13300 134 154.056534 0.000000 1000.000000 0.850962 153.242065 -0.036499 0.000000 0.000000 0.000000 7.081515
13400 135 157.407990 0.000000 1000.000000 0.254208 157.153778 0.000000 0.000000 0.000000 0.000000 7.987035
13500 136 171.832123 0.000000 1000.000000 0.208882 171.623245 0.000000 0.000000 0.000000 0.000000 4.319064
13600 137 142.338470 0.000000 1000.000000 2.550460 139.788010 0.000000 0.000000 0.000000 0.000000 5.324362
13700 138 161.581955 0.000000 1000.000000 0.437280 161.191849 -0.047175 0.000000 0.000000 0.000000 5.602570
13800 139 153.764374 0.000000 1000.000000 1.797676 151.966690 0.000000 0.000000 0.000000 0.000000 5.173719
13900 140 143.626816 0.000000 1000.000000 0.837423 142.920090 -0.130684 0.000000 0.000000 0.000000 8.372849
14000 141 147.655273 0.000000 1000.000000 1.460812 146.194458 0.000000 0.000000 0.000000 0.000000 8.588319
14100 142 138.835648 0.000000 1000.000000 0.572661 138.262985 0.000000 0.000000 0.000000 0.000000 8.297012
14200 143 142.730667 0.000000 1000.000000 2.061832 140.668839 0.000000 0.000000 0.000000 0.000000 7.199392
14300 144 158.008804 0.000000 1000.000000 2.265915 155.742889 0.000000 0.000000 0.000000 0.000000 9.041243
14400 145 149.659988 0.000000 1000.000000 0.481484 149.178497 0.000000 0.000000 0.000000 0.000000 8.435975
14500 146 158.421387 0.000000 1000.000000 0.743631 157.677750 0.000000 0.000000 0.000000 0.000000 9.886482
14600 147 136.804138 0.000000 1000.000000 1.067445 135.736694 0.000000 0.000000 0.000000 0.000000 7.326791
14700 148 148.096786 0.000000 1000.000000 0.571116 147.525665 0.000000 0.000000 0.000000 0.000000 6.848209
14800 149 154.152939 0.000000 1000.000000 0.892621 153.296616 -0.036304 0.000000 0.000000 0.000000 8.605416
14900 150 146.674316 0.000000 1000.000000 0.365460 146.308853 0.000000 0.000000 0.000000 0.000000 5.477423
15000 151 140.412415 0.000000 1000.000000 0.394019 140.018402 0.000000 0.000000 0.000000 0.000000 8.454226
15100 152 152.278412 0.000000 1000.000000 1.445205 150.833206 0.000000 0.000000 0.000000 0.000000 7.262667
15200 153 144.025879 0.000000 1000.000000 0.236892 143.788986 0.000000 0.000000 0.000000 0.000000 7.163347
15300 154 162.855728 0.000000 1000.000000 0.796474 162.059250 0.000000 0.000000 0.000000 0.000000 6.595502
15400 155 150.370438 0.000000 1000.000000 0.397743 150.378281 -0.405580 0.000000 0.000000 0.000000 7.026094
15500 156 163.328232 0.000000 1000.000000 2.577694 160.750534 0.000000 0.000000 0.000000 0.000000 6.066905
15600 157 149.406570 0.000000 1000.000000 0.537260 149.019531 -0.150221 0.000000 0.000000 0.000000 7.631855
15700 158 154.010498 0.000000 1000.000000 0.704917 153.464417 -0.158822 0.000000 0.000000 0.000000 7.368373
15800 159 151.107178 0.000000 1000.000000 1.007503 150.099670 0.000000 0.000000 0.000000 0.000000 8.429446
15900 160 147.768707 0.000000 1000.000000 0.410561 147.358139 0.000000 0.000000 0.000000 0.000000 8.986939
16000 161 160.299820 0.000000 1000.000000 1.101106 159.198715 0.000000 0.000000 0.000000 0.000000 9.282866
16100 162 136.112228 0.000000 1000.000000 1.447037 134.665192 0.000000 0.000000 0.000000 0.000000 10.765823
16200 163 144.166092 0.000000 1000.000000 0.405116 143.760971 0.000000 0.000000 0.000000 0.000000 12.672376
16300 164 130.293900 0.000000 1000.000000 1.210763 129.083130 0.000000 0.000000 0.000000 0.000000 8.937139
16400 165 138.908020 0.000000 1000.000000 0.871512 138.036514 0.000000 0.000000 0.000000 0.000000 8.079491
16500 166 128.503372 0.000000 1000.000000 0.246781 128.256592 0.000000 0.000000 0.000000 0.000000 8.836788
16600 167 147.906769 0.000000 1000.000000 0.612254 147.294510 0.000000 0.000000 0.000000 0.000000 7.211935
16700 168 140.939667 0.000000 1000.000000 0.610374 140.363480 -0.034185 0.000000 0.000000 0.000000 10.315767
16800 169 139.470917 0.000000 1000.000000 1.837312 137.633606 0.000000 0.000000 0.000000 0.000000 10.502163
16900 170 143.099869 0.000000 1000.000000 2.079002 141.020874 0.000000 0.000000 0.000000 0.000000 8.849775
17000 171 142.334000 0.000000 1000.000000 0.534849 141.799149 0.000000 0.000000 0.000000 0.000000 6.127135
17100 172 145.450821 0.000000 1000.000000 0.527152 144.923676 0.000000 0.000000 0.000000 0.000000 8.156195
17200 173 151.080582 0.000000 1000.000000 1.776969 149.356125 -0.052507 0.000000 0.000000 0.000000 8.478656
17300 174 155.495224 0.000000 1000.000000 2.137963 153.471802 -0.114545 0.000000 0.000000 0.000000 6.313816
17400 175 153.917847 0.000000 1000.000000 0.486918 153.484131 -0.053201 0.000000 0.000000 0.000000 6.004411
17500 176 149.157471 0.000000 1000.000000 0.840788 148.316681 0.000000 0.000000 0.000000 0.000000 6.864295
17600 177 159.931076 0.000000 1000.000000 0.420576 159.872131 -0.361633 0.000000 0.000000 0.000000 11.291821
17700 178 137.668213 0.000000 1000.000000 1.387606 136.322968 -0.042364 0.000000 0.000000 0.000000 8.622509
17800 179 140.843063 0.000000 1000.000000 1.066055 139.777008 0.000000 0.000000 0.000000 0.000000 9.229265
17900 180 141.664825 0.000000 1000.000000 0.675810 140.989014 0.000000 0.000000 0.000000 0.000000 10.537406
18000 181 145.810440 0.000000 1000.000000 3.332733 142.530960 -0.053260 0.000000 0.000000 0.000000 6.350185
18100 182 151.896103 0.000000 1000.000000 0.944783 150.951324 0.000000 0.000000 0.000000 0.000000 7.843745
18200 183 140.052765 0.000000 1000.000000 1.446557 138.606201 0.000000 0.000000 0.000000 0.000000 8.008669
18300 184 128.763962 0.000000 1000.000000 1.313037 127.450928 0.000000 0.000000 0.000000 0.000000 8.070888
18400 185 145.495987 0.000000 1000.000000 0.556924 144.939056 0.000000 0.000000 0.000000 0.000000 8.229260
18500 186 143.698120 0.000000 1000.000000 0.410697 143.287430 0.000000 0.000000 0.000000 0.000000 8.906260
18600 187 153.524551 0.000000 1000.000000 1.186517 152.338028 0.000000 0.000000 0.000000 0.000000 9.655943
18700 188 150.832474 0.000000 1000.000000 0.218504 150.613968 0.000000 0.000000 0.000000 0.000000 5.523355
18800 189 137.662643 0.000000 1000.000000 0.381538 137.361130 -0.080024 0.000000 0.000000 0.000000 6.614359
18900 190 126.652451 0.000000 1000.000000 0.874590 125.777863 0.000000 0.000000 0.000000 0.000000 6.470810
19000 191 135.433502 0.000000 1000.000000 0.408462 135.025040 0.000000 0.000000 0.000000 0.000000 7.240392
19100 192 146.028595 0.000000 1000.000000 1.131083 144.897507 0.000000 0.000000 0.000000 0.000000 9.172114
19200 193 132.305634 0.000000 1000.000000 1.465490 130.840149 0.000000 0.000000 0.000000 0.000000 8.879178
19300 194 134.079208 0.000000 1000.000000 2.289470 131.789734 0.000000 0.000000 0.000000 0.000000 7.033078
19400 195 143.825043 0.000000 1000.000000 0.723247 143.101791 0.000000 0.000000 0.000000 0.000000 9.703251
19500 196 136.539642 0.000000 1000.000000 0.190506 136.349136 0.000000 0.000000 0.000000 0.000000 10.503239
19600 197 145.389465 0.000000 1000.000000 1.176170 144.213303 0.000000 0.000000 0.000000 0.000000 10.261070
19700 198 152.532913 0.000000 1000.000000 1.005507 151.599792 -0.072388 0.000000 0.000000 0.000000 6.670699
19800 199 119.407158 0.000000 1000.000000 0.297604 119.109550 0.000000 0.000000 0.000000 0.000000 11.885141
19900 200 130.904648 0.000000 1000.000000 1.424053 129.480591 0.000000 0.000000 0.000000 0.000000 9.904562
20000 201 162.395386 0.000000 1000.000000 0.817341 161.690659 -0.112608 0.000000 0.000000 0.000000 7.012974
20100 202 143.049011 0.000000 1000.000000 1.936737 141.112274 0.000000 0.000000 0.000000 0.000000 8.074827
20200 203 139.077515 0.000000 1000.000000 0.354522 138.776398 -0.053405 0.000000 0.000000 0.000000 7.356409
20300 204 142.639816 0.000000 1000.000000 1.099123 141.540695 0.000000 0.000000 0.000000 0.000000 10.254581
20400 205 130.580750 0.000000 1000.000000 2.006820 128.573929 0.000000 0.000000 0.000000 0.000000 8.018185
20500 206 147.085663 0.000000 1000.000000 0.275678 146.852646 -0.042664 0.000000 0.000000 0.000000 8.994280
20600 207 135.836884 0.000000 1000.000000 0.469729 135.367157 0.000000 0.000000 0.000000 0.000000 9.263665
20700 208 148.361176 0.000000 1000.000000 0.698512 147.662659 0.000000 0.000000 0.000000 0.000000 13.332287
20800 209 161.056152 0.000000 1000.000000 1.409539 159.646606 0.000000 0.000000 0.000000 0.000000 9.152921
20900 210 164.333740 0.000000 1000.000000 1.618764 162.771164 -0.056182 0.000000 0.000000 0.000000 9.245268
21000 211 148.170715 0.000000 1000.000000 0.937476 147.278656 -0.045415 0.000000 0.000000 0.000000 9.644674
21100 212 150.990112 0.000000 1000.000000 0.314269 150.675842 0.000000 0.000000 0.000000 0.000000 11.941133
21200 213 143.591736 0.000000 1000.000000 0.490621 143.101120 0.000000 0.000000 0.000000 0.000000 9.349063
21300 214 142.123993 0.000000 1000.000000 1.013320 141.110672 0.000000 0.000000 0.000000 0.000000 11.395082
21400 215 139.472504 0.000000 1000.000000 0.512489 138.960022 0.000000 0.000000 0.000000 0.000000 10.009954
21500 216 140.506378 0.000000 1000.000000 0.590003 139.916382 0.000000 0.000000 0.000000 0.000000 13.547202
21600 217 140.940643 0.000000 1000.000000 0.475953 140.517807 -0.053111 0.000000 0.000000 0.000000 9.828356
21700 218 146.086853 0.000000 1000.000000 0.290239 146.138046 -0.341427 0.000000 0.000000 0.000000 11.207253
21800 219 162.699921 0.000000 1000.000000 1.431017 161.268906 0.000000 0.000000 0.000000 0.000000 11.190790
21900 220 141.065781 0.000000 1000.000000 0.261738 140.804047 0.000000 0.000000 0.000000 0.000000 10.230873
22000 221 123.790375 0.000000 1000.000000 0.285886 123.504486 0.000000 0.000000 0.000000 0.000000 10.338259
22100 222 130.352798 0.000000 1000.000000 0.601853 129.750946 0.000000 0.000000 0.000000 0.000000 9.495603
22200 223 138.534576 0.000000 1000.000000 0.467755 138.066818 0.000000 0.000000 0.000000 0.000000 9.071436
22300 224 149.342300 0.000000 1000.000000 0.785992 148.556305 0.000000 0.000000 0.000000 0.000000 7.754591
22400 225 135.808105 0.000000 1000.000000 0.620532 135.804138 -0.616565 0.000000 0.000000 0.000000 7.195471
22500 226 119.630814 0.000000 1000.000000 1.007689 118.623123 0.000000 0.000000 0.000000 0.000000 6.692321
22600 227 141.885056 0.000000 1000.000000 1.086949 140.798111 0.000000 0.000000 0.000000 0.000000 9.725107
22700 228 136.061020 0.000000 1000.000000 0.159314 136.294861 -0.393162 0.000000 0.000000 0.000000 8.146204
22800 229 130.960739 0.000000 1000.000000 0.176475 130.784271 0.000000 0.000000 0.000000 0.000000 6.425709
22900 230 141.767822 0.000000 1000.000000 0.188568 141.579254 0.000000 0.000000 0.000000 0.000000 8.936704
23000 231 156.195251 0.000000 1000.000000 1.027788 155.167465 0.000000 0.000000 0.000000 0.000000 8.438227
23100 232 118.465927 0.000000 1000.000000 0.531278 117.966103 -0.031453 0.000000 0.000000 0.000000 9.797794
23200 233 128.315887 0.000000 1000.000000 0.497555 127.818329 0.000000 0.000000 0.000000 0.000000 10.812182
23300 234 141.244476 0.000000 1000.000000 0.416075 140.828400 0.000000 0.000000 0.000000 0.000000 8.568387
23400 235 160.222107 0.000000 1000.000000 0.264477 159.996307 -0.038677 0.000000 0.000000 0.000000 10.005259
23500 236 143.307571 0.000000 1000.000000 0.515800 142.791779 0.000000 0.000000 0.000000 0.000000 10.427365
23600 237 145.977219 0.000000 1000.000000 0.507576 145.516891 -0.047234 0.000000 0.000000 0.000000 8.771158
23700 238 153.719101 0.000000 1000.000000 1.671534 152.047562 0.000000 0.000000 0.000000 0.000000 7.332881
23800 239 132.011642 0.000000 1000.000000 1.048613 131.010925 -0.047899 0.000000 0.000000 0.000000 8.918764
23900 240 123.317062 0.000000 1000.000000 0.694993 122.669579 -0.047510 0.000000 0.000000 0.000000 8.654301
24000 241 126.356613 0.000000 1000.000000 0.767444 125.589172 0.000000 0.000000 0.000000 0.000000 7.621227
24100 242 126.966904 0.000000 1000.000000 0.558122 126.408783 0.000000 0.000000 0.000000 0.000000 11.748804
24200 243 133.809570 0.000000 1000.000000 0.332931 133.476639 0.000000 0.000000 0.000000 0.000000 9.569412
24300 244 156.443970 0.000000 1000.000000 0.733815 155.710159 0.000000 0.000000 0.000000 0.000000 9.721708
24400 245 128.333069 0.000000 1000.000000 0.452792 127.880272 0.000000 0.000000 0.000000 0.000000 8.438934
24500 246 124.862907 0.000000 1000.000000 0.435703 124.427200 0.000000 0.000000 0.000000 0.000000 9.838187
24600 247 128.319199 0.000000 1000.000000 1.055285 127.312325 -0.048422 0.000000 0.000000 0.000000 10.311670
24700 248 138.104645 0.000000 1000.000000 1.081459 137.068176 -0.044977 0.000000 0.000000 0.000000 8.849543
24800 249 128.055511 0.000000 1000.000000 1.046961 127.008545 0.000000 0.000000 0.000000 0.000000 9.061571
24900 250 135.934265 0.000000 1000.000000 1.609134 134.325134 0.000000 0.000000 0.000000 0.000000 7.470676
25000 251 148.947449 0.000000 1000.000000 0.524957 148.422485 0.000000 0.000000 0.000000 0.000000 8.428988
25100 252 151.636368 0.000000 1000.000000 0.718914 150.962463 -0.045014 0.000000 0.000000 0.000000 9.658880
25200 253 147.837463 0.000000 1000.000000 0.470227 147.586456 -0.219225 0.000000 0.000000 0.000000 9.257692
25300 254 124.544189 0.000000 1000.000000 0.230582 124.313606 0.000000 0.000000 0.000000 0.000000 8.414100
25400 255 134.017715 0.000000 1000.000000 0.671723 133.389496 -0.043510 0.000000 0.000000 0.000000 6.081950
25500 256 153.088806 0.000000 1000.000000 1.211514 151.877289 0.000000 0.000000 0.000000 0.000000 6.563459
25600 257 134.883789 0.000000 1000.000000 0.799330 134.084457 0.000000 0.000000 0.000000 0.000000 8.357821
25700 258 132.101746 0.000000 1000.000000 0.467162 131.739395 -0.104815 0.000000 0.000000 0.000000 7.253640
25800 259 151.180801 0.000000 1000.000000 1.889985 149.290817 0.000000 0.000000 0.000000 0.000000 7.852904
25900 260 155.108887 0.000000 1000.000000 0.168346 154.940536 0.000000 0.000000 0.000000 0.000000 9.217715
26000 261 137.801254 0.000000 1000.000000 0.495360 137.305893 0.000000 0.000000 0.000000 0.000000 9.681576
26100 262 143.730194 0.000000 1000.000000 1.104042 142.626160 0.000000 0.000000 0.000000 0.000000 9.096392
26200 263 131.456497 0.000000 1000.000000 0.320551 131.135941 0.000000 0.000000 0.000000 0.000000 11.752938
26300 264 147.987686 0.000000 1000.000000 0.677061 147.310623 0.000000 0.000000 0.000000 0.000000 8.404935
26400 265 148.419113 0.000000 1000.000000 0.849770 147.569336 0.000000 0.000000 0.000000 0.000000 8.042825
26500 266 137.372177 0.000000 1000.000000 0.451025 136.955475 -0.034316 0.000000 0.000000 0.000000 8.720808
26600 267 135.827316 0.000000 1000.000000 0.963768 134.863541 0.000000 0.000000 0.000000 0.000000 10.767701
26700 268 131.004318 0.000000 1000.000000 0.983014 130.021301 0.000000 0.000000 0.000000 0.000000 8.547397
26800 269 134.606766 0.000000 1000.000000 0.263001 134.343765 0.000000 0.000000 0.000000 0.000000 7.834270
26900 270 143.462463 0.000000 1000.000000 0.284561 143.177902 0.000000 0.000000 0.000000 0.000000 9.241361
27000 271 129.980179 0.000000 1000.000000 0.624054 129.356125 0.000000 0.000000 0.000000 0.000000 6.877978
27100 272 130.560196 0.000000 1000.000000 0.482573 130.077621 0.000000 0.000000 0.000000 0.000000 8.504504
27200 273 147.898987 0.000000 1000.000000 2.635659 145.263321 0.000000 0.000000 0.000000 0.000000 6.285124
27300 274 142.605515 0.000000 1000.000000 0.338346 142.267166 0.000000 0.000000 0.000000 0.000000 8.221786
27400 275 158.230423 0.000000 1000.000000 2.283523 155.946899 0.000000 0.000000 0.000000 0.000000 7.748914
27500 276 141.587555 0.000000 1000.000000 0.475209 141.152512 -0.040165 0.000000 0.000000 0.000000 7.821718
27600 277 157.810486 0.000000 1000.000000 0.650359 157.160126 0.000000 0.000000 0.000000 0.000000 9.360634
27700 278 142.008530 0.000000 1000.000000 1.774571 140.233963 0.000000 0.000000 0.000000 0.000000 7.605500
27800 279 152.895264 0.000000 1000.000000 0.431142 152.464127 0.000000 0.000000 0.000000 0.000000 7.853125
27900 280 160.606018 0.000000 1000.000000 0.535210 160.070801 0.000000 0.000000 0.000000 0.000000 6.003997
28000 281 148.188232 0.000000 1000.000000 0.270378 147.917862 0.000000 0.000000 0.000000 0.000000 5.908306
28100 282 156.001114 0.000000 1000.000000 0.851363 155.149750 0.000000 0.000000 0.000000 0.000000 6.685128
28200 283 153.140549 0.000000 1000.000000 0.416209 152.786438 -0.062097 0.000000 0.000000 0.000000 11.254326
28300 284 131.112717 0.000000 1000.000000 1.504520 129.662292 -0.054100 0.000000 0.000000 0.000000 8.808690
28400 285 134.701019 0.000000 1000.000000 0.636111 134.064911 0.000000 0.000000 0.000000 0.000000 9.465408
28500 286 137.692841 0.000000 1000.000000 1.487931 136.204910 0.000000 0.000000 0.000000 0.000000 10.191512
28600 287 140.141846 0.000000 1000.000000 0.333209 139.808640 0.000000 0.000000 0.000000 0.000000 11.163096
28700 288 141.003967 0.000000 1000.000000 1.016765 139.987198 0.000000 0.000000 0.000000 0.000000 8.395589
28800 289 135.320663 0.000000 1000.000000 0.459930 134.860733 0.000000 0.000000 0.000000 0.000000 7.964178
28900 290 134.598053 0.000000 1000.000000 0.445398 134.152649 0.000000 0.000000 0.000000 0.000000 8.846044
29000 291 139.875320 0.000000 1000.000000 1.154874 138.720444 0.000000 0.000000 0.000000 0.000000 7.608275
29100 292 136.695175 0.000000 1000.000000 1.958575 134.792496 -0.055895 0.000000 0.000000 0.000000 7.248580
29200 293 146.111389 0.000000 1000.000000 0.326015 145.785370 0.000000 0.000000 0.000000 0.000000 6.343212
29300 294 142.825607 0.000000 1000.000000 0.346489 142.479111 0.000000 0.000000 0.000000 0.000000 7.851081
29400 295 129.749405 0.000000 1000.000000 0.627183 129.122223 0.000000 0.000000 0.000000 0.000000 7.544964
29500 296 128.434250 0.000000 1000.000000 0.495884 127.938370 0.000000 0.000000 0.000000 0.000000 9.289279
29600 297 141.106918 0.000000 1000.000000 0.303585 140.803329 0.000000 0.000000 0.000000 0.000000 8.438584
29700 298 150.028351 0.000000 1000.000000 0.443911 149.584442 0.000000 0.000000 0.000000 0.000000 8.490012
29800 299 128.514328 0.000000 1000.000000 0.221409 128.292923 0.000000 0.000000 0.000000 0.000000 9.755761
29900 300 144.174774 0.000000 1000.000000 1.178874 142.995895 0.000000 0.000000 0.000000 0.000000 9.536054
30000 301 142.703690 0.000000 1000.000000 0.940717 141.762970 0.000000 0.000000 0.000000 0.000000 9.454085
30100 302 147.033905 0.000000 1000.000000 0.838394 146.195511 0.000000 0.000000 0.000000 0.000000 10.826483
30200 303 146.457230 0.000000 1000.000000 0.276044 146.181183 0.000000 0.000000 0.000000 0.000000 9.926725
30300 304 140.501022 0.000000 1000.000000 0.245467 140.255554 0.000000 0.000000 0.000000 0.000000 10.849387
30400 305 144.720856 0.000000 1000.000000 0.870175 144.054306 -0.203631 0.000000 0.000000 0.000000 12.981606
30500 306 143.239517 0.000000 1000.000000 0.430981 142.808533 0.000000 0.000000 0.000000 0.000000 9.940681
30600 307 149.441727 0.000000 1000.000000 0.503427 148.938293 0.000000 0.000000 0.000000 0.000000 11.412243
30700 308 135.507767 0.000000 1000.000000 0.070966 135.436798 0.000000 0.000000 0.000000 0.000000 10.395461
30800 309 152.623886 0.000000 1000.000000 0.413654 152.210236 0.000000 0.000000 0.000000 0.000000 12.974041
30900 310 155.269409 0.000000 1000.000000 1.701448 153.567963 0.000000 0.000000 0.000000 0.000000 8.411383
31000 311 145.015030 0.000000 1000.000000 0.376252 144.638779 0.000000 0.000000 0.000000 0.000000 10.026289
31100 312 147.119873 0.000000 1000.000000 0.191179 146.928696 0.000000 0.000000 0.000000 0.000000 9.939652
31200 313 141.513229 0.000000 1000.000000 0.774245 140.738983 0.000000 0.000000 0.000000 0.000000 10.437966
31300 314 136.949982 0.000000 1000.000000 1.004049 135.945938 0.000000 0.000000 0.000000 0.000000 10.047112
31400 315 150.489151 0.000000 1000.000000 1.491012 148.998138 0.000000 0.000000 0.000000 0.000000 8.694496
31500 316 137.747345 0.000000 1000.000000 0.794983 136.952362 0.000000 0.000000 0.000000 0.000000 7.997048
31600 317 154.801117 0.000000 1000.000000 0.497980 154.303131 0.000000 0.000000 0.000000 0.000000 8.264188
31700 318 140.849289 0.000000 1000.000000 0.592796 140.256500 0.000000 0.000000 0.000000 0.000000 9.876705
31800 319 146.406433 0.000000 1000.000000 0.528881 145.877548 0.000000 0.000000 0.000000 0.000000 9.753014
31900 320 152.301361 0.000000 1000.000000 0.400073 151.901291 0.000000 0.000000 0.000000 0.000000 11.235553
32000 321 142.827454 0.000000 1000.000000 0.446688 142.380768 0.000000 0.000000 0.000000 0.000000 8.472424
32100 322 152.568817 0.000000 1000.000000 0.322825 153.207870 -0.961880 0.000000 0.000000 0.000000 7.296167
32200 323 137.231537 0.000000 1000.000000 1.450884 136.760864 -0.980209 0.000000 0.000000 0.000000 8.513512
32300 324 130.348022 0.000000 1000.000000 0.463536 129.884491 0.000000 0.000000 0.000000 0.000000 9.916737
32400 325 146.254852 0.000000 1000.000000 0.247594 146.930511 -0.923250 0.000000 0.000000 0.000000 8.045526
32500 326 135.555237 0.000000 1000.000000 0.597426 134.957809 0.000000 0.000000 0.000000 0.000000 7.535532
32600 327 140.355942 0.000000 1000.000000 1.092052 139.263885 0.000000 0.000000 0.000000 0.000000 9.566150
32700 328 152.104813 0.000000 1000.000000 2.608045 149.496765 0.000000 0.000000 0.000000 0.000000 7.346026
32800 329 137.086395 0.000000 1000.000000 0.578143 136.508255 0.000000 0.000000 0.000000 0.000000 11.711742
32900 330 148.467529 0.000000 1000.000000 1.500906 146.966629 0.000000 0.000000 0.000000 0.000000 11.611675
33000 331 155.184967 0.000000 1000.000000 1.334359 153.850601 0.000000 0.000000 0.000000 0.000000 9.708164
33100 332 131.813705 0.000000 1000.000000 2.038284 129.775421 0.000000 0.000000 0.000000 0.000000 7.514759
33200 333 141.711639 0.000000 1000.000000 0.530376 141.222168 -0.040915 0.000000 0.000000 0.000000 12.546478
33300 334 138.812057 0.000000 1000.000000 1.267522 137.765305 -0.220763 0.000000 0.000000 0.000000 9.495405
33400 335 147.638016 0.000000 1000.000000 3.653664 144.408813 -0.424475 0.000000 0.000000 0.000000 7.897948
33500 336 145.613510 0.000000 1000.000000 0.336931 145.276581 0.000000 0.000000 0.000000 0.000000 7.515580
33600 337 157.003693 0.000000 1000.000000 0.535054 156.468643 0.000000 0.000000 0.000000 0.000000 7.097471
33700 338 137.768890 0.000000 1000.000000 0.626779 137.508469 -0.366368 0.000000 0.000000 0.000000 8.950695
33800 339 138.842010 0.000000 1000.000000 0.270261 138.915512 -0.343766 0.000000 0.000000 0.000000 8.136594
33900 340 135.330978 0.000000 1000.000000 0.400560 134.930420 0.000000 0.000000 0.000000 0.000000 9.761671
34000 341 124.052383 0.000000 1000.000000 0.322876 123.729507 0.000000 0.000000 0.000000 0.000000 8.776620
34100 342 136.509125 0.000000 1000.000000 1.096993 135.412125 0.000000 0.000000 0.000000 0.000000 9.550822
34200 343 141.620346 0.000000 1000.000000 0.231838 141.388504 0.000000 0.000000 0.000000 0.000000 7.463769
34300 344 132.304581 0.000000 1000.000000 0.537468 131.767120 0.000000 0.000000 0.000000 0.000000 10.140330
34400 345 126.121628 0.000000 1000.000000 0.393317 126.160728 -0.432420 0.000000 0.000000 0.000000 8.663719
34500 346 128.580811 0.000000 1000.000000 0.341414 128.296402 -0.057010 0.000000 0.000000 0.000000 8.834703
34600 347 138.538025 0.000000 1000.000000 0.240209 138.297821 0.000000 0.000000 0.000000 0.000000 10.293079
34700 348 137.669647 0.000000 1000.000000 0.253217 137.416428 0.000000 0.000000 0.000000 0.000000 10.645977
34800 349 154.985596 0.000000 1000.000000 0.712901 154.272690 0.000000 0.000000 0.000000 0.000000 8.633989
34900 350 128.604965 0.000000 1000.000000 1.441725 127.500771 -0.337523 0.000000 0.000000 0.000000 9.175837
35000 351 123.132347 0.000000 1000.000000 1.291542 122.128510 -0.287703 0.000000 0.000000 0.000000 10.967104
35100 352 135.415543 0.000000 1000.000000 0.304189 135.401840 -0.290477 0.000000 0.000000 0.000000 9.441383
35200 353 135.730042 0.000000 1000.000000 1.102589 134.987869 -0.360407 0.000000 0.000000 0.000000 12.334244
35300 354 132.160934 0.000000 1000.000000 0.745118 131.415817 0.000000 0.000000 0.000000 0.000000 8.744591
35400 355 125.339348 0.000000 1000.000000 0.217007 125.301857 -0.179520 0.000000 0.000000 0.000000 10.709361
35500 356 144.758408 0.000000 1000.000000 0.536328 144.222076 0.000000 0.000000 0.000000 0.000000 11.848288
35600 357 144.881516 0.000000 1000.000000 2.375315 142.506195 0.000000 0.000000 0.000000 0.000000 10.568689
35700 358 120.230614 0.000000 1000.000000 0.328205 119.902412 0.000000 0.000000 0.000000 0.000000 9.886066
35800 359 122.126572 0.000000 1000.000000 0.200607 121.925964 0.000000 0.000000 0.000000 0.000000 9.623161
35900 360 118.328049 0.000000 1000.000000 0.356989 117.971062 0.000000 0.000000 0.000000 0.000000 8.538685
36000 361 148.456497 0.000000 1000.000000 1.383594 147.072906 0.000000 0.000000 0.000000 0.000000 9.667304
36100 362 138.013992 0.000000 1000.000000 0.419866 137.594131 0.000000 0.000000 0.000000 0.000000 13.066004
36200 363 143.250229 0.000000 1000.000000 3.586802 139.663422 0.000000 0.000000 0.000000 0.000000 10.307720
36300 364 163.943466 0.000000 1000.000000 0.437469 163.695938 -0.189935 0.000000 0.000000 0.000000 13.062821
36400 365 146.614471 0.000000 1000.000000 0.164748 146.868195 -0.418468 0.000000 0.000000 0.000000 9.041981
36500 366 145.748581 0.000000 1000.000000 0.110652 145.717804 -0.079882 0.000000 0.000000 0.000000 8.631989
36600 367 136.693207 0.000000 1000.000000 0.869662 135.823547 0.000000 0.000000 0.000000 0.000000 10.367731
36700 368 152.882248 0.000000 1000.000000 0.532715 152.349533 0.000000 0.000000 0.000000 0.000000 8.892051
36800 369 139.091095 0.000000 1000.000000 0.190740 139.083603 -0.183243 0.000000 0.000000 0.000000 12.796648
36900 370 146.379044 0.000000 1000.000000 0.777321 145.601715 0.000000 0.000000 0.000000 0.000000 9.330727
37000 371 167.385727 0.000000 1000.000000 0.315138 167.070587 0.000000 0.000000 0.000000 0.000000 9.617115
37100 372 143.788940 0.000000 1000.000000 0.416985 143.737061 -0.365110 0.000000 0.000000 0.000000 10.428720
37200 373 152.009552 0.000000 1000.000000 0.929996 151.321503 -0.241941 0.000000 0.000000 0.000000 9.588096
37300 374 155.977631 0.000000 1000.000000 0.636858 155.340775 0.000000 0.000000 0.000000 0.000000 9.021770
37400 375 135.544647 0.000000 1000.000000 0.195518 135.581497 -0.232366 0.000000 0.000000 0.000000 9.232905
37500 376 157.745880 0.000000 1000.000000 0.172626 157.573257 0.000000 0.000000 0.000000 0.000000 8.043758
37600 377 149.988342 0.000000 1000.000000 0.179225 149.809113 0.000000 0.000000 0.000000 0.000000 13.620504
37700 378 154.075439 0.000000 1000.000000 0.728408 153.347031 0.000000 0.000000 0.000000 0.000000 10.930263
37800 379 151.202698 0.000000 1000.000000 0.685510 150.517181 0.000000 0.000000 0.000000 0.000000 7.162682
37900 380 144.603653 0.000000 1000.000000 0.359478 144.413651 -0.169485 0.000000 0.000000 0.000000 8.841356
38000 381 155.169312 0.000000 1000.000000 0.470759 154.698547 0.000000 0.000000 0.000000 0.000000 8.925797
38100 382 142.344543 0.000000 1000.000000 1.418201 140.926346 0.000000 0.000000 0.000000 0.000000 9.122226
38200 383 123.474716 0.000000 1000.000000 0.180090 123.294624 0.000000 0.000000 0.000000 0.000000 8.769756
38300 384 134.136871 0.000000 1000.000000 0.794778 133.342087 0.000000 0.000000 0.000000 0.000000 6.749240
38400 385 146.272675 0.000000 1000.000000 0.632260 145.640411 0.000000 0.000000 0.000000 0.000000 10.134029
38500 386 140.453186 0.000000 1000.000000 0.508213 139.944977 0.000000 0.000000 0.000000 0.000000 9.860645
38600 387 134.018600 0.000000 1000.000000 0.417312 133.601288 0.000000 0.000000 0.000000 0.000000 10.632744
38700 388 135.116302 0.000000 1000.000000 0.379634 134.736664 0.000000 0.000000 0.000000 0.000000 9.726351
38800 389 150.811798 0.000000 1000.000000 0.703428 150.108368 0.000000 0.000000 0.000000 0.000000 10.199720
38900 390 144.126755 0.000000 1000.000000 0.437911 143.688843 0.000000 0.000000 0.000000 0.000000 8.846180
39000 391 129.582428 0.000000 1000.000000 0.488976 129.093460 0.000000 0.000000 0.000000 0.000000 8.493214
39100 392 125.752190 0.000000 1000.000000 0.259331 125.492859 0.000000 0.000000 0.000000 0.000000 8.721611
39200 393 152.035889 0.000000 1000.000000 0.223835 151.866531 -0.054479 0.000000 0.000000 0.000000 7.642251
39300 394 127.934608 0.000000 1000.000000 0.219803 127.772598 -0.057794 0.000000 0.000000 0.000000 8.127817
39400 395 143.467712 0.000000 1000.000000 0.863037 142.604675 0.000000 0.000000 0.000000 0.000000 10.050631
39500 396 136.519913 0.000000 1000.000000 0.488810 136.031097 0.000000 0.000000 0.000000 0.000000 7.561714
39600 397 145.523422 0.000000 1000.000000 1.820869 143.702560 0.000000 0.000000 0.000000 0.000000 7.937747
39700 398 162.214005 0.000000 1000.000000 0.556808 161.657196 0.000000 0.000000 0.000000 0.000000 7.449102
39800 399 164.036316 0.000000 1000.000000 0.625504 163.410812 0.000000 0.000000 0.000000 0.000000 7.277520
39900 400 163.202499 0.000000 1000.000000 0.814111 162.425522 -0.037144 0.000000 0.000000 0.000000 9.518680
40000 401 154.202469 0.000000 1000.000000 1.634230 152.568237 0.000000 0.000000 0.000000 0.000000 8.783752
40100 402 142.003342 0.000000 1000.000000 0.480491 141.846527 -0.323676 0.000000 0.000000 0.000000 10.257635
40200 403 136.914780 0.000000 1000.000000 0.743472 136.171310 0.000000 0.000000 0.000000 0.000000 9.502129
40300 404 152.511063 0.000000 1000.000000 0.543677 151.967392 0.000000 0.000000 0.000000 0.000000 10.092297
40400 405 159.336746 0.000000 1000.000000 0.373083 158.963669 0.000000 0.000000 0.000000 0.000000 11.210114
40500 406 153.583420 0.000000 1000.000000 0.448369 153.135056 0.000000 0.000000 0.000000 0.000000 11.599273
40600 407 137.716415 0.000000 1000.000000 0.453823 137.262589 0.000000 0.000000 0.000000 0.000000 9.703275
40700 408 143.774734 0.000000 1000.000000 0.888099 142.886642 0.000000 0.000000 0.000000 0.000000 9.624764
40800 409 137.332382 0.000000 1000.000000 0.497294 136.835083 0.000000 0.000000 0.000000 0.000000 9.422532
40900 410 143.953964 0.000000 1000.000000 0.718929 143.235031 0.000000 0.000000 0.000000 0.000000 11.109482
41000 411 136.197937 0.000000 1000.000000 0.227518 135.970413 0.000000 0.000000 0.000000 0.000000 10.172399
41100 412 118.247162 0.000000 1000.000000 0.251467 117.995697 0.000000 0.000000 0.000000 0.000000 10.503729
41200 413 157.568222 0.000000 1000.000000 0.206775 157.361450 0.000000 0.000000 0.000000 0.000000 10.742006
41300 414 142.324860 0.000000 1000.000000 0.408214 141.916641 0.000000 0.000000 0.000000 0.000000 8.945239
41400 415 144.620712 0.000000 1000.000000 0.717175 143.903534 0.000000 0.000000 0.000000 0.000000 9.890157
41500 416 133.134720 0.000000 1000.000000 0.596872 132.537842 0.000000 0.000000 0.000000 0.000000 9.876124
41600 417 135.480408 0.000000 1000.000000 0.565741 134.914673 0.000000 0.000000 0.000000 0.000000 9.048700
41700 418 146.342590 0.000000 1000.000000 1.390508 144.952087 0.000000 0.000000 0.000000 0.000000 9.146714
41800 419 137.285690 0.000000 1000.000000 0.265127 137.020569 0.000000 0.000000 0.000000 0.000000 8.409583
41900 420 157.924240 0.000000 1000.000000 0.691693 157.232544 0.000000 0.000000 0.000000 0.000000 11.291278
42000 421 143.953293 0.000000 1000.000000 0.755458 143.351257 -0.153432 0.000000 0.000000 0.000000 10.593437
42100 422 132.510101 0.000000 1000.000000 2.178631 130.331467 0.000000 0.000000 0.000000 0.000000 11.762503
42200 423 135.874741 0.000000 1000.000000 0.492341 135.382401 0.000000 0.000000 0.000000 0.000000 9.242250
42300 424 145.141586 0.000000 1000.000000 0.548499 144.593094 0.000000 0.000000 0.000000 0.000000 10.076327
42400 425 144.485886 0.000000 1000.000000 0.739887 143.746002 0.000000 0.000000 0.000000 0.000000 9.877229
42500 426 127.934685 0.000000 1000.000000 0.617748 127.316940 0.000000 0.000000 0.000000 0.000000 10.670738
42600 427 141.054916 0.000000 1000.000000 1.478592 139.576324 0.000000 0.000000 0.000000 0.000000 8.917480
42700 428 152.613770 0.000000 1000.000000 0.721857 151.891907 0.000000 0.000000 0.000000 0.000000 9.852016
42800 429 144.643127 0.000000 1000.000000 1.098912 143.544220 0.000000 0.000000 0.000000 0.000000 9.714577
42900 430 148.149170 0.000000 1000.000000 0.410768 147.967789 -0.229381 0.000000 0.000000 0.000000 9.384832
43000 431 145.000473 0.000000 1000.000000 1.789490 143.210983 0.000000 0.000000 0.000000 0.000000 12.965445
43100 432 144.648575 0.000000 1000.000000 0.872429 143.776154 0.000000 0.000000 0.000000 0.000000 10.316755
43200 433 150.317963 0.000000 1000.000000 1.110626 149.207336 0.000000 0.000000 0.000000 0.000000 9.352702
43300 434 145.308060 0.000000 1000.000000 0.415805 145.129410 -0.237158 0.000000 0.000000 0.000000 10.703234
43400 435 151.975616 0.000000 1000.000000 1.039172 150.936447 0.000000 0.000000 0.000000 0.000000 8.513195
43500 436 144.167633 0.000000 1000.000000 0.836957 143.662766 -0.332097 0.000000 0.000000 0.000000 10.984366
43600 437 136.577026 0.000000 1000.000000 0.648934 136.427994 -0.499906 0.000000 0.000000 0.000000 9.442926
43700 438 135.907333 0.000000 1000.000000 1.398745 134.508591 0.000000 0.000000 0.000000 0.000000 8.110811
43800 439 134.902695 0.000000 1000.000000 0.688257 134.278244 -0.063815 0.000000 0.000000 0.000000 7.056955
43900 440 138.094269 0.000000 1000.000000 1.673458 136.479050 -0.058248 0.000000 0.000000 0.000000 7.780986
44000 441 142.738083 0.000000 1000.000000 0.400437 142.503723 -0.166082 0.000000 0.000000 0.000000 10.625427
44100 442 145.514023 0.000000 1000.000000 0.251051 145.262970 0.000000 0.000000 0.000000 0.000000 8.724747
44200 443 146.223969 0.000000 1000.000000 2.343641 143.880325 0.000000 0.000000 0.000000 0.000000 8.832948
44300 444 144.571884 0.000000 1000.000000 0.702141 143.925369 -0.055640 0.000000 0.000000 0.000000 5.580255
44400 445 159.385696 0.000000 1000.000000 0.326763 159.058929 0.000000 0.000000 0.000000 0.000000 8.312018
44500 446 146.024979 0.000000 1000.000000 0.972306 145.220734 -0.168064 0.000000 0.000000 0.000000 9.802032
44600 447 144.111465 0.000000 1000.000000 1.260769 142.902878 -0.052191 0.000000 0.000000 0.000000 10.335674
44700 448 134.519287 0.000000 1000.000000 0.355874 134.163406 0.000000 0.000000 0.000000 0.000000 7.670162
44800 449 139.475143 0.000000 1000.000000 1.269862 138.205276 0.000000 0.000000 0.000000 0.000000 9.235928
44900 450 137.790329 0.000000 1000.000000 0.783013 137.007309 0.000000 0.000000 0.000000 0.000000 7.658864
45000 451 136.408066 0.000000 1000.000000 1.319594 135.088470 0.000000 0.000000 0.000000 0.000000 7.240040
45100 452 143.006088 0.000000 1000.000000 0.320912 142.685181 0.000000 0.000000 0.000000 0.000000 8.726041
45200 453 157.787415 0.000000 1000.000000 0.551987 157.235428 0.000000 0.000000 0.000000 0.000000 7.798841
45300 454 145.740143 0.000000 1000.000000 0.472370 145.267776 0.000000 0.000000 0.000000 0.000000 8.718347
45400 455 125.726341 0.000000 1000.000000 0.525073 125.201271 0.000000 0.000000 0.000000 0.000000 7.029935
45500 456 129.373398 0.000000 1000.000000 0.830526 128.542877 0.000000 0.000000 0.000000 0.000000 7.562409
45600 457 136.024902 0.000000 1000.000000 0.317559 135.707336 0.000000 0.000000 0.000000 0.000000 10.689661
45700 458 141.840485 0.000000 1000.000000 0.505790 141.334702 0.000000 0.000000 0.000000 0.000000 9.089105
45800 459 144.657196 0.000000 1000.000000 1.150722 143.506470 0.000000 0.000000 0.000000 0.000000 11.561358
45900 460 142.495270 0.000000 1000.000000 0.912948 141.582321 0.000000 0.000000 0.000000 0.000000 10.787980
46000 461 143.947403 0.000000 1000.000000 0.372481 143.574921 0.000000 0.000000 0.000000 0.000000 8.773551
46100 462 155.548431 0.000000 1000.000000 1.492453 154.055984 0.000000 0.000000 0.000000 0.000000 8.794779
46200 463 153.468414 0.000000 1000.000000 1.119535 152.348877 0.000000 0.000000 0.000000 0.000000 9.693501
46300 464 132.442490 0.000000 1000.000000 0.617487 131.824997 0.000000 0.000000 0.000000 0.000000 9.052049
46400 465 135.418945 0.000000 1000.000000 1.882091 133.814438 -0.277587 0.000000 0.000000 0.000000 10.861054
46500 466 130.983948 0.000000 1000.000000 1.032596 129.951355 0.000000 0.000000 0.000000 0.000000 9.253619
46600 467 129.359970 0.000000 1000.000000 0.735394 128.860352 -0.235776 0.000000 0.000000 0.000000 10.515630
46700 468 149.628830 0.000000 1000.000000 2.088851 147.539978 0.000000 0.000000 0.000000 0.000000 10.787937
46800 469 133.590347 0.000000 1000.000000 0.847392 132.742950 0.000000 0.000000 0.000000 0.000000 9.440702
46900 470 129.209320 0.000000 1000.000000 1.142374 128.066940 0.000000 0.000000 0.000000 0.000000 8.445037
47000 471 141.204483 0.000000 1000.000000 0.386885 140.871643 -0.054050 0.000000 0.000000 0.000000 10.270784
47100 472 132.448196 0.000000 1000.000000 0.820466 131.627731 0.000000 0.000000 0.000000 0.000000 8.551756
47200 473 132.668213 0.000000 1000.000000 0.232610 132.435608 0.000000 0.000000 0.000000 0.000000 9.299879
47300 474 147.882584 0.000000 1000.000000 0.787804 147.094788 0.000000 0.000000 0.000000 0.000000 8.857248
47400 475 152.666458 0.000000 1000.000000 2.028418 150.638046 0.000000 0.000000 0.000000 0.000000 8.384935
47500 476 150.767746 0.000000 1000.000000 0.547667 150.220078 0.000000 0.000000 0.000000 0.000000 7.477089
47600 477 138.634552 0.000000 1000.000000 1.371484 137.263062 0.000000 0.000000 0.000000 0.000000 8.283086
47700 478 144.295914 0.000000 1000.000000 0.993560 143.302353 0.000000 0.000000 0.000000 0.000000 8.459431
47800 479 152.193832 0.000000 1000.000000 1.343300 150.850525 0.000000 0.000000 0.000000 0.000000 7.831942
47900 480 153.757172 0.000000 1000.000000 0.730079 153.027100 0.000000 0.000000 0.000000 0.000000 9.632954
48000 481 130.096634 0.000000 1000.000000 0.933018 129.197769 -0.034153 0.000000 0.000000 0.000000 8.606620
48100 482 137.135818 0.000000 1000.000000 0.578191 136.557632 0.000000 0.000000 0.000000 0.000000 11.040501
48200 483 140.298355 0.000000 1000.000000 0.377569 139.920792 0.000000 0.000000 0.000000 0.000000 10.356444
48300 484 151.294662 0.000000 1000.000000 0.290045 151.004623 0.000000 0.000000 0.000000 0.000000 11.343334
48400 485 156.417313 0.000000 1000.000000 0.301797 156.115509 0.000000 0.000000 0.000000 0.000000 8.366860
48500 486 143.959671 0.000000 1000.000000 0.530254 143.429413 0.000000 0.000000 0.000000 0.000000 6.303258
48600 487 156.399445 0.000000 1000.000000 0.675924 155.723526 0.000000 0.000000 0.000000 0.000000 8.951273
48700 488 140.605957 0.000000 1000.000000 0.555336 140.092407 -0.041795 0.000000 0.000000 0.000000 7.350659
48800 489 117.322830 0.000000 1000.000000 0.666333 116.656494 0.000000 0.000000 0.000000 0.000000 6.663376
48900 490 133.220795 0.000000 1000.000000 0.173347 133.047455 0.000000 0.000000 0.000000 0.000000 8.397348
49000 491 127.799385 0.000000 1000.000000 0.779247 127.068375 -0.048239 0.000000 0.000000 0.000000 7.315035
49100 492 123.754143 0.000000 1000.000000 0.337634 123.416512 0.000000 0.000000 0.000000 0.000000 8.783298
49200 493 130.006561 0.000000 1000.000000 0.171909 129.834656 0.000000 0.000000 0.000000 0.000000 10.359000
49300 494 121.068184 0.000000 1000.000000 0.718112 120.350075 0.000000 0.000000 0.000000 0.000000 9.050289
49400 495 123.624405 0.000000 1000.000000 0.241344 123.383064 0.000000 0.000000 0.000000 0.000000 8.142604
49500 496 149.974655 0.000000 1000.000000 3.360333 146.614319 0.000000 0.000000 0.000000 0.000000 11.376878
49600 497 121.904007 0.000000 1000.000000 0.424402 121.479607 0.000000 0.000000 0.000000 0.000000 9.365944
49700 498 143.060059 0.000000 1000.000000 2.476892 140.583160 0.000000 0.000000 0.000000 0.000000 8.811992
49800 499 119.615128 0.000000 1000.000000 0.535455 119.079674 0.000000 0.000000 0.000000 0.000000 10.636818
49900 500 135.424942 0.000000 1000.000000 0.265917 135.159027 0.000000 0.000000 0.000000 0.000000 7.532433
50000 501 130.251328 0.000000 1000.000000 1.443878 129.144821 -0.337379 0.000000 0.000000 0.000000 8.867944
