1 1 229.947021 0.000000 1000.000000 2.338172 235.929535 -2.293821 -6.026855 0.000000 0.000000 4.771288
100 2 198.291321 0.000000 1000.000000 0.590145 197.701172 0.000000 0.000000 0.000000 0.000000 7.243383
200 3 188.216324 0.000000 1000.000000 2.475910 185.835709 -0.095286 0.000000 0.000000 0.000000 8.950605
300 4 203.440201 0.000000 1000.000000 1.407987 202.032211 0.000000 0.000000 0.000000 0.000000 10.979071
400 5 185.539261 0.000000 1000.000000 1.215716 184.323547 0.000000 0.000000 0.000000 0.000000 7.262878
500 6 202.427567 0.000000 1000.000000 1.485822 200.958313 -0.016578 0.000000 0.000000 0.000000 7.860999
600 7 201.107300 0.000000 1000.000000 1.018564 200.452255 -0.363532 0.000000 0.000000 0.000000 11.822670
700 8 185.988907 0.000000 1000.000000 0.829197 185.839401 -0.679689 0.000000 0.000000 0.000000 8.838986
800 9 193.825729 0.000000 1000.000000 0.761947 194.102859 -1.039083 0.000000 0.000000 0.000000 8.737446
900 10 196.322159 0.000000 1000.000000 0.570224 196.230682 -0.478747 0.000000 0.000000 0.000000 8.845636
1000 11 201.432495 0.000000 1000.000000 0.502246 201.367706 -0.437460 0.000000 0.000000 0.000000 7.353200
1100 12 182.472443 0.000000 1000.000000 0.262343 183.129959 -0.919862 0.000000 0.000000 0.000000 6.165821
1200 13 196.072784 0.000000 1000.000000 0.647546 195.947052 -0.521826 0.000000 0.000000 0.000000 6.436213
1300 14 197.120972 0.000000 1000.000000 0.752807 199.432556 -0.750580 -2.313807 0.000000 0.000000 6.748292
1400 15 193.167999 0.000000 1000.000000 1.143916 193.193771 -1.169694 0.000000 0.000000 0.000000 6.255236
1500 16 174.301086 0.000000 1000.000000 0.273832 179.839188 -1.433551 -4.378383 0.000000 0.000000 5.349061
1600 17 173.942184 0.000000 1000.000000 0.745423 174.206345 -1.009581 0.000000 0.000000 0.000000 7.247470
1700 18 195.034973 0.000000 1000.000000 0.273200 198.264343 -1.211012 -2.291545 0.000000 0.000000 8.471384
1800 19 202.873550 0.000000 1000.000000 1.170185 205.253525 -0.691767 -2.858380 0.000000 0.000000 7.300153
1900 20 208.582138 0.000000 1000.000000 0.505097 209.368942 -1.291900 0.000000 0.000000 0.000000 6.109325
2000 21 198.057159 0.000000 1000.000000 0.482538 200.793259 -0.888006 -2.330642 0.000000 0.000000 5.462298
2100 22 181.587509 0.000000 1000.000000 0.437927 181.599411 -0.449834 0.000000 0.000000 0.000000 9.282370
2200 23 176.467194 0.000000 1000.000000 1.011074 177.036255 -1.580135 0.000000 0.000000 0.000000 6.541524
2300 24 173.278259 0.000000 1000.000000 0.596646 179.164429 -2.660286 -3.822532 0.000000 0.000000 8.020013
2400 25 179.594727 0.000000 1000.000000 1.661134 179.300888 -1.367300 0.000000 0.000000 0.000000 8.740046
2500 26 167.911758 0.000000 1000.000000 0.791625 167.174881 -0.054745 0.000000 0.000000 0.000000 8.267502
2600 27 189.159149 0.000000 1000.000000 0.481657 189.749161 -1.071672 0.000000 0.000000 0.000000 8.810020
2700 28 249.507294 0.000000 1000.000000 1.676048 175.356216 -1.281569 73.756607 0.000000 0.000000 6.923703
2800 29 187.476776 0.000000 1000.000000 0.448829 187.027954 0.000000 0.000000 0.000000 0.000000 6.342541
2900 30 160.436981 0.000000 1000.000000 0.280589 165.608780 -0.901334 -4.551061 0.000000 0.000000 10.408080
3000 31 187.154877 0.000000 1000.000000 0.810222 190.419464 -0.469264 -3.605547 0.000000 0.000000 12.448045
3100 32 172.711853 0.000000 1000.000000 0.539336 175.310318 -0.587982 -2.549812 0.000000 0.000000 8.857416
3200 33 186.262787 0.000000 1000.000000 1.117082 185.145706 0.000000 0.000000 0.000000 0.000000 9.566824
3300 34 176.961990 0.000000 1000.000000 0.445475 180.561874 -1.271712 -2.773649 0.000000 0.000000 9.341064
3400 35 157.234848 0.000000 1000.000000 0.176928 160.895859 -0.678522 -3.159407 0.000000 0.000000 8.058147
3500 36 169.409012 0.000000 1000.000000 0.557450 168.851562 0.000000 0.000000 0.000000 0.000000 8.589479
3600 37 175.527115 0.000000 1000.000000 1.017004 174.510117 0.000000 0.000000 0.000000 0.000000 7.281032
3700 38 180.312057 0.000000 1000.000000 4.742046 175.570007 0.000000 0.000000 0.000000 0.000000 11.510193
3800 39 190.254562 0.000000 1000.000000 1.212677 189.041885 0.000000 0.000000 0.000000 0.000000 8.915218
3900 40 157.688461 0.000000 1000.000000 2.036752 155.651703 0.000000 0.000000 0.000000 0.000000 9.097733
4000 41 182.868347 0.000000 1000.000000 1.147468 181.720886 0.000000 0.000000 0.000000 0.000000 6.086278
4100 42 182.788147 0.000000 1000.000000 1.391344 181.396805 0.000000 0.000000 0.000000 0.000000 7.429833
4200 43 164.956436 0.000000 1000.000000 1.518440 163.437988 0.000000 0.000000 0.000000 0.000000 7.755042
4300 44 153.875000 0.000000 1000.000000 0.153557 153.975571 -0.254137 0.000000 0.000000 0.000000 6.898939
4400 45 171.541534 0.000000 1000.000000 0.976058 171.036163 -0.470681 0.000000 0.000000 0.000000 8.157093
4500 46 168.680939 0.000000 1000.000000 1.051381 167.629562 0.000000 0.000000 0.000000 0.000000 7.219356
4600 47 169.544785 0.000000 1000.000000 1.689676 167.855103 0.000000 0.000000 0.000000 0.000000 8.299017
4700 48 191.716171 0.000000 1000.000000 2.159968 189.556198 0.000000 0.000000 0.000000 0.000000 7.098807
4800 49 287.206818 0.000000 1000.000000 1.737940 170.252853 -2.983704 118.199722 0.000000 0.000000 5.578937
4900 50 171.300186 0.000000 1000.000000 1.244882 170.566254 -0.510961 0.000000 0.000000 0.000000 6.307042
5000 51 170.227463 0.000000 1000.000000 1.375845 170.330673 -1.479054 0.000000 0.000000 0.000000 5.798237
5100 52 172.684113 0.000000 1000.000000 1.310585 171.373535 0.000000 0.000000 0.000000 0.000000 5.528068
5200 53 171.988754 0.000000 1000.000000 1.591565 171.856949 -1.459761 0.000000 0.000000 0.000000 5.319992
5300 54 179.233856 0.000000 1000.000000 0.606178 179.282135 -0.654459 0.000000 0.000000 0.000000 6.944428
5400 55 195.133591 0.000000 1000.000000 0.904849 194.228745 0.000000 0.000000 0.000000 0.000000 9.913134
5500 56 192.202133 0.000000 1000.000000 0.289890 192.630463 -0.718220 0.000000 0.000000 0.000000 8.761225
5600 57 170.253021 0.000000 1000.000000 0.561431 174.853943 -1.549285 -3.613066 0.000000 0.000000 6.854246
5700 58 172.835754 0.000000 1000.000000 0.648120 172.501465 -0.313835 0.000000 0.000000 0.000000 7.063504
5800 59 162.889084 0.000000 1000.000000 0.715106 166.132187 -1.282472 -2.675738 0.000000 0.000000 5.812243
5900 60 168.651978 0.000000 1000.000000 2.007819 166.889847 -0.245676 0.000000 0.000000 0.000000 5.320090
6000 61 187.672028 0.000000 1000.000000 1.291227 187.247009 -0.866204 0.000000 0.000000 0.000000 3.974486
6100 62 164.700302 0.000000 1000.000000 2.146775 162.553528 0.000000 0.000000 0.000000 0.000000 5.382791
6200 63 159.634720 0.000000 1000.000000 1.112188 158.522537 0.000000 0.000000 0.000000 0.000000 6.181630
6300 64 169.396744 0.000000 1000.000000 0.525117 169.480148 -0.608525 0.000000 0.000000 0.000000 5.127301
6400 65 180.324310 0.000000 1000.000000 1.487400 178.836914 0.000000 0.000000 0.000000 0.000000 4.239911
6500 66 180.337540 0.000000 1000.000000 1.642387 178.695160 0.000000 0.000000 0.000000 0.000000 5.091145
6600 67 167.127792 0.000000 1000.000000 0.707975 166.419815 0.000000 0.000000 0.000000 0.000000 6.312870
6700 68 188.654449 0.000000 1000.000000 1.617788 187.036667 0.000000 0.000000 0.000000 0.000000 5.533278
6800 69 202.202362 0.000000 1000.000000 0.770771 201.431595 0.000000 0.000000 0.000000 0.000000 6.000246
6900 70 173.484467 0.000000 1000.000000 0.544893 172.939575 0.000000 0.000000 0.000000 0.000000 7.354411
7000 71 177.178360 0.000000 1000.000000 0.611094 176.985031 -0.417771 0.000000 0.000000 0.000000 6.198819
7100 72 169.114197 0.000000 1000.000000 0.905217 163.919891 -1.050688 5.339788 0.000000 0.000000 5.155933
7200 73 177.760452 0.000000 1000.000000 0.251524 177.508926 0.000000 0.000000 0.000000 0.000000 4.949440
7300 74 171.571381 0.000000 1000.000000 0.302784 171.548676 -0.280076 0.000000 0.000000 0.000000 5.342839
7400 75 165.295807 0.000000 1000.000000 0.373984 164.921829 0.000000 0.000000 0.000000 0.000000 5.010515
7500 76 175.199097 0.000000 1000.000000 0.269702 175.682755 -0.753357 0.000000 0.000000 0.000000 5.348229
7600 77 190.674469 0.000000 1000.000000 0.616964 190.627640 -0.570133 0.000000 0.000000 0.000000 6.118230
7700 78 166.863403 0.000000 1000.000000 0.429797 170.346161 -1.421884 -2.490664 0.000000 0.000000 6.295352
7800 79 170.222000 0.000000 1000.000000 0.255763 169.966232 0.000000 0.000000 0.000000 0.000000 5.582884
7900 80 178.190567 0.000000 1000.000000 0.314398 178.042831 -0.166657 0.000000 0.000000 0.000000 7.431257
8000 81 175.261871 0.000000 1000.000000 1.076788 174.185089 0.000000 0.000000 0.000000 0.000000 5.233349
8100 82 179.269348 0.000000 1000.000000 0.396542 182.954269 -1.306698 -2.774769 0.000000 0.000000 5.246011
8200 83 177.240295 0.000000 1000.000000 0.446975 177.694366 -0.901052 0.000000 0.000000 0.000000 5.290514
8300 84 179.699142 0.000000 1000.000000 2.939978 176.759171 0.000000 0.000000 0.000000 0.000000 5.833475
8400 85 183.260437 0.000000 1000.000000 0.689036 182.571396 0.000000 0.000000 0.000000 0.000000 6.070786
8500 86 170.260910 0.000000 1000.000000 1.513921 169.108307 -0.361312 0.000000 0.000000 0.000000 5.560483
8600 87 186.709244 0.000000 1000.000000 0.716950 185.992294 0.000000 0.000000 0.000000 0.000000 5.688955
8700 88 183.720520 0.000000 1000.000000 0.388183 183.688385 -0.356049 0.000000 0.000000 0.000000 5.113135
8800 89 167.428329 0.000000 1000.000000 1.436632 166.912476 -0.920770 0.000000 0.000000 0.000000 4.921522
8900 90 179.427185 0.000000 1000.000000 0.328423 179.098770 0.000000 0.000000 0.000000 0.000000 5.313062
9000 91 198.618744 0.000000 1000.000000 0.458972 199.139832 -0.980059 0.000000 0.000000 0.000000 6.609684
9100 92 177.820877 0.000000 1000.000000 1.656198 176.885483 -0.720816 0.000000 0.000000 0.000000 5.784187
9200 93 175.425217 0.000000 1000.000000 2.274744 173.937271 -0.786809 0.000000 0.000000 0.000000 7.723803
9300 94 161.389786 0.000000 1000.000000 0.318173 161.470566 -0.398953 0.000000 0.000000 0.000000 6.192277
9400 95 174.910217 0.000000 1000.000000 2.560617 172.349594 0.000000 0.000000 0.000000 0.000000 6.819723
9500 96 165.897537 0.000000 1000.000000 0.578293 165.319244 0.000000 0.000000 0.000000 0.000000 8.262116
9600 97 178.240326 0.000000 1000.000000 0.962671 174.954147 -1.392256 3.715756 0.000000 0.000000 5.444105
9700 98 168.073669 0.000000 1000.000000 1.080349 167.842453 -0.849131 0.000000 0.000000 0.000000 4.793205
9800 99 155.475327 0.000000 1000.000000 1.759165 153.716156 0.000000 0.000000 0.000000 0.000000 8.751935
9900 100 174.768631 0.000000 1000.000000 0.724845 174.043793 0.000000 0.000000 0.000000 0.000000 6.205176
10000 101 161.639420 0.000000 1000.000000 0.429546 161.209869 0.000000 0.000000 0.000000 0.000000 6.734478
10100 102 176.474823 0.000000 1000.000000 1.951870 174.718307 -0.195358 0.000000 0.000000 0.000000 8.564842
10200 103 162.969208 0.000000 1000.000000 1.042595 162.752151 -0.825525 0.000000 0.000000 0.000000 5.677657
10300 104 171.157791 0.000000 1000.000000 1.973783 169.938690 -0.754691 0.000000 0.000000 0.000000 6.756521
10400 105 178.064468 0.000000 1000.000000 2.190604 175.873871 0.000000 0.000000 0.000000 0.000000 7.658573
10500 106 171.087936 0.000000 1000.000000 1.255537 169.832397 0.000000 0.000000 0.000000 0.000000 6.662416
10600 107 169.596817 0.000000 1000.000000 0.722522 168.874298 0.000000 0.000000 0.000000 0.000000 6.714812
10700 108 184.664902 0.000000 1000.000000 1.575853 186.111450 -0.628552 -2.393850 0.000000 0.000000 6.573115
10800 109 173.919678 0.000000 1000.000000 0.787843 173.982697 -0.850857 0.000000 0.000000 0.000000 4.339207
10900 110 174.465973 0.000000 1000.000000 1.328284 173.423141 -0.285446 0.000000 0.000000 0.000000 6.601761
11000 111 157.273544 0.000000 1000.000000 0.988362 163.067062 -1.933488 -4.848391 0.000000 0.000000 5.156223
11100 112 171.016556 0.000000 1000.000000 1.462169 170.022675 -0.468287 0.000000 0.000000 0.000000 7.351918
11200 113 178.456970 0.000000 1000.000000 1.231903 176.230072 -0.624810 1.619811 0.000000 0.000000 7.985865
11300 114 193.703415 0.000000 1000.000000 1.204989 193.327515 -0.829085 0.000000 0.000000 0.000000 6.274076
11400 115 158.663162 0.000000 1000.000000 1.578448 157.707062 -0.622339 0.000000 0.000000 0.000000 6.518530
11500 116 177.263062 0.000000 1000.000000 3.450460 174.615265 -0.802666 0.000000 0.000000 0.000000 7.228773
11600 117 180.693390 0.000000 1000.000000 1.275511 179.417877 0.000000 0.000000 0.000000 0.000000 7.562236
11700 118 170.009857 0.000000 1000.000000 0.992345 169.944946 -0.927433 0.000000 0.000000 0.000000 5.739516
11800 119 194.531967 0.000000 1000.000000 0.389084 189.728973 -0.919276 5.333184 0.000000 0.000000 7.492811
11900 120 171.546219 0.000000 1000.000000 0.670396 171.790878 -0.915049 0.000000 0.000000 0.000000 6.208408
12000 121 168.515015 0.000000 1000.000000 0.574503 167.940506 0.000000 0.000000 0.000000 0.000000 5.463306
12100 122 168.149139 0.000000 1000.000000 0.535955 170.002487 -0.880054 -1.509254 0.000000 0.000000 6.090298
12200 123 197.526627 0.000000 1000.000000 0.733347 197.586166 -0.792885 0.000000 0.000000 0.000000 7.094312
12300 124 186.418121 0.000000 1000.000000 0.454358 185.963760 0.000000 0.000000 0.000000 0.000000 6.478519
12400 125 164.119095 0.000000 1000.000000 1.275562 162.843536 0.000000 0.000000 0.000000 0.000000 5.181453
12500 126 181.730240 0.000000 1000.000000 0.430743 181.299500 0.000000 0.000000 0.000000 0.000000 7.106416
12600 127 174.388947 0.000000 1000.000000 0.426905 177.066650 -0.842740 -2.261875 0.000000 0.000000 6.328976
12700 128 173.477142 0.000000 1000.000000 0.298796 173.490402 -0.312056 0.000000 0.000000 0.000000 7.283127
12800 129 153.549530 0.000000 1000.000000 0.328886 153.220642 0.000000 0.000000 0.000000 0.000000 8.473104
12900 130 163.517731 0.000000 1000.000000 0.416529 163.101196 0.000000 0.000000 0.000000 0.000000 7.911643
13000 131 152.393295 0.000000 1000.000000 0.765036 154.312332 -0.795723 -1.888336 0.000000 0.000000 6.578059
13100 132 166.939163 0.000000 1000.000000 0.376524 166.562637 0.000000 0.000000 0.000000 0.000000 7.716735
13200 133 169.983368 0.000000 1000.000000 1.150571 168.893204 -0.060414 0.000000 0.000000 0.000000 7.376501
13300 134 180.032669 0.000000 1000.000000 1.279365 178.753311 0.000000 0.000000 0.000000 0.000000 9.946882
13400 135 182.272095 0.000000 1000.000000 0.417914 181.854187 0.000000 0.000000 0.000000 0.000000 5.719490
13500 136 193.380447 0.000000 1000.000000 1.008456 192.786926 -0.414935 0.000000 0.000000 0.000000 5.107039
13600 137 177.515701 0.000000 1000.000000 0.197103 177.318604 0.000000 0.000000 0.000000 0.000000 7.180683
13700 138 163.488464 0.000000 1000.000000 0.652735 163.281631 -0.445908 0.000000 0.000000 0.000000 7.854584
13800 139 186.327881 0.000000 1000.000000 1.364725 185.513229 -0.550087 0.000000 0.000000 0.000000 6.519887
13900 140 187.251190 0.000000 1000.000000 0.538220 187.149063 -0.436098 0.000000 0.000000 0.000000 5.885623
14000 141 202.169174 0.000000 1000.000000 0.648367 201.520813 0.000000 0.000000 0.000000 0.000000 6.161865
14100 142 172.422775 0.000000 1000.000000 0.274694 172.148087 0.000000 0.000000 0.000000 0.000000 7.033435
14200 143 157.945892 0.000000 1000.000000 0.268921 157.676971 0.000000 0.000000 0.000000 0.000000 7.065585
14300 144 167.270752 0.000000 1000.000000 0.201056 167.069702 0.000000 0.000000 0.000000 0.000000 4.931439
14400 145 199.689072 0.000000 1000.000000 0.446926 199.559814 -0.317670 0.000000 0.000000 0.000000 6.624541
14500 146 179.132874 0.000000 1000.000000 1.487327 177.645554 0.000000 0.000000 0.000000 0.000000 6.248916
14600 147 149.889648 0.000000 1000.000000 0.581052 149.737671 -0.429077 0.000000 0.000000 0.000000 6.428734
14700 148 184.673111 0.000000 1000.000000 0.621319 184.785034 -0.733240 0.000000 0.000000 0.000000 5.067737
14800 149 175.576981 0.000000 1000.000000 1.014847 175.124863 -0.562730 0.000000 0.000000 0.000000 7.692638
14900 150 194.554123 0.000000 1000.000000 1.026498 194.535324 -1.007705 0.000000 0.000000 0.000000 6.014115
15000 151 191.369995 0.000000 1000.000000 1.091128 190.639282 -0.360415 0.000000 0.000000 0.000000 7.632115
15100 152 181.433960 0.000000 1000.000000 0.777449 181.754822 -1.098317 0.000000 0.000000 0.000000 8.013685
15200 153 178.268478 0.000000 1000.000000 0.657630 178.433548 -0.822694 0.000000 0.000000 0.000000 7.661753
15300 154 172.716751 0.000000 1000.000000 0.615771 172.100983 0.000000 0.000000 0.000000 0.000000 5.021556
15400 155 195.386551 0.000000 1000.000000 0.274796 195.442444 -0.330685 0.000000 0.000000 0.000000 4.998033
15500 156 166.842545 0.000000 1000.000000 1.258442 170.484085 -1.222366 -3.677605 0.000000 0.000000 4.914063
15600 157 170.745834 0.000000 1000.000000 0.959092 170.346710 -0.559960 0.000000 0.000000 0.000000 5.806931
15700 158 180.377487 0.000000 1000.000000 1.208172 179.169312 0.000000 0.000000 0.000000 0.000000 5.968727
15800 159 191.068054 0.000000 1000.000000 0.745202 190.322845 0.000000 0.000000 0.000000 0.000000 6.283488
15900 160 167.768066 0.000000 1000.000000 1.630489 166.137573 0.000000 0.000000 0.000000 0.000000 5.974229
16000 161 167.322388 0.000000 1000.000000 0.259493 168.892532 -1.256954 -0.572680 0.000000 0.000000 5.849689
16100 162 186.462372 0.000000 1000.000000 0.395622 186.285675 -0.218935 0.000000 0.000000 0.000000 6.256620
16200 163 176.540955 0.000000 1000.000000 1.056488 176.232056 -0.747588 0.000000 0.000000 0.000000 5.943511
16300 164 175.082916 0.000000 1000.000000 0.549532 174.533386 0.000000 0.000000 0.000000 0.000000 5.722046
16400 165 180.636658 0.000000 1000.000000 2.698903 178.630951 -0.693190 0.000000 0.000000 0.000000 5.784260
16500 166 185.313766 0.000000 1000.000000 1.627647 171.616272 -1.068001 13.137867 0.000000 0.000000 5.231742
16600 167 170.340714 0.000000 1000.000000 0.875198 169.465515 0.000000 0.000000 0.000000 0.000000 5.868051
16700 168 224.201828 0.000000 1000.000000 1.134749 180.602554 -2.347559 44.812092 0.000000 0.000000 5.843642
16800 169 178.746933 0.000000 1000.000000 0.637376 179.070190 -0.960637 0.000000 0.000000 0.000000 5.482184
16900 170 182.436493 0.000000 1000.000000 0.849968 181.586533 0.000000 0.000000 0.000000 0.000000 6.492203
17000 171 176.829742 0.000000 1000.000000 0.821358 176.008377 0.000000 0.000000 0.000000 0.000000 6.326258
17100 172 179.691010 0.000000 1000.000000 0.693715 179.965744 -0.968444 0.000000 0.000000 0.000000 8.425988
17200 173 158.660767 0.000000 1000.000000 0.777448 157.883316 0.000000 0.000000 0.000000 0.000000 8.291534
17300 174 179.900131 0.000000 1000.000000 0.945984 179.270004 -0.315858 0.000000 0.000000 0.000000 6.787765
17400 175 172.969269 0.000000 1000.000000 1.596701 172.095200 -0.722629 0.000000 0.000000 0.000000 7.474951
17500 176 183.710861 0.000000 1000.000000 1.995488 181.780411 -0.065033 0.000000 0.000000 0.000000 7.068966
17600 177 184.575500 0.000000 1000.000000 2.171894 184.358215 -1.154064 -0.800538 0.000000 0.000000 5.200969
17700 178 175.346436 0.000000 1000.000000 0.572301 174.774139 0.000000 0.000000 0.000000 0.000000 4.784433
17800 179 180.825943 0.000000 1000.000000 0.492404 180.423615 -0.090071 0.000000 0.000000 0.000000 9.688242
17900 180 166.708893 0.000000 1000.000000 0.273353 166.891876 -0.456322 0.000000 0.000000 0.000000 5.693062
18000 181 179.799515 0.000000 1000.000000 1.394685 178.915558 -0.510720 0.000000 0.000000 0.000000 7.511277
18100 182 178.079865 0.000000 1000.000000 1.839496 177.384537 -1.144167 0.000000 0.000000 0.000000 7.611468
18200 183 175.042786 0.000000 1000.000000 1.145567 174.691376 -0.794164 0.000000 0.000000 0.000000 7.927939
18300 184 162.072723 0.000000 1000.000000 2.412417 160.506836 -0.846529 0.000000 0.000000 0.000000 7.391583
18400 185 185.826385 0.000000 1000.000000 0.733272 185.093109 0.000000 0.000000 0.000000 0.000000 7.221948
18500 186 183.546600 0.000000 1000.000000 0.586142 183.218597 -0.258133 0.000000 0.000000 0.000000 7.494895
18600 187 173.005585 0.000000 1000.000000 1.497496 171.508087 0.000000 0.000000 0.000000 0.000000 8.092488
18700 188 192.890289 0.000000 1000.000000 1.662277 191.228012 0.000000 0.000000 0.000000 0.000000 8.784252
18800 189 186.372711 0.000000 1000.000000 1.227190 185.761963 -0.616436 0.000000 0.000000 0.000000 5.363091
18900 190 187.306122 0.000000 1000.000000 0.584948 186.721176 0.000000 0.000000 0.000000 0.000000 4.911280
19000 191 179.223892 0.000000 1000.000000 0.627061 178.663376 -0.066537 0.000000 0.000000 0.000000 4.637172
19100 192 179.612976 0.000000 1000.000000 1.178408 178.434570 0.000000 0.000000 0.000000 0.000000 5.676834
19200 193 203.469177 0.000000 1000.000000 0.842569 202.677414 -0.050805 0.000000 0.000000 0.000000 7.091409
19300 194 172.033279 0.000000 1000.000000 0.814287 172.061356 -0.842355 0.000000 0.000000 0.000000 7.399451
19400 195 158.869644 0.000000 1000.000000 0.727327 161.614548 -0.849707 -2.622534 0.000000 0.000000 9.638458
19500 196 194.803574 0.000000 1000.000000 0.860346 194.003632 -0.060410 0.000000 0.000000 0.000000 9.618218
19600 197 174.108307 0.000000 1000.000000 0.765388 173.342926 0.000000 0.000000 0.000000 0.000000 8.691507
19700 198 192.555420 0.000000 1000.000000 3.089056 189.726120 -0.259757 0.000000 0.000000 0.000000 8.603778
19800 199 193.209045 0.000000 1000.000000 0.757828 192.451218 0.000000 0.000000 0.000000 0.000000 7.171586
19900 200 186.855453 0.000000 1000.000000 0.329298 186.526154 0.000000 0.000000 0.000000 0.000000 8.675533
20000 201 172.003998 0.000000 1000.000000 0.529702 171.700531 -0.226238 0.000000 0.000000 0.000000 8.493088
20100 202 188.870377 0.000000 1000.000000 0.794956 191.193420 -0.802638 -2.315350 0.000000 0.000000 8.740726
20200 203 174.922379 0.000000 1000.000000 1.368574 174.014877 -0.461068 0.000000 0.000000 0.000000 7.770629
20300 204 185.954605 0.000000 1000.000000 0.817280 185.137329 0.000000 0.000000 0.000000 0.000000 7.916078
20400 205 185.488419 0.000000 1000.000000 1.152641 184.641769 -0.305986 0.000000 0.000000 0.000000 10.808285
20500 206 207.605286 0.000000 1000.000000 1.333371 197.239655 -0.912961 9.945218 0.000000 0.000000 8.308677
20600 207 179.212021 0.000000 1000.000000 1.010508 178.201508 0.000000 0.000000 0.000000 0.000000 8.457286
20700 208 190.412216 0.000000 1000.000000 1.056929 189.355286 0.000000 0.000000 0.000000 0.000000 10.146921
20800 209 196.297852 0.000000 1000.000000 0.696415 195.601440 0.000000 0.000000 0.000000 0.000000 10.026186
20900 210 180.949600 0.000000 1000.000000 0.870712 180.078888 0.000000 0.000000 0.000000 0.000000 9.296738
21000 211 161.947952 0.000000 1000.000000 0.350230 161.597717 0.000000 0.000000 0.000000 0.000000 7.474327
21100 212 169.527832 0.000000 1000.000000 1.551123 167.976715 0.000000 0.000000 0.000000 0.000000 9.313940
21200 213 185.478622 0.000000 1000.000000 2.728287 182.750336 0.000000 0.000000 0.000000 0.000000 9.291280
21300 214 185.966095 0.000000 1000.000000 1.205329 185.082123 -0.321352 0.000000 0.000000 0.000000 7.054047
21400 215 195.073944 0.000000 1000.000000 0.848573 194.695618 -0.470245 0.000000 0.000000 0.000000 7.199627
21500 216 187.516846 0.000000 1000.000000 1.414036 186.797226 -0.694412 0.000000 0.000000 0.000000 6.364311
21600 217 175.883759 0.000000 1000.000000 0.346582 175.537170 0.000000 0.000000 0.000000 0.000000 7.772666
21700 218 170.546021 0.000000 1000.000000 2.393292 168.644577 -0.491856 0.000000 0.000000 0.000000 8.867387
21800 219 170.103607 0.000000 1000.000000 0.610566 172.691498 -0.693906 -2.504545 0.000000 0.000000 8.164460
21900 220 189.989456 0.000000 1000.000000 0.620100 189.369354 0.000000 0.000000 0.000000 0.000000 9.847042
22000 221 171.699356 0.000000 1000.000000 0.546722 171.152634 0.000000 0.000000 0.000000 0.000000 7.728394
22100 222 178.264618 0.000000 1000.000000 0.450970 177.888092 -0.074450 0.000000 0.000000 0.000000 9.786071
22200 223 170.407532 0.000000 1000.000000 0.416847 169.990677 0.000000 0.000000 0.000000 0.000000 9.565990
22300 224 179.999329 0.000000 1000.000000 0.545023 182.502365 -0.401049 -2.647012 0.000000 0.000000 10.275495
22400 225 174.880722 0.000000 1000.000000 0.393489 174.487228 0.000000 0.000000 0.000000 0.000000 9.473594
22500 226 159.128571 0.000000 1000.000000 1.193759 158.134933 -0.200126 0.000000 0.000000 0.000000 11.156423
22600 227 189.684433 0.000000 1000.000000 0.719854 189.194626 -0.230042 0.000000 0.000000 0.000000 11.966106
22700 228 179.700272 0.000000 1000.000000 1.848952 177.955460 -0.104139 0.000000 0.000000 0.000000 10.455609
22800 229 168.243622 0.000000 1000.000000 0.814969 167.514572 -0.085920 0.000000 0.000000 0.000000 11.826046
22900 230 160.825073 0.000000 1000.000000 0.259950 160.565125 0.000000 0.000000 0.000000 0.000000 8.433167
23000 231 182.062775 0.000000 1000.000000 0.835959 181.392303 -0.165480 0.000000 0.000000 0.000000 12.073752
23100 232 184.484070 0.000000 1000.000000 1.612276 183.014893 -0.143093 0.000000 0.000000 0.000000 9.656193
23200 233 177.479660 0.000000 1000.000000 1.342075 176.137589 0.000000 0.000000 0.000000 0.000000 10.483101
23300 234 168.670181 0.000000 1000.000000 0.826536 167.843643 0.000000 0.000000 0.000000 0.000000 7.664637
23400 235 170.261932 0.000000 1000.000000 0.695088 169.931091 -0.364239 0.000000 0.000000 0.000000 8.004004
23500 236 164.135681 0.000000 1000.000000 0.331061 163.804626 0.000000 0.000000 0.000000 0.000000 8.511925
23600 237 167.896057 0.000000 1000.000000 1.482761 166.413300 0.000000 0.000000 0.000000 0.000000 8.909323
23700 238 178.474396 0.000000 1000.000000 0.532180 177.942215 0.000000 0.000000 0.000000 0.000000 7.323333
23800 239 197.007095 0.000000 1000.000000 1.272562 195.734528 0.000000 0.000000 0.000000 0.000000 10.973586
23900 240 169.607819 0.000000 1000.000000 0.369416 175.159760 -0.549270 -5.372080 0.000000 0.000000 9.188089
24000 241 180.288666 0.000000 1000.000000 0.523721 179.764938 0.000000 0.000000 0.000000 0.000000 9.188204
24100 242 186.609741 0.000000 1000.000000 0.439350 186.734283 -0.563892 0.000000 0.000000 0.000000 7.909604
24200 243 162.319473 0.000000 1000.000000 0.742426 161.577042 0.000000 0.000000 0.000000 0.000000 11.246200
24300 244 177.169540 0.000000 1000.000000 0.278823 176.890717 0.000000 0.000000 0.000000 0.000000 9.557993
24400 245 212.455750 0.000000 1000.000000 0.492607 211.963150 0.000000 0.000000 0.000000 0.000000 10.217692
24500 246 187.854279 0.000000 1000.000000 0.957033 186.897247 0.000000 0.000000 0.000000 0.000000 8.457424
24600 247 165.455154 0.000000 1000.000000 0.539244 164.915909 0.000000 0.000000 0.000000 0.000000 9.491434
24700 248 168.539841 0.000000 1000.000000 0.441299 168.098541 0.000000 0.000000 0.000000 0.000000 8.363147
24800 249 190.583771 0.000000 1000.000000 0.618426 189.965347 0.000000 0.000000 0.000000 0.000000 8.423699
24900 250 166.850281 0.000000 1000.000000 0.755497 166.094788 0.000000 0.000000 0.000000 0.000000 7.113407
25000 251 180.147552 0.000000 1000.000000 1.270107 178.877441 0.000000 0.000000 0.000000 0.000000 7.307469
25100 252 180.300171 0.000000 1000.000000 0.603555 179.696609 0.000000 0.000000 0.000000 0.000000 6.917356
25200 253 179.437363 0.000000 1000.000000 1.479044 178.338898 -0.380578 0.000000 0.000000 0.000000 7.642369
25300 254 168.880814 0.000000 1000.000000 0.393290 168.674286 -0.186765 0.000000 0.000000 0.000000 9.090969
25400 255 188.666092 0.000000 1000.000000 1.243981 187.422104 0.000000 0.000000 0.000000 0.000000 6.118528
25500 256 185.361603 0.000000 1000.000000 0.837821 185.127869 -0.604077 0.000000 0.000000 0.000000 5.068906
25600 257 172.777344 0.000000 1000.000000 0.565903 172.211441 0.000000 0.000000 0.000000 0.000000 5.068082
25700 258 176.409409 0.000000 1000.000000 0.886519 175.522888 0.000000 0.000000 0.000000 0.000000 6.143083
25800 259 169.999420 0.000000 1000.000000 0.866233 169.133194 0.000000 0.000000 0.000000 0.000000 7.308601
25900 260 166.136520 0.000000 1000.000000 0.800702 165.335815 0.000000 0.000000 0.000000 0.000000 7.562719
26000 261 175.974792 0.000000 1000.000000 0.639597 175.335190 0.000000 0.000000 0.000000 0.000000 6.694813
26100 262 175.396271 0.000000 1000.000000 1.737412 173.658859 0.000000 0.000000 0.000000 0.000000 6.347546
26200 263 178.198975 0.000000 1000.000000 0.767166 177.536331 -0.104523 0.000000 0.000000 0.000000 7.376807
26300 264 167.337555 0.000000 1000.000000 0.976726 166.360825 0.000000 0.000000 0.000000 0.000000 6.692195
26400 265 178.370789 0.000000 1000.000000 0.190325 178.180466 0.000000 0.000000 0.000000 0.000000 7.413032
26500 266 183.571259 0.000000 1000.000000 1.545581 182.025681 0.000000 0.000000 0.000000 0.000000 5.936817
26600 267 185.175034 0.000000 1000.000000 0.874470 184.300568 0.000000 0.000000 0.000000 0.000000 6.962660
26700 268 182.779922 0.000000 1000.000000 1.492032 181.287888 0.000000 0.000000 0.000000 0.000000 6.435374
26800 269 165.053375 0.000000 1000.000000 0.480548 164.572830 0.000000 0.000000 0.000000 0.000000 8.426212
26900 270 175.392563 0.000000 1000.000000 0.518327 174.874237 0.000000 0.000000 0.000000 0.000000 6.634844
27000 271 176.542740 0.000000 1000.000000 0.915470 175.627274 0.000000 0.000000 0.000000 0.000000 5.698099
27100 272 188.369614 0.000000 1000.000000 0.505592 187.864014 0.000000 0.000000 0.000000 0.000000 5.937502
27200 273 174.381531 0.000000 1000.000000 1.225960 173.178436 -0.022868 0.000000 0.000000 0.000000 7.220098
27300 274 181.992752 0.000000 1000.000000 0.805696 181.187057 0.000000 0.000000 0.000000 0.000000 7.963484
27400 275 169.078827 0.000000 1000.000000 0.567021 168.537247 -0.025437 0.000000 0.000000 0.000000 7.157782
27500 276 182.529068 0.000000 1000.000000 0.824201 181.897552 -0.192693 0.000000 0.000000 0.000000 5.657470
27600 277 178.005112 0.000000 1000.000000 0.450424 177.554688 0.000000 0.000000 0.000000 0.000000 8.008185
27700 278 190.512283 0.000000 1000.000000 1.997691 188.514587 0.000000 0.000000 0.000000 0.000000 7.693199
27800 279 175.270233 0.000000 1000.000000 2.447533 172.822693 0.000000 0.000000 0.000000 0.000000 7.775797
27900 280 189.345795 0.000000 1000.000000 0.575760 188.770035 0.000000 0.000000 0.000000 0.000000 6.220285
28000 281 171.307373 0.000000 1000.000000 0.360579 170.946793 0.000000 0.000000 0.000000 0.000000 8.418201
28100 282 179.255554 0.000000 1000.000000 1.763856 177.491699 0.000000 0.000000 0.000000 0.000000 8.233592
28200 283 175.021408 0.000000 1000.000000 0.538131 174.483276 0.000000 0.000000 0.000000 0.000000 5.808472
28300 284 188.009186 0.000000 1000.000000 0.537168 187.472015 0.000000 0.000000 0.000000 0.000000 6.652155
28400 285 185.196640 0.000000 1000.000000 0.393952 184.802689 0.000000 0.000000 0.000000 0.000000 8.093805
28500 286 187.259338 0.000000 1000.000000 1.272439 185.986893 0.000000 0.000000 0.000000 0.000000 6.487204
28600 287 180.072388 0.000000 1000.000000 0.727000 179.345383 0.000000 0.000000 0.000000 0.000000 7.933934
28700 288 191.900635 0.000000 1000.000000 0.704555 191.496262 -0.300182 0.000000 0.000000 0.000000 7.613979
28800 289 172.520218 0.000000 1000.000000 0.592257 171.927963 0.000000 0.000000 0.000000 0.000000 6.445229
28900 290 206.431946 0.000000 1000.000000 2.063075 204.368866 0.000000 0.000000 0.000000 0.000000 6.526108
29000 291 179.452332 0.000000 1000.000000 2.377787 177.408264 -0.333720 0.000000 0.000000 0.000000 7.051736
29100 292 166.182892 0.000000 1000.000000 1.127637 165.055252 0.000000 0.000000 0.000000 0.000000 6.462111
29200 293 193.918396 0.000000 1000.000000 0.840150 193.078247 0.000000 0.000000 0.000000 0.000000 7.486645
29300 294 191.183243 0.000000 1000.000000 0.355528 190.827713 0.000000 0.000000 0.000000 0.000000 11.087784
29400 295 177.714218 0.000000 1000.000000 0.917559 177.143829 -0.347164 0.000000 0.000000 0.000000 9.855883
29500 296 175.852798 0.000000 1000.000000 1.132970 174.719833 0.000000 0.000000 0.000000 0.000000 5.948415
29600 297 174.023087 0.000000 1000.000000 0.892348 173.130737 0.000000 0.000000 0.000000 0.000000 7.049771
29700 298 169.171509 0.000000 1000.000000 0.672577 168.498932 0.000000 0.000000 0.000000 0.000000 7.365869
29800 299 166.464951 0.000000 1000.000000 1.778856 164.686096 0.000000 0.000000 0.000000 0.000000 6.811503
29900 300 168.957581 0.000000 1000.000000 1.273177 167.684402 0.000000 0.000000 0.000000 0.000000 5.771810
30000 301 176.315033 0.000000 1000.000000 0.715524 175.599503 0.000000 0.000000 0.000000 0.000000 8.344330
30100 302 168.538406 0.000000 1000.000000 0.740603 167.797806 0.000000 0.000000 0.000000 0.000000 6.770442
30200 303 179.617416 0.000000 1000.000000 1.360457 178.256958 0.000000 0.000000 0.000000 0.000000 9.856636
30300 304 173.486450 0.000000 1000.000000 3.341743 170.144714 0.000000 0.000000 0.000000 0.000000 7.214026
30400 305 168.453506 0.000000 1000.000000 0.702023 167.751480 0.000000 0.000000 0.000000 0.000000 9.024814
30500 306 171.145859 0.000000 1000.000000 0.917595 170.228256 0.000000 0.000000 0.000000 0.000000 8.525894
30600 307 176.016266 0.000000 1000.000000 2.899300 173.116959 0.000000 0.000000 0.000000 0.000000 7.180306
30700 308 170.506042 0.000000 1000.000000 1.347012 169.159027 0.000000 0.000000 0.000000 0.000000 6.889929
30800 309 181.966675 0.000000 1000.000000 1.328799 180.637878 0.000000 0.000000 0.000000 0.000000 7.355794
30900 310 174.844162 0.000000 1000.000000 0.554757 174.691010 -0.401608 0.000000 0.000000 0.000000 6.883535
31000 311 187.295563 0.000000 1000.000000 0.651550 186.644012 0.000000 0.000000 0.000000 0.000000 10.100050
31100 312 167.457520 0.000000 1000.000000 0.740254 166.717270 0.000000 0.000000 0.000000 0.000000 5.811365
31200 313 188.888245 0.000000 1000.000000 0.660994 188.227249 0.000000 0.000000 0.000000 0.000000 7.345588
31300 314 189.130707 0.000000 1000.000000 2.176896 186.953812 0.000000 0.000000 0.000000 0.000000 7.234432
31400 315 205.351593 0.000000 1000.000000 1.264834 204.153458 -0.066694 0.000000 0.000000 0.000000 5.889080
31500 316 183.359528 0.000000 1000.000000 1.863626 181.495895 0.000000 0.000000 0.000000 0.000000 7.448630
31600 317 179.309784 0.000000 1000.000000 0.520330 178.789459 0.000000 0.000000 0.000000 0.000000 8.115870
31700 318 176.493011 0.000000 1000.000000 1.353691 175.139328 0.000000 0.000000 0.000000 0.000000 7.356546
31800 319 171.280319 0.000000 1000.000000 0.743105 170.537216 0.000000 0.000000 0.000000 0.000000 7.295202
31900 320 155.975693 0.000000 1000.000000 0.632655 155.734055 -0.391019 0.000000 0.000000 0.000000 8.720699
32000 321 168.540100 0.000000 1000.000000 1.091299 167.576111 -0.127303 0.000000 0.000000 0.000000 7.075712
32100 322 188.855743 0.000000 1000.000000 0.862751 187.992996 0.000000 0.000000 0.000000 0.000000 8.925948
32200 323 175.322723 0.000000 1000.000000 0.695894 174.626831 0.000000 0.000000 0.000000 0.000000 6.942232
32300 324 164.937073 0.000000 1000.000000 0.439771 164.497299 0.000000 0.000000 0.000000 0.000000 7.713719
32400 325 164.915634 0.000000 1000.000000 0.361364 164.554276 0.000000 0.000000 0.000000 0.000000 8.331049
32500 326 164.732040 0.000000 1000.000000 0.572400 164.159637 0.000000 0.000000 0.000000 0.000000 6.520466
32600 327 170.112259 0.000000 1000.000000 0.474573 169.637680 0.000000 0.000000 0.000000 0.000000 6.751830
32700 328 164.169983 0.000000 1000.000000 0.906184 163.263794 0.000000 0.000000 0.000000 0.000000 7.485114
32800 329 177.557068 0.000000 1000.000000 0.680912 176.876160 0.000000 0.000000 0.000000 0.000000 7.791067
32900 330 164.988708 0.000000 1000.000000 0.459221 164.529480 0.000000 0.000000 0.000000 0.000000 6.831274
33000 331 178.536560 0.000000 1000.000000 0.445548 178.091019 0.000000 0.000000 0.000000 0.000000 7.287621
33100 332 173.940292 0.000000 1000.000000 0.581890 173.358398 0.000000 0.000000 0.000000 0.000000 7.588148
33200 333 181.502777 0.000000 1000.000000 0.934211 180.568573 0.000000 0.000000 0.000000 0.000000 7.704902
33300 334 177.433563 0.000000 1000.000000 0.863184 176.570374 0.000000 0.000000 0.000000 0.000000 7.709259
33400 335 195.301987 0.000000 1000.000000 0.666591 194.635391 0.000000 0.000000 0.000000 0.000000 9.748165
33500 336 173.921478 0.000000 1000.000000 0.768957 173.343796 -0.191262 0.000000 0.000000 0.000000 6.131484
33600 337 184.710129 0.000000 1000.000000 0.381570 184.328552 0.000000 0.000000 0.000000 0.000000 7.573475
33700 338 182.745255 0.000000 1000.000000 1.365729 181.379532 0.000000 0.000000 0.000000 0.000000 8.387393
33800 339 177.831757 0.000000 1000.000000 0.805320 177.026443 0.000000 0.000000 0.000000 0.000000 6.819730
33900 340 180.677277 0.000000 1000.000000 1.135114 179.542160 0.000000 0.000000 0.000000 0.000000 5.277218
34000 341 183.805969 0.000000 1000.000000 0.684188 183.121780 0.000000 0.000000 0.000000 0.000000 6.547637
34100 342 189.760437 0.000000 1000.000000 0.800555 188.959885 0.000000 0.000000 0.000000 0.000000 4.823583
34200 343 201.704773 0.000000 1000.000000 0.843704 200.861069 0.000000 0.000000 0.000000 0.000000 6.431389
34300 344 184.560867 0.000000 1000.000000 2.473380 182.087494 0.000000 0.000000 0.000000 0.000000 5.686162
34400 345 174.415634 0.000000 1000.000000 0.896808 173.518829 0.000000 0.000000 0.000000 0.000000 4.908103
34500 346 177.839127 0.000000 1000.000000 1.039682 176.799438 0.000000 0.000000 0.000000 0.000000 6.231318
34600 347 174.288559 0.000000 1000.000000 2.299614 171.988937 0.000000 0.000000 0.000000 0.000000 9.090965
34700 348 185.005249 0.000000 1000.000000 1.170748 184.057739 -0.223236 0.000000 0.000000 0.000000 7.503819
34800 349 175.010162 0.000000 1000.000000 1.000670 174.009491 0.000000 0.000000 0.000000 0.000000 6.540556
34900 350 183.710129 0.000000 1000.000000 0.933888 182.776245 0.000000 0.000000 0.000000 0.000000 6.278769
35000 351 158.058670 0.000000 1000.000000 1.594749 157.058395 -0.594460 0.000000 0.000000 0.000000 7.564473
35100 352 164.779694 0.000000 1000.000000 1.447845 163.331848 0.000000 0.000000 0.000000 0.000000 5.270373
35200 353 172.594986 0.000000 1000.000000 1.141477 171.664597 -0.211096 0.000000 0.000000 0.000000 8.309788
35300 354 174.506378 0.000000 1000.000000 0.688908 173.817474 0.000000 0.000000 0.000000 0.000000 6.779055
35400 355 201.826645 0.000000 1000.000000 0.478727 201.347916 0.000000 0.000000 0.000000 0.000000 5.740795
35500 356 176.966949 0.000000 1000.000000 0.766176 176.200775 0.000000 0.000000 0.000000 0.000000 5.024328
35600 357 163.205124 0.000000 1000.000000 0.601431 162.603699 0.000000 0.000000 0.000000 0.000000 4.915620
35700 358 183.563370 0.000000 1000.000000 2.243150 181.320221 0.000000 0.000000 0.000000 0.000000 6.984535
35800 359 182.619278 0.000000 1000.000000 0.528928 182.090347 0.000000 0.000000 0.000000 0.000000 6.781481
35900 360 171.744019 0.000000 1000.000000 0.710043 171.398895 -0.602105 0.237204 0.000000 0.000000 8.607457
36000 361 168.865402 0.000000 1000.000000 0.575560 168.289841 0.000000 0.000000 0.000000 0.000000 8.538424
36100 362 171.174973 0.000000 1000.000000 0.464288 170.733170 -0.022485 0.000000 0.000000 0.000000 6.690923
36200 363 169.731827 0.000000 1000.000000 0.368594 169.417175 -0.053934 0.000000 0.000000 0.000000 10.101004
36300 364 176.805069 0.000000 1000.000000 0.296152 176.508911 0.000000 0.000000 0.000000 0.000000 8.818320
36400 365 180.535721 0.000000 1000.000000 1.263724 179.747055 -0.475050 0.000000 0.000000 0.000000 5.981088
36500 366 171.766327 0.000000 1000.000000 1.753133 170.013199 0.000000 0.000000 0.000000 0.000000 5.746459
36600 367 158.410645 0.000000 1000.000000 0.541398 157.869247 0.000000 0.000000 0.000000 0.000000 7.683478
36700 368 162.550003 0.000000 1000.000000 1.376066 161.173935 0.000000 0.000000 0.000000 0.000000 8.544695
36800 369 167.895020 0.000000 1000.000000 0.678338 167.216675 0.000000 0.000000 0.000000 0.000000 8.334608
36900 370 187.280670 0.000000 1000.000000 2.218258 185.062408 0.000000 0.000000 0.000000 0.000000 7.811664
37000 371 159.614105 0.000000 1000.000000 0.267067 159.347046 0.000000 0.000000 0.000000 0.000000 9.295549
37100 372 159.854767 0.000000 1000.000000 0.242605 159.612167 0.000000 0.000000 0.000000 0.000000 8.237817
37200 373 163.482544 0.000000 1000.000000 0.639441 162.843109 0.000000 0.000000 0.000000 0.000000 7.161480
37300 374 179.849396 0.000000 1000.000000 0.564150 179.285248 0.000000 0.000000 0.000000 0.000000 6.255546
37400 375 162.110489 0.000000 1000.000000 1.339862 160.978378 -0.207748 0.000000 0.000000 0.000000 7.841036
37500 376 171.235031 0.000000 1000.000000 1.160240 170.074799 0.000000 0.000000 0.000000 0.000000 6.649024
37600 377 180.671829 0.000000 1000.000000 0.337829 180.334000 0.000000 0.000000 0.000000 0.000000 6.543026
37700 378 188.827698 0.000000 1000.000000 1.846448 186.981247 0.000000 0.000000 0.000000 0.000000 6.579733
37800 379 180.891556 0.000000 1000.000000 2.728634 178.341660 -0.178739 0.000000 0.000000 0.000000 8.239317
37900 380 181.296341 0.000000 1000.000000 2.246923 179.284760 -0.235342 0.000000 0.000000 0.000000 9.417392
38000 381 184.183701 0.000000 1000.000000 1.524927 182.658768 0.000000 0.000000 0.000000 0.000000 6.920441
38100 382 165.286240 0.000000 1000.000000 0.670864 164.840073 -0.224700 0.000000 0.000000 0.000000 7.320690
38200 383 166.742416 0.000000 1000.000000 0.418020 166.324402 0.000000 0.000000 0.000000 0.000000 7.250205
38300 384 169.621780 0.000000 1000.000000 0.413643 169.208130 0.000000 0.000000 0.000000 0.000000 7.461335
38400 385 153.118622 0.000000 1000.000000 1.963896 151.154724 0.000000 0.000000 0.000000 0.000000 10.290377
38500 386 165.457748 0.000000 1000.000000 0.438012 165.019730 0.000000 0.000000 0.000000 0.000000 6.407957
38600 387 184.281235 0.000000 1000.000000 0.338340 183.942902 0.000000 0.000000 0.000000 0.000000 7.581920
38700 388 197.856110 0.000000 1000.000000 1.652106 196.302002 -0.097995 0.000000 0.000000 0.000000 9.523296
38800 389 183.792419 0.000000 1000.000000 0.361435 183.430984 0.000000 0.000000 0.000000 0.000000 8.039311
38900 390 188.053879 0.000000 1000.000000 0.939227 187.114655 0.000000 0.000000 0.000000 0.000000 6.768260
39000 391 181.306595 0.000000 1000.000000 0.340026 180.966568 0.000000 0.000000 0.000000 0.000000 10.057379
39100 392 180.146027 0.000000 1000.000000 1.427317 178.718704 0.000000 0.000000 0.000000 0.000000 7.408325
39200 393 174.332947 0.000000 1000.000000 0.782882 173.550064 0.000000 0.000000 0.000000 0.000000 8.016288
39300 394 189.610916 0.000000 1000.000000 1.755606 187.855316 0.000000 0.000000 0.000000 0.000000 6.772798
39400 395 177.791046 0.000000 1000.000000 1.585585 176.205460 0.000000 0.000000 0.000000 0.000000 6.970618
39500 396 182.224976 0.000000 1000.000000 0.591507 181.633469 0.000000 0.000000 0.000000 0.000000 6.414692
39600 397 177.422592 0.000000 1000.000000 0.416450 177.006149 0.000000 0.000000 0.000000 0.000000 8.370323
39700 398 165.180832 0.000000 1000.000000 0.837631 164.343201 0.000000 0.000000 0.000000 0.000000 8.212461
39800 399 166.215240 0.000000 1000.000000 0.776004 165.439240 0.000000 0.000000 0.000000 0.000000 8.918235
39900 400 179.951080 0.000000 1000.000000 1.409777 178.541306 0.000000 0.000000 0.000000 0.000000 8.132416
40000 401 182.252426 0.000000 1000.000000 0.376337 181.876083 0.000000 0.000000 0.000000 0.000000 6.292351
40100 402 176.423264 0.000000 1000.000000 0.522102 175.901169 0.000000 0.000000 0.000000 0.000000 8.046926
40200 403 180.878098 0.000000 1000.000000 0.954373 179.923721 0.000000 0.000000 0.000000 0.000000 9.293826
40300 404 154.625183 0.000000 1000.000000 0.521529 154.103653 0.000000 0.000000 0.000000 0.000000 7.530580
40400 405 176.351471 0.000000 1000.000000 0.674168 175.677307 0.000000 0.000000 0.000000 0.000000 8.395853
40500 406 198.554871 0.000000 1000.000000 1.252527 197.302338 0.000000 0.000000 0.000000 0.000000 8.593212
40600 407 180.063644 0.000000 1000.000000 0.216031 179.847610 0.000000 0.000000 0.000000 0.000000 10.193607
40700 408 165.783035 0.000000 1000.000000 0.325102 165.457932 0.000000 0.000000 0.000000 0.000000 11.302711
40800 409 181.110916 0.000000 1000.000000 0.671297 180.524933 -0.085305 0.000000 0.000000 0.000000 12.670738
40900 410 177.942078 0.000000 1000.000000 0.490317 177.451767 0.000000 0.000000 0.000000 0.000000 8.116980
41000 411 177.727371 0.000000 1000.000000 0.576709 177.549759 -0.399092 0.000000 0.000000 0.000000 7.950839
41100 412 182.006821 0.000000 1000.000000 0.250013 181.781189 -0.024381 0.000000 0.000000 0.000000 9.545044
41200 413 191.620865 0.000000 1000.000000 0.832969 190.787903 0.000000 0.000000 0.000000 0.000000 11.103495
41300 414 191.192474 0.000000 1000.000000 2.553427 189.617340 -0.978284 0.000000 0.000000 0.000000 8.709908
41400 415 170.819778 0.000000 1000.000000 0.291587 170.528198 0.000000 0.000000 0.000000 0.000000 7.565733
41500 416 179.806992 0.000000 1000.000000 0.341457 179.564392 -0.098858 0.000000 0.000000 0.000000 6.781225
41600 417 172.157150 0.000000 1000.000000 0.520823 171.636322 0.000000 0.000000 0.000000 0.000000 9.510905
41700 418 189.927032 0.000000 1000.000000 1.583395 188.343643 0.000000 0.000000 0.000000 0.000000 7.399034
41800 419 179.510361 0.000000 1000.000000 0.264915 179.409271 -0.163811 0.000000 0.000000 0.000000 9.948448
41900 420 178.679718 0.000000 1000.000000 0.433275 178.246445 0.000000 0.000000 0.000000 0.000000 8.655545
42000 421 178.692413 0.000000 1000.000000 0.320839 178.472244 -0.100676 0.000000 0.000000 0.000000 9.223786
42100 422 182.686493 0.000000 1000.000000 0.839366 181.847122 0.000000 0.000000 0.000000 0.000000 8.448750
42200 423 186.552460 0.000000 1000.000000 0.440722 186.111740 0.000000 0.000000 0.000000 0.000000 5.359901
42300 424 176.715714 0.000000 1000.000000 0.477533 176.238174 0.000000 0.000000 0.000000 0.000000 8.086190
42400 425 160.851593 0.000000 1000.000000 0.390785 160.460815 0.000000 0.000000 0.000000 0.000000 7.318899
42500 426 161.746460 0.000000 1000.000000 1.001257 160.745209 0.000000 0.000000 0.000000 0.000000 6.882345
42600 427 172.832336 0.000000 1000.000000 1.667241 171.165100 0.000000 0.000000 0.000000 0.000000 6.962893
42700 428 153.740417 0.000000 1000.000000 1.017662 152.722748 0.000000 0.000000 0.000000 0.000000 7.014616
42800 429 143.745682 0.000000 1000.000000 0.359701 143.385986 0.000000 0.000000 0.000000 0.000000 6.833625
42900 430 139.674484 0.000000 1000.000000 1.822988 138.004242 -0.152746 0.000000 0.000000 0.000000 6.447292
43000 431 170.137573 0.000000 1000.000000 1.048030 169.089539 0.000000 0.000000 0.000000 0.000000 8.836023
43100 432 163.516846 0.000000 1000.000000 0.718344 162.798508 0.000000 0.000000 0.000000 0.000000 7.334094
43200 433 152.676224 0.000000 1000.000000 0.538485 152.137741 0.000000 0.000000 0.000000 0.000000 5.089359
43300 434 153.158524 0.000000 1000.000000 1.588036 151.570480 0.000000 0.000000 0.000000 0.000000 6.530766
43400 435 157.796356 0.000000 1000.000000 1.582726 156.213623 0.000000 0.000000 0.000000 0.000000 5.761927
43500 436 163.703232 0.000000 1000.000000 2.228701 161.682861 -0.208325 0.000000 0.000000 0.000000 8.491965
43600 437 199.321350 0.000000 1000.000000 1.681022 197.640335 0.000000 0.000000 0.000000 0.000000 6.306404
43700 438 157.944611 0.000000 1000.000000 2.554811 155.389801 0.000000 0.000000 0.000000 0.000000 5.879624
43800 439 166.787125 0.000000 1000.000000 0.403314 166.517563 -0.133762 0.000000 0.000000 0.000000 8.390307
43900 440 178.886154 0.000000 1000.000000 0.535285 178.350876 0.000000 0.000000 0.000000 0.000000 6.849052
44000 441 173.481613 0.000000 1000.000000 0.488773 172.992844 0.000000 0.000000 0.000000 0.000000 6.430382
44100 442 152.605682 0.000000 1000.000000 0.401210 152.204468 0.000000 0.000000 0.000000 0.000000 7.565762
44200 443 183.533249 0.000000 1000.000000 0.575431 183.017380 -0.059551 0.000000 0.000000 0.000000 5.086383
44300 444 173.977737 0.000000 1000.000000 0.828354 173.149384 0.000000 0.000000 0.000000 0.000000 6.022141
44400 445 168.301849 0.000000 1000.000000 0.357061 168.146164 -0.201374 0.000000 0.000000 0.000000 6.091308
44500 446 196.285995 0.000000 1000.000000 1.540379 194.745621 0.000000 0.000000 0.000000 0.000000 4.062971
44600 447 169.298004 0.000000 1000.000000 0.432605 168.865402 0.000000 0.000000 0.000000 0.000000 8.498049
44700 448 167.414658 0.000000 1000.000000 0.385840 167.101318 -0.072498 0.000000 0.000000 0.000000 8.902299
44800 449 171.146515 0.000000 1000.000000 1.293529 169.918045 -0.065066 0.000000 0.000000 0.000000 5.903359
44900 450 176.585999 0.000000 1000.000000 0.280607 176.305389 0.000000 0.000000 0.000000 0.000000 7.145695
45000 451 171.003738 0.000000 1000.000000 1.911871 169.091873 0.000000 0.000000 0.000000 0.000000 6.583355
45100 452 177.560287 0.000000 1000.000000 0.848489 176.800461 -0.088662 0.000000 0.000000 0.000000 6.564333
45200 453 164.620499 0.000000 1000.000000 0.811322 164.203186 -0.394006 0.000000 0.000000 0.000000 8.296357
45300 454 181.594162 0.000000 1000.000000 0.397437 181.196732 0.000000 0.000000 0.000000 0.000000 6.700125
45400 455 174.384003 0.000000 1000.000000 0.310546 174.219681 -0.146228 0.000000 0.000000 0.000000 8.658192
45500 456 165.357224 0.000000 1000.000000 3.274151 162.083069 0.000000 0.000000 0.000000 0.000000 9.474830
45600 457 167.741974 0.000000 1000.000000 0.511742 167.230225 0.000000 0.000000 0.000000 0.000000 8.865297
45700 458 181.695801 0.000000 1000.000000 0.925451 180.770355 0.000000 0.000000 0.000000 0.000000 9.050149
45800 459 176.296799 0.000000 1000.000000 1.285390 175.011414 0.000000 0.000000 0.000000 0.000000 6.871200
45900 460 161.284027 0.000000 1000.000000 0.799472 160.484558 0.000000 0.000000 0.000000 0.000000 7.914481
46000 461 165.080658 0.000000 1000.000000 0.422520 164.658142 0.000000 0.000000 0.000000 0.000000 8.106855
46100 462 163.641922 0.000000 1000.000000 0.110711 163.531204 0.000000 0.000000 0.000000 0.000000 8.171294
46200 463 151.490356 0.000000 1000.000000 0.643555 150.846802 0.000000 0.000000 0.000000 0.000000 6.797719
46300 464 154.313095 0.000000 1000.000000 0.241544 154.071548 0.000000 0.000000 0.000000 0.000000 8.487829
46400 465 176.366852 0.000000 1000.000000 1.059103 175.307755 0.000000 0.000000 0.000000 0.000000 7.615764
46500 466 162.466827 0.000000 1000.000000 0.997530 161.469299 0.000000 0.000000 0.000000 0.000000 8.315663
46600 467 160.917877 0.000000 1000.000000 0.407904 160.509979 0.000000 0.000000 0.000000 0.000000 8.389742
46700 468 161.550461 0.000000 1000.000000 0.983561 160.566895 0.000000 0.000000 0.000000 0.000000 6.839345
46800 469 165.063461 0.000000 1000.000000 1.454317 163.609146 0.000000 0.000000 0.000000 0.000000 7.391269
46900 470 178.752441 0.000000 1000.000000 0.508647 178.478577 -0.234788 0.000000 0.000000 0.000000 7.344677
47000 471 149.537735 0.000000 1000.000000 0.683886 148.853851 0.000000 0.000000 0.000000 0.000000 6.115651
47100 472 157.076385 0.000000 1000.000000 0.764303 156.312088 0.000000 0.000000 0.000000 0.000000 5.987492
47200 473 164.186600 0.000000 1000.000000 1.131832 163.340195 -0.285430 0.000000 0.000000 0.000000 7.001846
47300 474 162.952042 0.000000 1000.000000 0.825158 162.126877 0.000000 0.000000 0.000000 0.000000 6.689051
47400 475 158.965668 0.000000 1000.000000 1.437960 157.794678 -0.266974 0.000000 0.000000 0.000000 7.709065
47500 476 150.205597 0.000000 1000.000000 1.709537 148.496063 0.000000 0.000000 0.000000 0.000000 5.859737
47600 477 180.449036 0.000000 1000.000000 1.935542 178.513489 0.000000 0.000000 0.000000 0.000000 9.340432
47700 478 156.147720 0.000000 1000.000000 0.694363 155.453354 0.000000 0.000000 0.000000 0.000000 7.106515
47800 479 150.990768 0.000000 1000.000000 1.041955 150.349945 -0.401135 0.000000 0.000000 0.000000 6.113590
47900 480 161.066925 0.000000 1000.000000 0.435682 160.631241 0.000000 0.000000 0.000000 0.000000 5.502470
48000 481 148.807083 0.000000 1000.000000 0.445727 148.361359 0.000000 0.000000 0.000000 0.000000 5.841352
48100 482 161.376190 0.000000 1000.000000 0.922302 160.659729 -0.205844 0.000000 0.000000 0.000000 7.889157
48200 483 165.920761 0.000000 1000.000000 0.621255 165.299500 0.000000 0.000000 0.000000 0.000000 6.628124
48300 484 161.247101 0.000000 1000.000000 1.666058 159.581039 0.000000 0.000000 0.000000 0.000000 7.848906
48400 485 156.701767 0.000000 1000.000000 0.837474 155.864288 0.000000 0.000000 0.000000 0.000000 8.379894
48500 486 138.610565 0.000000 1000.000000 0.152875 138.457687 0.000000 0.000000 0.000000 0.000000 8.416799
48600 487 171.780014 0.000000 1000.000000 0.458915 171.321106 0.000000 0.000000 0.000000 0.000000 7.036156
48700 488 159.252823 0.000000 1000.000000 0.292571 159.809998 -0.849741 0.000000 0.000000 0.000000 6.531662
48800 489 161.879837 0.000000 1000.000000 0.531170 161.348663 0.000000 0.000000 0.000000 0.000000 11.756077
48900 490 167.273453 0.000000 1000.000000 0.981252 166.292206 0.000000 0.000000 0.000000 0.000000 10.991388
49000 491 157.507004 0.000000 1000.000000 0.421914 157.085083 0.000000 0.000000 0.000000 0.000000 11.063425
49100 492 157.237808 0.000000 1000.000000 0.225292 157.012512 0.000000 0.000000 0.000000 0.000000 8.730052
49200 493 150.675659 0.000000 1000.000000 0.971451 151.322998 -1.618797 0.000000 0.000000 0.000000 8.112152
49300 494 149.443619 0.000000 1000.000000 0.554674 149.540970 -0.652017 0.000000 0.000000 0.000000 6.914999
49400 495 165.416763 0.000000 1000.000000 1.007882 164.408875 0.000000 0.000000 0.000000 0.000000 7.107649
49500 496 166.138672 0.000000 1000.000000 0.588340 165.883209 -0.332873 0.000000 0.000000 0.000000 6.873205
49600 497 157.992340 0.000000 1000.000000 0.525335 157.899872 -0.432854 0.000000 0.000000 0.000000 10.318263
49700 498 161.120087 0.000000 1000.000000 2.209445 158.910645 0.000000 0.000000 0.000000 0.000000 7.619383
49800 499 166.231369 0.000000 1000.000000 0.745117 165.486252 0.000000 0.000000 0.000000 0.000000 7.399196
49900 500 154.421600 0.000000 1000.000000 0.257672 154.163925 0.000000 0.000000 0.000000 0.000000 7.887819
50000 501 161.163895 0.000000 1000.000000 1.438194 160.010056 -0.284351 0.000000 0.000000 0.000000 7.204528
