1 1 229.998367 0.000000 1000.000000 0.379515 216.822006 -2.027899 14.824740 0.000000 0.000000 2.081403
100 2 208.678482 0.000000 1000.000000 0.481226 208.233627 -1.990330 1.953952 0.000000 0.000000 8.966805
200 3 198.422256 0.000000 1000.000000 0.677172 198.019211 -0.274121 0.000000 0.000000 0.000000 9.681285
300 4 221.218307 0.000000 1000.000000 0.959172 220.884033 -0.624888 0.000000 0.000000 0.000000 7.243925
400 5 211.695496 0.000000 1000.000000 1.790725 210.069992 -0.165226 0.000000 0.000000 0.000000 6.302645
500 6 195.767242 0.000000 1000.000000 0.192444 195.574799 0.000000 0.000000 0.000000 0.000000 7.615717
600 7 200.103912 0.000000 1000.000000 0.325138 199.778778 0.000000 0.000000 0.000000 0.000000 7.463033
700 8 180.903564 0.000000 1000.000000 0.881721 185.528061 -1.002856 -4.503360 0.000000 0.000000 8.394617
800 9 200.148056 0.000000 1000.000000 0.646212 195.987885 -0.909092 4.423051 0.000000 0.000000 7.978075
900 10 199.746246 0.000000 1000.000000 0.470157 199.877274 -0.601176 0.000000 0.000000 0.000000 9.871050
1000 11 199.312927 0.000000 1000.000000 1.887606 197.978806 -0.553486 0.000000 0.000000 0.000000 10.779202
1100 12 200.043427 0.000000 1000.000000 1.717042 198.643341 -0.316949 0.000000 0.000000 0.000000 9.981834
1200 13 178.649170 0.000000 1000.000000 1.066782 177.600937 -0.018556 0.000000 0.000000 0.000000 10.749958
1300 14 187.639572 0.000000 1000.000000 0.833742 186.827621 -0.021792 0.000000 0.000000 0.000000 7.894741
1400 15 181.216904 0.000000 1000.000000 0.234312 181.448120 -0.465534 0.000000 0.000000 0.000000 9.455923
1500 16 197.470291 0.000000 1000.000000 0.811574 196.840897 -0.182180 0.000000 0.000000 0.000000 7.729111
1600 17 187.121994 0.000000 1000.000000 0.218118 187.588104 -0.684235 0.000000 0.000000 0.000000 8.178801
1700 18 174.083771 0.000000 1000.000000 0.590900 179.908569 -0.941216 -5.474467 0.000000 0.000000 9.478559
1800 19 190.392395 0.000000 1000.000000 0.941462 189.845764 -0.394837 0.000000 0.000000 0.000000 8.444895
1900 20 175.955551 0.000000 1000.000000 2.071214 176.351364 -1.483076 -0.983951 0.000000 0.000000 5.579340
2000 21 185.607422 0.000000 1000.000000 0.374038 186.086731 -0.853354 0.000000 0.000000 0.000000 6.501274
2100 22 192.890839 0.000000 1000.000000 0.289786 193.219284 -0.618221 0.000000 0.000000 0.000000 8.838012
2200 23 165.839828 0.000000 1000.000000 0.682820 165.668976 -0.511962 0.000000 0.000000 0.000000 6.944035
2300 24 187.323776 0.000000 1000.000000 0.245044 187.794846 -0.716115 0.000000 0.000000 0.000000 10.107779
2400 25 191.869064 0.000000 1000.000000 0.939027 192.000992 -1.070955 0.000000 0.000000 0.000000 5.718885
2500 26 179.816025 0.000000 1000.000000 0.881599 179.685944 -0.751505 0.000000 0.000000 0.000000 7.845641
2600 27 161.523239 0.000000 1000.000000 0.854206 163.681900 -0.946124 -2.066736 0.000000 0.000000 8.882219
2700 28 187.560135 0.000000 1000.000000 0.777718 194.022232 -1.448633 -5.791173 0.000000 0.000000 6.549583
2800 29 203.642365 0.000000 1000.000000 2.182657 201.952301 -0.492593 0.000000 0.000000 0.000000 8.514622
2900 30 168.059326 0.000000 1000.000000 0.149945 168.812683 -0.903309 0.000000 0.000000 0.000000 6.499272
3000 31 195.432709 0.000000 1000.000000 0.521399 194.911316 0.000000 0.000000 0.000000 0.000000 8.362387
3100 32 178.737503 0.000000 1000.000000 1.495361 177.632065 -0.389926 0.000000 0.000000 0.000000 8.431768
3200 33 163.003998 0.000000 1000.000000 0.216154 163.309738 -0.521894 0.000000 0.000000 0.000000 7.529632
3300 34 187.615540 0.000000 1000.000000 0.356179 188.035217 -0.775862 0.000000 0.000000 0.000000 6.234641
3400 35 173.078247 0.000000 1000.000000 0.512357 172.868195 -0.302306 0.000000 0.000000 0.000000 7.983570
3500 36 169.906036 0.000000 1000.000000 1.882548 169.024933 -1.001451 0.000000 0.000000 0.000000 5.995253
3600 37 182.334610 0.000000 1000.000000 0.506224 184.104004 -0.940597 -1.335021 0.000000 0.000000 6.335064
3700 38 169.821075 0.000000 1000.000000 0.828027 169.834534 -0.841492 0.000000 0.000000 0.000000 6.971480
3800 39 164.543335 0.000000 1000.000000 1.023399 170.769730 -1.853118 -5.396666 0.000000 0.000000 7.805275
3900 40 158.444290 0.000000 1000.000000 0.890919 164.609756 -1.604318 -5.452051 0.000000 0.000000 7.731373
4000 41 193.892700 0.000000 1000.000000 0.431781 197.116394 -1.363209 -2.292274 0.000000 0.000000 3.674764
4100 42 179.778290 0.000000 1000.000000 0.883703 180.173233 -1.278635 0.000000 0.000000 0.000000 4.570880
4200 43 176.726471 0.000000 1000.000000 0.246831 176.959061 -0.479416 0.000000 0.000000 0.000000 3.966279
4300 44 174.540237 0.000000 1000.000000 0.251982 174.288254 0.000000 0.000000 0.000000 0.000000 5.601745
4400 45 186.287857 0.000000 1000.000000 0.654819 190.429062 -1.907882 -2.888137 0.000000 0.000000 5.665069
4500 46 190.023346 0.000000 1000.000000 0.486315 178.754440 -2.123509 12.906100 0.000000 0.000000 5.277103
4600 47 165.256104 0.000000 1000.000000 0.645452 170.962540 -2.351040 -4.000838 0.000000 0.000000 6.344730
4700 48 171.984726 0.000000 1000.000000 1.615534 170.867355 -0.498175 0.000000 0.000000 0.000000 6.051128
4800 49 192.707230 0.000000 1000.000000 1.200777 192.756607 -1.250156 0.000000 0.000000 0.000000 6.012360
4900 50 158.713303 0.000000 1000.000000 1.605386 157.107910 0.000000 0.000000 0.000000 0.000000 6.912956
5000 51 174.853607 0.000000 1000.000000 0.267387 174.586227 0.000000 0.000000 0.000000 0.000000 5.543395
5100 52 175.807297 0.000000 1000.000000 0.803220 175.772385 -0.768317 0.000000 0.000000 0.000000 6.872112
5200 53 176.128525 0.000000 1000.000000 0.454412 176.291718 -0.617606 0.000000 0.000000 0.000000 6.162634
5300 54 184.087753 0.000000 1000.000000 0.918726 183.718735 -0.549718 0.000000 0.000000 0.000000 7.776413
5400 55 168.575089 0.000000 1000.000000 2.008669 168.019730 -1.453315 0.000000 0.000000 0.000000 5.376657
5500 56 196.926544 0.000000 1000.000000 1.895440 195.031097 0.000000 0.000000 0.000000 0.000000 6.946052
5600 57 180.278915 0.000000 1000.000000 0.574297 180.519623 -0.815008 0.000000 0.000000 0.000000 6.348942
5700 58 165.468750 0.000000 1000.000000 0.643959 165.496460 -0.671667 0.000000 0.000000 0.000000 5.885258
5800 59 185.398407 0.000000 1000.000000 2.049326 183.390747 -0.041671 0.000000 0.000000 0.000000 8.825543
5900 60 187.616730 0.000000 1000.000000 2.448851 191.376495 -1.751219 -4.457405 0.000000 0.000000 7.883229
6000 61 169.502808 0.000000 1000.000000 1.179806 168.396332 -0.073330 0.000000 0.000000 0.000000 8.067171
6100 62 165.102631 0.000000 1000.000000 1.960242 163.448227 -0.305829 0.000000 0.000000 0.000000 8.384621
6200 63 166.752945 0.000000 1000.000000 1.413997 165.712585 -0.373638 0.000000 0.000000 0.000000 8.640759
6300 64 149.835175 0.000000 1000.000000 0.403120 149.432053 0.000000 0.000000 0.000000 0.000000 9.152758
6400 65 179.035110 0.000000 1000.000000 0.601458 179.110962 -0.677305 0.000000 0.000000 0.000000 6.864628
6500 66 173.230255 0.000000 1000.000000 1.979910 171.250351 0.000000 0.000000 0.000000 0.000000 7.933061
6600 67 152.981689 0.000000 1000.000000 0.943304 152.038391 0.000000 0.000000 0.000000 0.000000 8.187935
6700 68 175.273422 0.000000 1000.000000 1.895225 174.240097 -0.861897 0.000000 0.000000 0.000000 6.998828
6800 69 164.058807 0.000000 1000.000000 0.287575 168.171967 -1.321118 -3.079614 0.000000 0.000000 8.849132
6900 70 164.841980 0.000000 1000.000000 0.458208 165.926178 -0.771158 -0.771235 0.000000 0.000000 7.387594
7000 71 164.144058 0.000000 1000.000000 1.291925 162.852127 0.000000 0.000000 0.000000 0.000000 7.280817
7100 72 169.071198 0.000000 1000.000000 0.313191 168.837952 -0.079943 0.000000 0.000000 0.000000 8.300490
7200 73 163.086273 0.000000 1000.000000 0.418477 162.667801 0.000000 0.000000 0.000000 0.000000 7.879782
7300 74 177.482529 0.000000 1000.000000 0.248273 177.300110 -0.065857 0.000000 0.000000 0.000000 7.989364
7400 75 160.772293 0.000000 1000.000000 0.084580 160.687714 0.000000 0.000000 0.000000 0.000000 7.438676
7500 76 168.831848 0.000000 1000.000000 0.586718 169.431900 -1.186765 0.000000 0.000000 0.000000 6.634387
7600 77 161.147324 0.000000 1000.000000 1.194532 162.345413 -3.360581 0.967954 0.000000 0.000000 7.260928
7700 78 173.619904 0.000000 1000.000000 2.379668 171.587891 -0.347651 0.000000 0.000000 0.000000 6.934621
7800 79 172.017258 0.000000 1000.000000 0.797250 172.519760 -1.299762 0.000000 0.000000 0.000000 7.350461
7900 80 153.084137 0.000000 1000.000000 0.794250 153.626053 -1.336162 0.000000 0.000000 0.000000 7.844307
8000 81 163.024078 0.000000 1000.000000 1.171757 162.283600 -0.431268 0.000000 0.000000 0.000000 8.474976
8100 82 174.306213 0.000000 1000.000000 0.296140 174.200958 -0.190886 0.000000 0.000000 0.000000 8.389029
8200 83 174.781525 0.000000 1000.000000 0.526672 174.477753 -0.222907 0.000000 0.000000 0.000000 7.963629
8300 84 185.897552 0.000000 1000.000000 0.590976 186.457672 -1.151088 0.000000 0.000000 0.000000 8.686085
8400 85 159.663437 0.000000 1000.000000 0.598554 159.282074 -0.217190 0.000000 0.000000 0.000000 8.330992
8500 86 170.082809 0.000000 1000.000000 0.628981 169.701813 -0.247987 0.000000 0.000000 0.000000 9.394378
8600 87 177.589920 0.000000 1000.000000 0.273540 177.316376 0.000000 0.000000 0.000000 0.000000 7.967087
8700 88 170.006927 0.000000 1000.000000 0.505587 171.256851 -1.755502 0.000000 0.000000 0.000000 9.735420
8800 89 166.630035 0.000000 1000.000000 3.930760 162.699280 0.000000 0.000000 0.000000 0.000000 9.012457
8900 90 160.097122 0.000000 1000.000000 0.822371 164.321457 -1.633965 -3.412728 0.000000 0.000000 8.927911
9000 91 152.616226 0.000000 1000.000000 0.561288 152.054932 0.000000 0.000000 0.000000 0.000000 9.114380
9100 92 170.134354 0.000000 1000.000000 0.504160 175.152740 -2.163258 -3.359293 0.000000 0.000000 8.441186
9200 93 175.795502 0.000000 1000.000000 0.287552 175.835556 -0.327603 0.000000 0.000000 0.000000 9.598589
9300 94 172.433975 0.000000 1000.000000 0.764033 171.702026 -0.032093 0.000000 0.000000 0.000000 8.950253
9400 95 178.184265 0.000000 1000.000000 0.929223 178.491806 -1.236768 0.000000 0.000000 0.000000 9.407858
9500 96 165.382355 0.000000 1000.000000 0.096689 165.427826 -0.142171 0.000000 0.000000 0.000000 11.685276
9600 97 176.199097 0.000000 1000.000000 1.254054 175.609802 -0.664770 0.000000 0.000000 0.000000 8.286354
9700 98 179.523193 0.000000 1000.000000 0.739817 179.872421 -1.089057 0.000000 0.000000 0.000000 7.142015
9800 99 162.767258 0.000000 1000.000000 0.651573 162.233826 -0.118141 0.000000 0.000000 0.000000 8.361001
9900 100 180.181595 0.000000 1000.000000 1.615550 181.116638 -2.550595 0.000000 0.000000 0.000000 8.124536
10000 101 169.518005 0.000000 1000.000000 0.794567 168.723434 0.000000 0.000000 0.000000 0.000000 8.308265
10100 102 168.983994 0.000000 1000.000000 0.491020 169.548904 -1.055941 0.000000 0.000000 0.000000 8.074039
10200 103 181.982193 0.000000 1000.000000 0.482748 181.499451 0.000000 0.000000 0.000000 0.000000 9.420947
10300 104 170.726715 0.000000 1000.000000 1.365807 169.360901 0.000000 0.000000 0.000000 0.000000 8.252443
10400 105 170.439484 0.000000 1000.000000 1.030599 169.408890 0.000000 0.000000 0.000000 0.000000 8.318521
10500 106 184.578125 0.000000 1000.000000 0.120702 184.899185 -0.441753 0.000000 0.000000 0.000000 10.322149
10600 107 168.713715 0.000000 1000.000000 0.388004 169.171066 -0.845348 0.000000 0.000000 0.000000 7.986932
10700 108 171.812561 0.000000 1000.000000 1.024007 171.334488 -0.545928 0.000000 0.000000 0.000000 9.127065
10800 109 160.791779 0.000000 1000.000000 0.470461 160.991425 -0.670108 0.000000 0.000000 0.000000 9.042440
10900 110 164.283463 0.000000 1000.000000 0.960777 163.349945 -0.027255 0.000000 0.000000 0.000000 9.990429
11000 111 175.101944 0.000000 1000.000000 0.656470 175.251450 -0.805972 0.000000 0.000000 0.000000 7.745189
11100 112 176.898529 0.000000 1000.000000 1.010238 177.155579 -1.267287 0.000000 0.000000 0.000000 10.556633
11200 113 170.932556 0.000000 1000.000000 0.174826 172.025711 -1.267969 0.000000 0.000000 0.000000 7.563601
11300 114 176.686508 0.000000 1000.000000 0.342829 178.444656 -2.100977 0.000000 0.000000 0.000000 6.417711
11400 115 159.970505 0.000000 1000.000000 0.749363 159.221146 0.000000 0.000000 0.000000 0.000000 7.334530
11500 116 173.440170 0.000000 1000.000000 0.368183 173.354401 -0.282411 0.000000 0.000000 0.000000 8.485740
11600 117 183.006287 0.000000 1000.000000 1.444456 183.285706 -1.723883 0.000000 0.000000 0.000000 7.775047
11700 118 156.136734 0.000000 1000.000000 0.204330 156.683319 -0.750918 0.000000 0.000000 0.000000 7.677484
11800 119 164.300980 0.000000 1000.000000 0.469700 163.831284 0.000000 0.000000 0.000000 0.000000 8.620557
11900 120 182.969772 0.000000 1000.000000 0.318656 182.651123 0.000000 0.000000 0.000000 0.000000 8.565492
12000 121 168.452179 0.000000 1000.000000 0.544379 171.205917 -1.863900 -1.434201 0.000000 0.000000 7.158525
12100 122 159.112976 0.000000 1000.000000 0.889488 158.223495 0.000000 0.000000 0.000000 0.000000 7.614311
12200 123 164.031296 0.000000 1000.000000 1.783992 162.912094 -0.664798 0.000000 0.000000 0.000000 9.770514
12300 124 163.434357 0.000000 1000.000000 0.179903 163.785278 -0.530819 0.000000 0.000000 0.000000 7.893920
12400 125 415.718292 0.000000 1000.000000 3.327204 173.454453 -2.220953 241.157578 0.000000 0.000000 7.308389
12500 126 154.557236 0.000000 1000.000000 1.891759 157.727875 -1.755829 -3.306564 0.000000 0.000000 8.891537
12600 127 168.773422 0.000000 1000.000000 0.668276 168.885910 -0.780767 0.000000 0.000000 0.000000 8.859129
12700 128 145.166550 0.000000 1000.000000 0.831124 145.365631 -1.030207 0.000000 0.000000 0.000000 10.421333
12800 129 157.537567 0.000000 1000.000000 0.957381 157.469421 -0.889241 0.000000 0.000000 0.000000 8.795992
12900 130 161.194046 0.000000 1000.000000 1.622077 159.571976 0.000000 0.000000 0.000000 0.000000 8.796344
13000 131 158.522156 0.000000 1000.000000 0.641866 157.880295 0.000000 0.000000 0.000000 0.000000 7.966739
13100 132 158.198120 0.000000 1000.000000 1.656819 161.818420 -1.672152 -3.604965 0.000000 0.000000 7.532948
13200 133 154.892151 0.000000 1000.000000 0.310185 156.312668 -1.730692 0.000000 0.000000 0.000000 8.706144
13300 134 152.000015 0.000000 1000.000000 0.762114 151.629440 -0.391547 0.000000 0.000000 0.000000 9.308955
13400 135 142.697693 0.000000 1000.000000 0.206421 143.450760 -0.959484 0.000000 0.000000 0.000000 9.041679
13500 136 162.822571 0.000000 1000.000000 0.752677 163.152054 -1.082154 0.000000 0.000000 0.000000 8.783013
13600 137 158.070465 0.000000 1000.000000 0.381760 163.398132 -1.272136 -4.437284 0.000000 0.000000 8.490425
13700 138 153.054443 0.000000 1000.000000 0.935293 152.220291 -0.101132 0.000000 0.000000 0.000000 10.079505
13800 139 165.879379 0.000000 1000.000000 1.036796 164.842590 0.000000 0.000000 0.000000 0.000000 9.360768
13900 140 160.942596 0.000000 1000.000000 0.486558 160.913559 -0.457524 0.000000 0.000000 0.000000 9.181398
14000 141 157.239807 0.000000 1000.000000 0.433329 157.456314 -0.649844 0.000000 0.000000 0.000000 9.391418
14100 142 159.904114 0.000000 1000.000000 1.997024 158.759125 -0.852029 0.000000 0.000000 0.000000 9.531485
14200 143 155.543579 0.000000 1000.000000 0.707354 154.836227 0.000000 0.000000 0.000000 0.000000 10.341356
14300 144 137.969910 0.000000 1000.000000 0.868105 137.101807 0.000000 0.000000 0.000000 0.000000 9.686022
14400 145 153.938202 0.000000 1000.000000 0.320726 160.017303 -1.859696 -4.540137 0.000000 0.000000 9.228762
14500 146 151.849091 0.000000 1000.000000 0.276411 151.939423 -1.836492 1.469747 0.000000 0.000000 8.881836
14600 147 177.415787 0.000000 1000.000000 0.744375 176.671417 0.000000 0.000000 0.000000 0.000000 8.517935
14700 148 165.500320 0.000000 1000.000000 0.542613 164.957703 0.000000 0.000000 0.000000 0.000000 9.842052
14800 149 172.231537 0.000000 1000.000000 0.431109 171.800430 0.000000 0.000000 0.000000 0.000000 7.895565
14900 150 178.779556 0.000000 1000.000000 0.609590 178.452866 -0.282895 0.000000 0.000000 0.000000 9.610462
15000 151 182.559998 0.000000 1000.000000 0.606359 181.953644 0.000000 0.000000 0.000000 0.000000 7.826483
15100 152 190.300446 0.000000 1000.000000 0.619496 181.502090 -1.149729 9.328605 0.000000 0.000000 5.713764
15200 153 157.077469 0.000000 1000.000000 0.627432 159.908279 -1.847623 -1.610617 0.000000 0.000000 6.072392
15300 154 178.923630 0.000000 1000.000000 0.995931 178.331055 -0.403358 0.000000 0.000000 0.000000 8.137977
15400 155 157.961655 0.000000 1000.000000 0.245832 157.789230 -0.073406 0.000000 0.000000 0.000000 11.284616
15500 156 162.691635 0.000000 1000.000000 0.216024 162.475616 0.000000 0.000000 0.000000 0.000000 8.271701
15600 157 156.458633 0.000000 1000.000000 1.257455 155.201172 0.000000 0.000000 0.000000 0.000000 7.778633
15700 158 162.885574 0.000000 1000.000000 0.832610 162.052963 0.000000 0.000000 0.000000 0.000000 8.980251
15800 159 148.597092 0.000000 1000.000000 0.535203 148.061890 0.000000 0.000000 0.000000 0.000000 10.124627
15900 160 177.224289 0.000000 1000.000000 0.504016 176.720276 0.000000 0.000000 0.000000 0.000000 7.646502
16000 161 168.921082 0.000000 1000.000000 0.228689 168.692398 0.000000 0.000000 0.000000 0.000000 8.992386
16100 162 159.460571 0.000000 1000.000000 0.811549 162.847183 -1.353662 -2.844498 0.000000 0.000000 7.873038
16200 163 165.001923 0.000000 1000.000000 0.210918 166.463638 -1.672644 0.000000 0.000000 0.000000 9.776948
16300 164 153.514771 0.000000 1000.000000 0.995319 154.128677 -1.609227 0.000000 0.000000 0.000000 7.870018
16400 165 213.994354 0.000000 1000.000000 1.929798 160.102066 -1.640710 53.603218 0.000000 0.000000 7.657411
16500 166 163.139511 0.000000 1000.000000 0.995353 162.186996 -0.042835 0.000000 0.000000 0.000000 9.132468
16600 167 180.938385 0.000000 1000.000000 0.311552 181.524353 -0.897516 0.000000 0.000000 0.000000 9.035291
16700 168 162.618591 0.000000 1000.000000 1.653103 160.965485 0.000000 0.000000 0.000000 0.000000 9.980744
16800 169 164.651276 0.000000 1000.000000 0.528758 164.122513 0.000000 0.000000 0.000000 0.000000 11.035719
16900 170 169.604630 0.000000 1000.000000 1.255949 170.688416 -2.339735 0.000000 0.000000 0.000000 6.630433
17000 171 168.699707 0.000000 1000.000000 0.806008 168.914871 -1.021178 0.000000 0.000000 0.000000 7.374067
17100 172 148.583771 0.000000 1000.000000 0.773057 147.810715 0.000000 0.000000 0.000000 0.000000 7.477626
17200 173 154.560532 0.000000 1000.000000 0.490423 154.750977 -0.680857 0.000000 0.000000 0.000000 7.631974
17300 174 147.561264 0.000000 1000.000000 1.409878 147.783676 -1.632292 0.000000 0.000000 0.000000 7.756269
17400 175 149.725708 0.000000 1000.000000 1.208889 148.744308 -1.416659 1.189163 0.000000 0.000000 8.843212
17500 176 150.733612 0.000000 1000.000000 0.869615 150.472855 -0.608863 0.000000 0.000000 0.000000 10.427393
17600 177 156.957794 0.000000 1000.000000 0.739741 156.248108 -0.030062 0.000000 0.000000 0.000000 8.664027
17700 178 150.055817 0.000000 1000.000000 0.400612 149.655197 0.000000 0.000000 0.000000 0.000000 9.289310
17800 179 162.396072 0.000000 1000.000000 1.482868 168.092361 -3.623111 -3.556040 0.000000 0.000000 6.508807
17900 180 164.355911 0.000000 1000.000000 0.282301 164.073608 0.000000 0.000000 0.000000 0.000000 6.167090
18000 181 152.802353 0.000000 1000.000000 0.583715 152.218643 0.000000 0.000000 0.000000 0.000000 8.350993
18100 182 158.235016 0.000000 1000.000000 0.262226 158.991425 -1.018633 0.000000 0.000000 0.000000 8.578448
18200 183 179.168427 0.000000 1000.000000 0.401772 178.766647 0.000000 0.000000 0.000000 0.000000 7.030575
18300 184 178.272461 0.000000 1000.000000 0.458354 177.814102 0.000000 0.000000 0.000000 0.000000 6.940192
18400 185 160.933105 0.000000 1000.000000 0.381295 160.551804 0.000000 0.000000 0.000000 0.000000 7.721082
18500 186 181.395096 0.000000 1000.000000 0.287344 182.242157 -1.134392 0.000000 0.000000 0.000000 6.265438
18600 187 165.348572 0.000000 1000.000000 0.254957 166.761749 -1.668138 0.000000 0.000000 0.000000 8.025455
18700 188 160.893051 0.000000 1000.000000 1.035147 160.488983 -0.631076 0.000000 0.000000 0.000000 6.261270
18800 189 179.274490 0.000000 1000.000000 2.062435 177.365433 -0.153380 0.000000 0.000000 0.000000 9.989916
18900 190 171.405624 0.000000 1000.000000 1.015859 170.389771 0.000000 0.000000 0.000000 0.000000 9.101095
19000 191 172.248627 0.000000 1000.000000 2.471511 171.052780 -1.275668 0.000000 0.000000 0.000000 6.783598
19100 192 168.401657 0.000000 1000.000000 1.157948 169.532776 -2.289055 0.000000 0.000000 0.000000 6.573276
19200 193 165.717270 0.000000 1000.000000 0.676551 165.040726 0.000000 0.000000 0.000000 0.000000 6.827544
19300 194 175.706055 0.000000 1000.000000 0.288987 176.917908 -1.500844 0.000000 0.000000 0.000000 6.881033
19400 195 167.967804 0.000000 1000.000000 0.283532 168.731186 -1.046917 0.000000 0.000000 0.000000 6.857899
19500 196 165.842087 0.000000 1000.000000 0.363774 165.478317 0.000000 0.000000 0.000000 0.000000 6.164881
19600 197 165.032166 0.000000 1000.000000 0.355377 164.676788 0.000000 0.000000 0.000000 0.000000 7.516043
19700 198 148.170700 0.000000 1000.000000 0.301651 147.869049 0.000000 0.000000 0.000000 0.000000 8.257909
19800 199 158.283310 0.000000 1000.000000 0.165932 158.473114 -0.355739 0.000000 0.000000 0.000000 7.299370
19900 200 177.430298 0.000000 1000.000000 0.373959 177.936005 -0.879662 0.000000 0.000000 0.000000 6.713654
20000 201 178.880493 0.000000 1000.000000 0.293625 178.586868 0.000000 0.000000 0.000000 0.000000 8.284986
20100 202 169.165909 0.000000 1000.000000 0.404834 169.121262 -0.360177 0.000000 0.000000 0.000000 10.822048
20200 203 159.274048 0.000000 1000.000000 0.412842 158.861206 0.000000 0.000000 0.000000 0.000000 10.433172
20300 204 180.003784 0.000000 1000.000000 1.888002 179.242249 -1.126462 0.000000 0.000000 0.000000 7.825182
20400 205 179.338028 0.000000 1000.000000 1.518216 178.330231 -0.510417 0.000000 0.000000 0.000000 8.727589
20500 206 159.112350 0.000000 1000.000000 1.042477 158.069870 0.000000 0.000000 0.000000 0.000000 9.256752
20600 207 152.980316 0.000000 1000.000000 0.614659 152.365662 0.000000 0.000000 0.000000 0.000000 8.934653
20700 208 161.439514 0.000000 1000.000000 0.181886 161.257629 0.000000 0.000000 0.000000 0.000000 9.852269
20800 209 153.401367 0.000000 1000.000000 0.484666 153.633041 -0.716343 0.000000 0.000000 0.000000 8.238722
20900 210 155.654297 0.000000 1000.000000 0.707499 154.946793 0.000000 0.000000 0.000000 0.000000 8.399320
21000 211 164.391068 0.000000 1000.000000 0.957492 163.433578 0.000000 0.000000 0.000000 0.000000 7.277346
21100 212 158.023346 0.000000 1000.000000 0.658171 158.143387 -0.778214 0.000000 0.000000 0.000000 8.947861
21200 213 164.413452 0.000000 1000.000000 2.838551 161.574905 0.000000 0.000000 0.000000 0.000000 8.698903
21300 214 173.065628 0.000000 1000.000000 1.159453 171.906174 0.000000 0.000000 0.000000 0.000000 10.715729
21400 215 164.154785 0.000000 1000.000000 0.828786 163.326004 0.000000 0.000000 0.000000 0.000000 9.391623
21500 216 170.539291 0.000000 1000.000000 0.801474 169.737823 0.000000 0.000000 0.000000 0.000000 11.397247
21600 217 172.097610 0.000000 1000.000000 0.576734 171.520874 0.000000 0.000000 0.000000 0.000000 9.456453
21700 218 168.697098 0.000000 1000.000000 0.761478 167.935623 0.000000 0.000000 0.000000 0.000000 9.902445
21800 219 189.579697 0.000000 1000.000000 0.580425 188.999268 0.000000 0.000000 0.000000 0.000000 10.082036
21900 220 172.238342 0.000000 1000.000000 1.697734 170.540604 0.000000 0.000000 0.000000 0.000000 10.359894
22000 221 152.519836 0.000000 1000.000000 0.299515 152.602844 -0.382515 0.000000 0.000000 0.000000 9.587877
22100 222 151.284790 0.000000 1000.000000 0.910115 150.747314 -0.372641 0.000000 0.000000 0.000000 9.522861
22200 223 145.722366 0.000000 1000.000000 1.289014 144.834641 -0.401287 0.000000 0.000000 0.000000 9.104038
22300 224 158.937576 0.000000 1000.000000 0.741850 158.195724 0.000000 0.000000 0.000000 0.000000 9.118562
22400 225 147.829102 0.000000 1000.000000 0.346083 148.055939 -0.572916 0.000000 0.000000 0.000000 7.893846
22500 226 153.024628 0.000000 1000.000000 2.597997 150.948196 -0.521563 0.000000 0.000000 0.000000 7.349448
22600 227 169.396942 0.000000 1000.000000 0.705454 168.691483 0.000000 0.000000 0.000000 0.000000 8.302011
22700 228 166.851654 0.000000 1000.000000 0.243886 167.014389 -0.406609 0.000000 0.000000 0.000000 8.574541
22800 229 162.360489 0.000000 1000.000000 0.507186 161.853302 0.000000 0.000000 0.000000 0.000000 6.261060
22900 230 166.354874 0.000000 1000.000000 0.457931 166.825104 -0.928163 0.000000 0.000000 0.000000 7.278167
23000 231 164.671936 0.000000 1000.000000 0.630967 164.040970 0.000000 0.000000 0.000000 0.000000 8.899391
23100 232 158.302887 0.000000 1000.000000 1.811763 157.292511 -0.801390 0.000000 0.000000 0.000000 7.364514
23200 233 151.626556 0.000000 1000.000000 1.385714 151.041809 -0.800963 0.000000 0.000000 0.000000 7.234623
23300 234 161.948105 0.000000 1000.000000 0.918663 161.904312 -0.874859 0.000000 0.000000 0.000000 6.109439
23400 235 171.824493 0.000000 1000.000000 0.532983 171.291504 0.000000 0.000000 0.000000 0.000000 11.657651
23500 236 171.315842 0.000000 1000.000000 1.383819 170.061127 -0.129101 0.000000 0.000000 0.000000 9.684923
23600 237 156.418884 0.000000 1000.000000 1.070633 155.348251 0.000000 0.000000 0.000000 0.000000 8.598675
23700 238 182.320923 0.000000 1000.000000 0.353762 182.495575 -0.528407 0.000000 0.000000 0.000000 8.104515
23800 239 160.081635 0.000000 1000.000000 0.386930 160.483124 -0.788422 0.000000 0.000000 0.000000 7.264448
23900 240 164.215912 0.000000 1000.000000 0.591498 163.624420 0.000000 0.000000 0.000000 0.000000 5.446656
24000 241 176.597473 0.000000 1000.000000 2.559189 174.038284 0.000000 0.000000 0.000000 0.000000 9.936090
24100 242 166.964035 0.000000 1000.000000 0.665226 166.719604 -0.420798 0.000000 0.000000 0.000000 8.743987
24200 243 148.225342 0.000000 1000.000000 0.841629 148.557220 -1.173508 0.000000 0.000000 0.000000 7.133579
24300 244 169.973694 0.000000 1000.000000 0.420682 170.061646 -0.508636 0.000000 0.000000 0.000000 8.910772
24400 245 166.785721 0.000000 1000.000000 0.850779 166.135498 -0.200569 0.000000 0.000000 0.000000 10.722738
24500 246 149.716492 0.000000 1000.000000 1.369239 148.642899 -0.295642 0.000000 0.000000 0.000000 9.040409
24600 247 162.125397 0.000000 1000.000000 0.880358 161.245041 0.000000 0.000000 0.000000 0.000000 12.059910
24700 248 168.225845 0.000000 1000.000000 0.537932 167.687912 0.000000 0.000000 0.000000 0.000000 12.434723
24800 249 161.116776 0.000000 1000.000000 0.327542 160.789230 0.000000 0.000000 0.000000 0.000000 8.268384
24900 250 157.378128 0.000000 1000.000000 0.364437 156.546738 -0.641848 1.108797 0.000000 0.000000 9.154524
25000 251 160.997833 0.000000 1000.000000 0.991882 163.820831 -0.479462 -3.335417 0.000000 0.000000 8.683678
25100 252 168.255463 0.000000 1000.000000 0.656946 167.990845 -0.392328 0.000000 0.000000 0.000000 9.552731
25200 253 166.716141 0.000000 1000.000000 1.588695 165.325378 -0.197942 0.000000 0.000000 0.000000 10.461894
25300 254 170.825546 0.000000 1000.000000 1.412284 169.413269 0.000000 0.000000 0.000000 0.000000 6.425799
25400 255 182.575165 0.000000 1000.000000 0.648316 170.941788 -1.563466 12.548530 0.000000 0.000000 7.065762
25500 256 169.290588 0.000000 1000.000000 0.499434 169.700226 -0.909078 0.000000 0.000000 0.000000 6.797183
25600 257 163.106552 0.000000 1000.000000 0.275668 164.479187 -1.648297 0.000000 0.000000 0.000000 7.384251
25700 258 142.670380 0.000000 1000.000000 1.126830 142.420624 -0.877069 0.000000 0.000000 0.000000 7.496164
25800 259 171.570282 0.000000 1000.000000 0.656957 171.639496 -0.726169 0.000000 0.000000 0.000000 8.367786
25900 260 148.533432 0.000000 1000.000000 0.503251 148.030182 0.000000 0.000000 0.000000 0.000000 7.879068
26000 261 185.632050 0.000000 1000.000000 3.973883 181.658173 0.000000 0.000000 0.000000 0.000000 9.690193
26100 262 167.068497 0.000000 1000.000000 0.594947 166.804092 -0.330540 0.000000 0.000000 0.000000 7.333055
26200 263 152.920944 0.000000 1000.000000 0.590919 153.408005 -1.077991 0.000000 0.000000 0.000000 7.107878
26300 264 170.761795 0.000000 1000.000000 2.273579 168.648132 -0.159916 0.000000 0.000000 0.000000 10.722900
26400 265 162.785995 0.000000 1000.000000 0.891611 162.002609 -0.108223 0.000000 0.000000 0.000000 9.665450
26500 266 171.178818 0.000000 1000.000000 0.218151 171.410568 -0.449910 0.000000 0.000000 0.000000 7.803864
26600 267 154.201935 0.000000 1000.000000 0.233590 153.968338 0.000000 0.000000 0.000000 0.000000 8.571146
26700 268 173.619141 0.000000 1000.000000 1.342419 172.390182 -0.113462 0.000000 0.000000 0.000000 9.846156
26800 269 179.186203 0.000000 1000.000000 0.148333 179.295364 -0.257496 0.000000 0.000000 0.000000 8.682652
26900 270 176.947617 0.000000 1000.000000 1.509221 175.438400 0.000000 0.000000 0.000000 0.000000 6.693719
27000 271 182.574646 0.000000 1000.000000 0.899468 181.675171 0.000000 0.000000 0.000000 0.000000 7.562368
27100 272 167.487366 0.000000 1000.000000 0.966419 167.449051 -0.928105 0.000000 0.000000 0.000000 6.297184
27200 273 166.301086 0.000000 1000.000000 0.337691 165.963394 0.000000 0.000000 0.000000 0.000000 8.325676
27300 274 164.811295 0.000000 1000.000000 1.316446 163.751663 -0.256816 0.000000 0.000000 0.000000 9.851837
27400 275 170.836868 0.000000 1000.000000 0.499763 170.681686 -0.344567 0.000000 0.000000 0.000000 9.393891
27500 276 177.232758 0.000000 1000.000000 1.527762 175.705002 0.000000 0.000000 0.000000 0.000000 11.136833
27600 277 175.514374 0.000000 1000.000000 1.343832 174.790176 -0.619627 0.000000 0.000000 0.000000 10.311763
27700 278 180.947021 0.000000 1000.000000 0.188355 181.174484 -0.415824 0.000000 0.000000 0.000000 9.927975
27800 279 160.159103 0.000000 1000.000000 0.443912 161.293320 -0.993245 -0.584884 0.000000 0.000000 9.540228
27900 280 176.344574 0.000000 1000.000000 0.348383 176.401962 -0.405770 0.000000 0.000000 0.000000 10.843876
28000 281 162.967941 0.000000 1000.000000 0.445046 162.556625 -0.033743 0.000000 0.000000 0.000000 8.299231
28100 282 169.313370 0.000000 1000.000000 1.430138 168.536743 -0.653517 0.000000 0.000000 0.000000 9.475431
28200 283 188.071487 0.000000 1000.000000 1.469479 187.301315 -0.699307 0.000000 0.000000 0.000000 9.715281
28300 284 160.663971 0.000000 1000.000000 0.996491 160.495224 -0.827740 0.000000 0.000000 0.000000 13.006641
28400 285 181.831573 0.000000 1000.000000 0.281267 182.089935 -0.539633 0.000000 0.000000 0.000000 10.442203
28500 286 192.185638 0.000000 1000.000000 0.880486 191.305145 0.000000 0.000000 0.000000 0.000000 11.493866
28600 287 166.118790 0.000000 1000.000000 0.450406 165.706284 -0.037909 0.000000 0.000000 0.000000 11.020239
28700 288 151.954132 0.000000 1000.000000 0.303562 151.650574 0.000000 0.000000 0.000000 0.000000 9.347392
28800 289 159.188324 0.000000 1000.000000 0.129000 160.728561 -1.669231 0.000000 0.000000 0.000000 10.134922
28900 290 160.739960 0.000000 1000.000000 0.288248 161.267075 -0.815361 0.000000 0.000000 0.000000 13.249065
29000 291 176.327759 0.000000 1000.000000 1.070487 175.257278 0.000000 0.000000 0.000000 0.000000 9.027107
29100 292 155.749191 0.000000 1000.000000 0.775527 154.973663 0.000000 0.000000 0.000000 0.000000 11.677301
29200 293 179.948822 0.000000 1000.000000 1.358061 180.462402 -1.871649 0.000000 0.000000 0.000000 9.084457
29300 294 177.065048 0.000000 1000.000000 0.367761 178.570099 -1.872816 0.000000 0.000000 0.000000 7.903152
29400 295 200.433243 0.000000 1000.000000 0.421180 200.056061 -0.043987 0.000000 0.000000 0.000000 7.204486
29500 296 175.870377 0.000000 1000.000000 0.372624 177.098099 -1.600347 0.000000 0.000000 0.000000 8.114823
29600 297 174.942322 0.000000 1000.000000 0.534621 175.245407 -0.837705 0.000000 0.000000 0.000000 9.003330
29700 298 189.750946 0.000000 1000.000000 0.354631 190.236969 -0.840653 0.000000 0.000000 0.000000 8.011927
29800 299 182.213028 0.000000 1000.000000 1.680116 180.586044 -0.053137 0.000000 0.000000 0.000000 8.852453
29900 300 170.509445 0.000000 1000.000000 0.403817 172.339478 -2.233861 0.000000 0.000000 0.000000 10.244116
30000 301 164.084808 0.000000 1000.000000 0.362063 163.769226 -0.046483 0.000000 0.000000 0.000000 9.012939
30100 302 180.714859 0.000000 1000.000000 1.300237 179.414627 0.000000 0.000000 0.000000 0.000000 8.244135
30200 303 163.302002 0.000000 1000.000000 0.554529 164.646027 -1.898564 0.000000 0.000000 0.000000 7.599537
30300 304 186.257355 0.000000 1000.000000 0.320908 186.839615 -0.903165 0.000000 0.000000 0.000000 9.051411
30400 305 170.205643 0.000000 1000.000000 0.850472 169.355164 0.000000 0.000000 0.000000 0.000000 7.410941
30500 306 160.505051 0.000000 1000.000000 0.195739 160.309311 0.000000 0.000000 0.000000 0.000000 9.034528
30600 307 162.726028 0.000000 1000.000000 1.022703 161.703323 0.000000 0.000000 0.000000 0.000000 7.036791
30700 308 179.841507 0.000000 1000.000000 0.343172 180.895126 -1.396793 0.000000 0.000000 0.000000 8.030514
30800 309 160.469940 0.000000 1000.000000 0.306327 160.163620 0.000000 0.000000 0.000000 0.000000 9.150591
30900 310 161.443130 0.000000 1000.000000 0.357046 162.548676 -1.462582 0.000000 0.000000 0.000000 11.093779
31000 311 161.823578 0.000000 1000.000000 0.913820 162.083954 -1.174197 0.000000 0.000000 0.000000 7.378307
31100 312 197.183304 0.000000 1000.000000 0.422397 197.242416 -0.481507 0.000000 0.000000 0.000000 7.812667
31200 313 155.707169 0.000000 1000.000000 0.223774 156.176422 -0.693029 0.000000 0.000000 0.000000 8.781589
31300 314 176.741302 0.000000 1000.000000 0.377650 176.400482 -0.036829 0.000000 0.000000 0.000000 8.857588
31400 315 168.026688 0.000000 1000.000000 0.265974 168.464340 -0.703634 0.000000 0.000000 0.000000 9.032459
31500 316 156.569305 0.000000 1000.000000 0.399535 158.701569 -2.531804 0.000000 0.000000 0.000000 9.921543
31600 317 161.726746 0.000000 1000.000000 0.575065 167.873505 -1.894442 -4.827383 0.000000 0.000000 7.215151
31700 318 150.853607 0.000000 1000.000000 0.439239 152.257507 -1.843143 0.000000 0.000000 0.000000 8.719788
31800 319 162.323456 0.000000 1000.000000 1.051496 161.271957 0.000000 0.000000 0.000000 0.000000 8.536395
31900 320 158.182419 0.000000 1000.000000 0.428705 157.753708 0.000000 0.000000 0.000000 0.000000 7.642641
32000 321 156.383621 0.000000 1000.000000 1.375319 157.840897 -2.832597 0.000000 0.000000 0.000000 7.815825
32100 322 173.510239 0.000000 1000.000000 1.907909 172.617523 -1.015191 0.000000 0.000000 0.000000 7.144477
32200 323 136.719360 0.000000 1000.000000 0.673325 136.106277 -0.060242 0.000000 0.000000 0.000000 8.796679
32300 324 171.288895 0.000000 1000.000000 1.190187 170.132690 -0.033986 0.000000 0.000000 0.000000 8.161892
32400 325 159.342133 0.000000 1000.000000 1.114816 159.120422 -0.893114 0.000000 0.000000 0.000000 8.902210
32500 326 160.969223 0.000000 1000.000000 1.448078 161.637772 -2.116627 0.000000 0.000000 0.000000 10.059063
32600 327 155.977188 0.000000 1000.000000 1.259695 154.717499 0.000000 0.000000 0.000000 0.000000 8.610957
32700 328 166.812469 0.000000 1000.000000 0.863057 165.949417 0.000000 0.000000 0.000000 0.000000 7.908202
32800 329 141.156433 0.000000 1000.000000 0.987775 140.168655 0.000000 0.000000 0.000000 0.000000 7.697145
32900 330 155.474777 0.000000 1000.000000 1.387017 154.713181 -0.625422 0.000000 0.000000 0.000000 7.825794
33000 331 162.162476 0.000000 1000.000000 0.736716 162.733414 -1.307645 0.000000 0.000000 0.000000 7.514986
33100 332 154.516312 0.000000 1000.000000 0.299945 154.937424 -0.721054 0.000000 0.000000 0.000000 7.949752
33200 333 156.318115 0.000000 1000.000000 2.935668 155.246246 -1.863801 0.000000 0.000000 0.000000 8.970559
33300 334 155.146973 0.000000 1000.000000 0.851802 154.295166 0.000000 0.000000 0.000000 0.000000 9.065514
33400 335 160.994934 0.000000 1000.000000 0.441777 161.811066 -1.257909 0.000000 0.000000 0.000000 12.116144
33500 336 158.573624 0.000000 1000.000000 0.989256 157.626556 -0.042198 0.000000 0.000000 0.000000 9.946108
33600 337 152.963226 0.000000 1000.000000 0.799659 152.163574 0.000000 0.000000 0.000000 0.000000 7.372357
33700 338 168.618759 0.000000 1000.000000 0.540174 168.078583 0.000000 0.000000 0.000000 0.000000 7.841959
33800 339 166.117096 0.000000 1000.000000 0.206165 165.910934 0.000000 0.000000 0.000000 0.000000 9.483316
33900 340 143.776047 0.000000 1000.000000 0.120542 143.655502 0.000000 0.000000 0.000000 0.000000 12.047832
34000 341 145.419937 0.000000 1000.000000 1.908292 144.497009 -0.985371 0.000000 0.000000 0.000000 8.503660
34100 342 169.849380 0.000000 1000.000000 0.571064 169.320099 -0.041784 0.000000 0.000000 0.000000 7.753759
34200 343 153.610214 0.000000 1000.000000 0.557436 154.098801 -1.046025 0.000000 0.000000 0.000000 7.908123
34300 344 160.958786 0.000000 1000.000000 0.479110 160.479675 0.000000 0.000000 0.000000 0.000000 10.191319
34400 345 171.744370 0.000000 1000.000000 0.190360 171.554016 0.000000 0.000000 0.000000 0.000000 7.307914
34500 346 168.528061 0.000000 1000.000000 0.599972 167.928085 0.000000 0.000000 0.000000 0.000000 12.085342
34600 347 154.756653 0.000000 1000.000000 0.528225 155.433960 -1.205536 0.000000 0.000000 0.000000 9.669540
34700 348 164.383118 0.000000 1000.000000 0.943951 163.946442 -0.507272 0.000000 0.000000 0.000000 8.539557
34800 349 165.125580 0.000000 1000.000000 1.300788 163.824799 0.000000 0.000000 0.000000 0.000000 7.943870
34900 350 159.844223 0.000000 1000.000000 1.049460 158.794769 0.000000 0.000000 0.000000 0.000000 6.908080
35000 351 155.535950 0.000000 1000.000000 0.558803 154.977142 0.000000 0.000000 0.000000 0.000000 10.941841
35100 352 142.176514 0.000000 1000.000000 0.778785 141.397736 0.000000 0.000000 0.000000 0.000000 8.982091
35200 353 156.404419 0.000000 1000.000000 0.191485 156.212936 0.000000 0.000000 0.000000 0.000000 7.161300
35300 354 152.563446 0.000000 1000.000000 0.841239 153.231659 -1.509438 0.000000 0.000000 0.000000 8.157324
35400 355 161.976303 0.000000 1000.000000 1.322904 161.311676 -0.658285 0.000000 0.000000 0.000000 8.070343
35500 356 141.977280 0.000000 1000.000000 0.498582 141.478699 0.000000 0.000000 0.000000 0.000000 7.902117
35600 357 156.055496 0.000000 1000.000000 0.507637 155.547852 0.000000 0.000000 0.000000 0.000000 7.443349
35700 358 159.506119 0.000000 1000.000000 1.972860 158.898712 -1.365450 0.000000 0.000000 0.000000 7.716371
35800 359 168.626144 0.000000 1000.000000 0.680539 169.476379 -1.530781 0.000000 0.000000 0.000000 7.084008
35900 360 159.958054 0.000000 1000.000000 0.780122 160.777939 -1.599999 0.000000 0.000000 0.000000 7.470884
36000 361 149.811356 0.000000 1000.000000 1.118337 148.693024 0.000000 0.000000 0.000000 0.000000 7.139175
36100 362 151.326279 0.000000 1000.000000 0.381916 150.944366 0.000000 0.000000 0.000000 0.000000 8.284400
36200 363 169.579544 0.000000 1000.000000 1.134368 168.445175 0.000000 0.000000 0.000000 0.000000 7.341264
36300 364 157.979355 0.000000 1000.000000 0.312428 157.791046 -0.124110 0.000000 0.000000 0.000000 8.582162
36400 365 154.482208 0.000000 1000.000000 0.325666 154.156540 0.000000 0.000000 0.000000 0.000000 9.365774
36500 366 164.905685 0.000000 1000.000000 3.228623 162.637863 -0.960800 0.000000 0.000000 0.000000 9.786570
36600 367 145.210388 0.000000 1000.000000 0.763769 144.660889 -0.214270 0.000000 0.000000 0.000000 9.866315
36700 368 150.045547 0.000000 1000.000000 0.882550 151.325653 -2.162659 0.000000 0.000000 0.000000 7.183432
36800 369 154.005081 0.000000 1000.000000 0.748017 153.257065 0.000000 0.000000 0.000000 0.000000 6.612316
36900 370 150.759201 0.000000 1000.000000 0.356235 152.872330 -2.469365 0.000000 0.000000 0.000000 6.618545
37000 371 152.874146 0.000000 1000.000000 0.763880 152.150848 -0.040592 0.000000 0.000000 0.000000 7.222799
37100 372 163.185120 0.000000 1000.000000 0.473102 164.621964 -1.909939 0.000000 0.000000 0.000000 5.201527
37200 373 170.134705 0.000000 1000.000000 0.741527 169.728210 -0.335036 0.000000 0.000000 0.000000 6.180671
37300 374 140.505829 0.000000 1000.000000 0.987718 140.698959 -1.180840 0.000000 0.000000 0.000000 7.923110
37400 375 140.055298 0.000000 1000.000000 0.640676 139.414627 0.000000 0.000000 0.000000 0.000000 6.655863
37500 376 149.243851 0.000000 1000.000000 0.925497 150.654892 -2.336527 0.000000 0.000000 0.000000 5.173479
37600 377 150.121140 0.000000 1000.000000 0.278850 149.842285 0.000000 0.000000 0.000000 0.000000 5.743452
37700 378 155.523560 0.000000 1000.000000 0.582314 154.941238 0.000000 0.000000 0.000000 0.000000 5.460537
37800 379 170.233505 0.000000 1000.000000 0.292439 175.399567 -1.178766 -4.279718 0.000000 0.000000 5.479905
37900 380 158.933899 0.000000 1000.000000 0.474797 161.325012 -2.865899 0.000000 0.000000 0.000000 3.815180
38000 381 164.577133 0.000000 1000.000000 0.455847 165.056580 -0.935288 0.000000 0.000000 0.000000 4.965499
38100 382 165.629745 0.000000 1000.000000 0.587968 166.014267 -0.972484 0.000000 0.000000 0.000000 5.704012
38200 383 150.016754 0.000000 1000.000000 1.040001 150.875229 -1.898470 0.000000 0.000000 0.000000 5.771418
38300 384 165.633621 0.000000 1000.000000 0.582319 168.511978 -3.460685 0.000000 0.000000 0.000000 5.570001
38400 385 154.746628 0.000000 1000.000000 0.550888 156.789322 -2.593587 0.000000 0.000000 0.000000 5.384400
38500 386 149.079926 0.000000 1000.000000 0.805953 151.513229 -3.239261 0.000000 0.000000 0.000000 6.777283
38600 387 164.160629 0.000000 1000.000000 0.348461 163.812164 0.000000 0.000000 0.000000 0.000000 6.182418
38700 388 166.922485 0.000000 1000.000000 0.664446 168.067612 -1.809565 0.000000 0.000000 0.000000 5.842420
38800 389 142.806198 0.000000 1000.000000 0.298878 142.557907 -0.050587 0.000000 0.000000 0.000000 6.336032
38900 390 145.402313 0.000000 1000.000000 1.150191 144.252121 0.000000 0.000000 0.000000 0.000000 7.081196
39000 391 140.044876 0.000000 1000.000000 1.341112 140.693527 -1.989759 0.000000 0.000000 0.000000 7.082495
39100 392 161.205414 0.000000 1000.000000 0.532367 162.985535 -2.312479 0.000000 0.000000 0.000000 6.492667
39200 393 142.780792 0.000000 1000.000000 0.432976 145.656982 -3.309181 0.000000 0.000000 0.000000 4.058623
39300 394 163.027115 0.000000 1000.000000 0.931142 163.598724 -1.502748 0.000000 0.000000 0.000000 8.112069
39400 395 157.286240 0.000000 1000.000000 0.681158 157.734863 -1.129778 0.000000 0.000000 0.000000 4.732183
39500 396 146.229019 0.000000 1000.000000 0.626149 147.822647 -2.219769 0.000000 0.000000 0.000000 5.142291
39600 397 172.730377 0.000000 1000.000000 0.228669 177.379913 -1.637027 -3.241184 0.000000 0.000000 4.862170
39700 398 153.663330 0.000000 1000.000000 0.968439 153.635391 -0.940500 0.000000 0.000000 0.000000 4.252735
39800 399 165.187744 0.000000 1000.000000 0.819193 165.999466 -1.630919 0.000000 0.000000 0.000000 5.579745
39900 400 153.932175 0.000000 1000.000000 0.380966 154.715561 -1.164349 0.000000 0.000000 0.000000 5.092291
40000 401 155.257996 0.000000 1000.000000 0.463190 154.794800 0.000000 0.000000 0.000000 0.000000 7.334069
40100 402 139.356018 0.000000 1000.000000 0.313354 139.042664 0.000000 0.000000 0.000000 0.000000 6.441471
40200 403 147.122391 0.000000 1000.000000 0.442282 146.680115 0.000000 0.000000 0.000000 0.000000 6.189882
40300 404 132.777191 0.000000 1000.000000 0.325963 133.371185 -0.919947 0.000000 0.000000 0.000000 7.362960
40400 405 147.552582 0.000000 1000.000000 0.652788 146.899796 0.000000 0.000000 0.000000 0.000000 5.813695
40500 406 149.266922 0.000000 1000.000000 0.516994 148.749924 0.000000 0.000000 0.000000 0.000000 6.112218
40600 407 171.196686 0.000000 1000.000000 0.823291 170.373398 0.000000 0.000000 0.000000 0.000000 7.991444
40700 408 149.238129 0.000000 1000.000000 0.381858 148.856277 0.000000 0.000000 0.000000 0.000000 5.309970
40800 409 145.445374 0.000000 1000.000000 1.236781 148.116501 -3.827475 -0.080439 0.000000 0.000000 4.842574
40900 410 132.386124 0.000000 1000.000000 0.185837 138.033173 -2.183375 -3.649504 0.000000 0.000000 5.204288
41000 411 154.835846 0.000000 1000.000000 0.522240 154.313599 0.000000 0.000000 0.000000 0.000000 5.119350
41100 412 147.812790 0.000000 1000.000000 0.643533 151.473755 -2.181845 -2.122661 0.000000 0.000000 4.961983
41200 413 140.466751 0.000000 1000.000000 0.743846 142.376114 -3.312426 0.659210 0.000000 0.000000 4.809743
41300 414 146.396896 0.000000 1000.000000 0.632209 145.815598 -0.050907 0.000000 0.000000 0.000000 6.361643
41400 415 142.939667 0.000000 1000.000000 1.535385 143.313339 -1.909061 0.000000 0.000000 0.000000 6.892498
41500 416 160.692642 0.000000 1000.000000 0.319844 160.372803 0.000000 0.000000 0.000000 0.000000 8.428019
41600 417 153.023819 0.000000 1000.000000 0.470296 154.388596 -1.835073 0.000000 0.000000 0.000000 7.433302
41700 418 151.168365 0.000000 1000.000000 0.828750 150.339615 0.000000 0.000000 0.000000 0.000000 6.737593
41800 419 141.918304 0.000000 1000.000000 1.061800 140.856506 0.000000 0.000000 0.000000 0.000000 3.883414
41900 420 153.682602 0.000000 1000.000000 0.421343 154.892502 -1.631248 0.000000 0.000000 0.000000 5.295696
42000 421 155.422699 0.000000 1000.000000 0.737008 155.716019 -1.030338 0.000000 0.000000 0.000000 6.261576
42100 422 145.462418 0.000000 1000.000000 0.405679 145.056732 0.000000 0.000000 0.000000 0.000000 6.450263
42200 423 155.304077 0.000000 1000.000000 0.235184 156.600662 -1.531765 0.000000 0.000000 0.000000 7.381146
42300 424 160.993332 0.000000 1000.000000 0.294092 160.699234 0.000000 0.000000 0.000000 0.000000 5.985643
42400 425 162.659515 0.000000 1000.000000 0.451700 162.207809 0.000000 0.000000 0.000000 0.000000 4.612917
42500 426 149.688187 0.000000 1000.000000 1.237681 149.835892 -1.385394 0.000000 0.000000 0.000000 3.778647
42600 427 151.841980 0.000000 1000.000000 1.307469 150.534515 0.000000 0.000000 0.000000 0.000000 4.369385
42700 428 136.084900 0.000000 1000.000000 0.326004 137.931519 -2.172629 0.000000 0.000000 0.000000 5.730382
42800 429 143.243362 0.000000 1000.000000 0.879709 144.564011 -2.200357 0.000000 0.000000 0.000000 5.890068
42900 430 150.503235 0.000000 1000.000000 1.295949 152.404785 -1.524331 -1.673151 0.000000 0.000000 4.983074
43000 431 150.957947 0.000000 1000.000000 0.381107 151.662003 -1.085158 0.000000 0.000000 0.000000 6.508862
43100 432 143.418274 0.000000 1000.000000 1.258358 143.290039 -1.130134 0.000000 0.000000 0.000000 3.848123
43200 433 141.965912 0.000000 1000.000000 0.500335 142.691223 -1.225655 0.000000 0.000000 0.000000 4.760535
43300 434 152.267822 0.000000 1000.000000 1.257327 151.010498 0.000000 0.000000 0.000000 0.000000 4.762060
43400 435 137.525696 0.000000 1000.000000 0.495779 138.525513 -1.495597 0.000000 0.000000 0.000000 7.946268
43500 436 146.703278 0.000000 1000.000000 0.645010 146.385895 -0.327621 0.000000 0.000000 0.000000 6.513960
43600 437 144.054413 0.000000 1000.000000 0.301576 146.118347 -2.365514 0.000000 0.000000 0.000000 5.834960
43700 438 152.703827 0.000000 1000.000000 1.303388 151.400436 0.000000 0.000000 0.000000 0.000000 4.708482
43800 439 143.633118 0.000000 1000.000000 0.700839 144.800003 -1.867725 0.000000 0.000000 0.000000 4.150815
43900 440 160.347061 0.000000 1000.000000 0.282418 160.813644 -0.749006 0.000000 0.000000 0.000000 4.720082
44000 441 129.522568 0.000000 1000.000000 0.719849 130.972168 -2.169451 0.000000 0.000000 0.000000 5.245657
44100 442 134.881210 0.000000 1000.000000 0.663756 134.259232 -0.041785 0.000000 0.000000 0.000000 4.358356
44200 443 142.159500 0.000000 1000.000000 1.732034 142.135849 -1.708385 0.000000 0.000000 0.000000 5.557003
44300 444 151.665497 0.000000 1000.000000 0.653563 152.268539 -1.256602 0.000000 0.000000 0.000000 3.455471
44400 445 148.056335 0.000000 1000.000000 0.377159 150.982010 -3.302833 0.000000 0.000000 0.000000 3.464682
44500 446 152.538696 0.000000 1000.000000 0.547208 152.042618 -0.051130 0.000000 0.000000 0.000000 3.541133
44600 447 144.012726 0.000000 1000.000000 0.619650 146.308456 -2.915371 0.000000 0.000000 0.000000 3.823705
44700 448 149.150452 0.000000 1000.000000 0.618629 150.606049 -2.074218 0.000000 0.000000 0.000000 8.199896
44800 449 130.109299 0.000000 1000.000000 0.957876 132.984131 -3.832708 0.000000 0.000000 0.000000 5.687449
44900 450 132.547562 0.000000 1000.000000 0.424052 133.719620 -1.596111 0.000000 0.000000 0.000000 5.781967
45000 451 149.990601 0.000000 1000.000000 0.417474 149.573120 0.000000 0.000000 0.000000 0.000000 5.730689
45100 452 154.946136 0.000000 1000.000000 0.381889 157.203522 -2.639268 0.000000 0.000000 0.000000 5.539715
45200 453 135.113754 0.000000 1000.000000 0.563590 136.040329 -1.490163 0.000000 0.000000 0.000000 5.470334
45300 454 146.835114 0.000000 1000.000000 2.084621 144.750488 0.000000 0.000000 0.000000 0.000000 7.702648
45400 455 134.143051 0.000000 1000.000000 0.774594 133.368454 0.000000 0.000000 0.000000 0.000000 4.982211
45500 456 151.740051 0.000000 1000.000000 0.940084 155.147064 -2.365088 -1.982011 0.000000 0.000000 5.467923
45600 457 178.668198 0.000000 1000.000000 0.414365 179.939774 -1.685945 0.000000 0.000000 0.000000 6.563597
45700 458 137.014740 0.000000 1000.000000 0.307922 139.484787 -2.777968 0.000000 0.000000 0.000000 6.072596
45800 459 162.856339 0.000000 1000.000000 2.073687 162.109726 -1.327074 0.000000 0.000000 0.000000 5.822563
45900 460 148.517334 0.000000 1000.000000 0.736992 149.978912 -2.198562 0.000000 0.000000 0.000000 5.229110
46000 461 146.107727 0.000000 1000.000000 1.025128 146.338943 -1.256347 0.000000 0.000000 0.000000 5.624704
46100 462 151.811005 0.000000 1000.000000 0.953753 152.796021 -1.938762 0.000000 0.000000 0.000000 4.825580
46200 463 147.448547 0.000000 1000.000000 0.736330 149.552536 -2.840316 0.000000 0.000000 0.000000 6.020043
46300 464 147.209717 0.000000 1000.000000 2.252834 151.844193 -4.522401 -2.364913 0.000000 0.000000 4.589080
46400 465 142.417740 0.000000 1000.000000 0.600569 141.817169 0.000000 0.000000 0.000000 0.000000 5.760383
46500 466 133.292892 0.000000 1000.000000 0.270420 134.269806 -1.247324 0.000000 0.000000 0.000000 5.508668
46600 467 143.973038 0.000000 1000.000000 1.112569 142.860474 0.000000 0.000000 0.000000 0.000000 6.799642
46700 468 149.141678 0.000000 1000.000000 0.427489 151.302673 -2.588485 0.000000 0.000000 0.000000 6.446456
46800 469 156.257935 0.000000 1000.000000 0.895502 155.362427 0.000000 0.000000 0.000000 0.000000 4.888073
46900 470 143.505478 0.000000 1000.000000 0.176215 143.329269 0.000000 0.000000 0.000000 0.000000 6.402740
47000 471 154.994446 0.000000 1000.000000 0.444534 156.109375 -1.559468 0.000000 0.000000 0.000000 5.763293
47100 472 149.322433 0.000000 1000.000000 1.518407 148.993225 -1.189192 0.000000 0.000000 0.000000 4.856259
47200 473 135.338272 0.000000 1000.000000 0.574921 134.763351 0.000000 0.000000 0.000000 0.000000 5.336816
47300 474 125.886650 0.000000 1000.000000 0.082896 127.320229 -1.516475 0.000000 0.000000 0.000000 6.065640
47400 475 137.594025 0.000000 1000.000000 2.413007 137.614136 -2.433117 0.000000 0.000000 0.000000 7.158476
47500 476 141.925293 0.000000 1000.000000 0.509551 141.415741 0.000000 0.000000 0.000000 0.000000 5.939152
47600 477 138.677277 0.000000 1000.000000 0.617177 139.867172 -1.807064 0.000000 0.000000 0.000000 5.179133
47700 478 140.696350 0.000000 1000.000000 0.590625 145.335388 -2.974093 -2.255569 0.000000 0.000000 3.843858
47800 479 151.128082 0.000000 1000.000000 0.514609 151.855484 -1.242010 0.000000 0.000000 0.000000 4.451716
47900 480 142.429291 0.000000 1000.000000 1.947690 140.481598 0.000000 0.000000 0.000000 0.000000 4.458746
48000 481 155.943802 0.000000 1000.000000 1.612105 164.003479 -3.953113 -5.718680 0.000000 0.000000 5.421759
48100 482 131.534470 0.000000 1000.000000 0.200006 133.086624 -1.752163 0.000000 0.000000 0.000000 6.561467
48200 483 150.170593 0.000000 1000.000000 0.218670 151.417206 -1.465283 0.000000 0.000000 0.000000 5.213128
48300 484 122.581154 0.000000 1000.000000 0.641567 124.405457 -2.465874 0.000000 0.000000 0.000000 6.773997
48400 485 149.006027 0.000000 1000.000000 0.499058 145.483002 -3.710055 6.734029 0.000000 0.000000 6.183769
48500 486 149.140350 0.000000 1000.000000 0.432313 154.132050 -2.542488 -2.881529 0.000000 0.000000 6.859171
48600 487 125.316803 0.000000 1000.000000 0.679205 124.637596 0.000000 0.000000 0.000000 0.000000 5.796288
48700 488 142.673447 0.000000 1000.000000 0.185966 142.487488 0.000000 0.000000 0.000000 0.000000 5.590788
48800 489 138.495499 0.000000 1000.000000 0.585019 137.910477 0.000000 0.000000 0.000000 0.000000 6.345565
48900 490 131.504364 0.000000 1000.000000 0.683421 134.760437 -1.903867 -2.035633 0.000000 0.000000 6.348578
49000 491 144.320847 0.000000 1000.000000 0.378668 148.091827 -2.541550 -1.608099 0.000000 0.000000 7.951299
49100 492 141.303696 0.000000 1000.000000 0.514364 141.694962 -0.905617 0.000000 0.000000 0.000000 6.079712
49200 493 151.011490 0.000000 1000.000000 1.622493 150.667236 -1.278248 0.000000 0.000000 0.000000 6.550858
49300 494 130.326843 0.000000 1000.000000 0.288601 137.117661 -4.164993 -2.914432 0.000000 0.000000 8.417134
49400 495 143.916702 0.000000 1000.000000 0.573418 156.609131 -5.458364 -7.807492 0.000000 0.000000 7.781145
49500 496 148.440674 0.000000 1000.000000 1.409317 149.830856 -2.799505 0.000000 0.000000 0.000000 7.353481
49600 497 128.067230 0.000000 1000.000000 0.296439 128.320816 -0.550014 0.000000 0.000000 0.000000 7.283929
49700 498 141.619720 0.000000 1000.000000 0.672948 142.010315 -1.063545 0.000000 0.000000 0.000000 9.263274
49800 499 137.024292 0.000000 1000.000000 0.418430 138.748550 -2.142678 0.000000 0.000000 0.000000 5.314528
49900 500 165.112640 0.000000 1000.000000 0.513457 166.337662 -1.738484 0.000000 0.000000 0.000000 6.005275
50000 501 133.239319 0.000000 1000.000000 0.632288 143.710403 -4.098812 -7.004569 0.000000 0.000000 3.767501
