1 1 206.105698 0.000000 1000.000000 0.146981 212.381165 -2.399635 -4.022831 0.000000 0.000000 1.522891
100 2 202.701431 0.000000 1000.000000 2.268780 200.432648 0.000000 0.000000 0.000000 0.000000 9.688671
200 3 188.930069 0.000000 1000.000000 0.607652 189.069092 -0.746673 0.000000 0.000000 0.000000 11.018692
300 4 215.790588 0.000000 1000.000000 0.561120 211.690338 -0.799638 4.338768 0.000000 0.000000 7.883527
400 5 185.377151 0.000000 1000.000000 0.790377 184.905670 -0.318899 0.000000 0.000000 0.000000 6.279480
500 6 194.100983 0.000000 1000.000000 0.296151 193.804825 0.000000 0.000000 0.000000 0.000000 6.174723
600 7 201.540894 0.000000 1000.000000 0.635724 201.129333 -0.224174 0.000000 0.000000 0.000000 6.552063
700 8 181.676895 0.000000 1000.000000 0.654148 181.022751 0.000000 0.000000 0.000000 0.000000 6.722197
800 9 181.195175 0.000000 1000.000000 1.216270 180.343262 -0.364352 0.000000 0.000000 0.000000 6.714710
900 10 167.156479 0.000000 1000.000000 0.575555 166.651413 -0.070496 0.000000 0.000000 0.000000 6.331127
1000 11 187.717285 0.000000 1000.000000 0.779328 188.060593 -1.122633 0.000000 0.000000 0.000000 7.951084
1100 12 193.630478 0.000000 1000.000000 1.014878 192.615601 0.000000 0.000000 0.000000 0.000000 6.599613
1200 13 178.236923 0.000000 1000.000000 0.390995 170.301056 -1.183294 8.728165 0.000000 0.000000 6.023102
1300 14 288.199921 0.000000 1000.000000 2.225502 184.143829 -1.214661 103.045265 0.000000 0.000000 8.472403
1400 15 192.055298 0.000000 1000.000000 1.788690 190.266602 0.000000 0.000000 0.000000 0.000000 8.872452
1500 16 168.838425 0.000000 1000.000000 1.533300 168.400803 -1.095674 0.000000 0.000000 0.000000 6.989347
1600 17 178.345291 0.000000 1000.000000 1.100402 177.298035 -0.053151 0.000000 0.000000 0.000000 7.489196
1700 18 190.192413 0.000000 1000.000000 0.268933 189.923477 0.000000 0.000000 0.000000 0.000000 10.798001
1800 19 185.058975 0.000000 1000.000000 0.643775 184.727051 -0.311842 0.000000 0.000000 0.000000 7.332877
1900 20 181.642944 0.000000 1000.000000 2.228897 180.073853 -0.659806 0.000000 0.000000 0.000000 7.045610
2000 21 188.563141 0.000000 1000.000000 0.694493 188.542740 -0.674094 0.000000 0.000000 0.000000 7.543155
2100 22 193.518021 0.000000 1000.000000 0.576106 193.482010 -0.540099 0.000000 0.000000 0.000000 9.903399
2200 23 173.720856 0.000000 1000.000000 0.354281 172.397202 -0.791184 1.760553 0.000000 0.000000 7.741514
2300 24 172.572891 0.000000 1000.000000 0.613041 177.425812 -1.320604 -4.145352 0.000000 0.000000 8.008440
2400 25 157.978088 0.000000 1000.000000 0.420260 157.557831 0.000000 0.000000 0.000000 0.000000 11.859974
2500 26 180.780396 0.000000 1000.000000 0.941996 180.192810 -0.354411 0.000000 0.000000 0.000000 7.929627
2600 27 168.383606 0.000000 1000.000000 0.945265 170.267120 -1.027544 -1.801239 0.000000 0.000000 8.405175
2700 28 177.198990 0.000000 1000.000000 0.907266 176.661896 -0.370174 0.000000 0.000000 0.000000 8.642645
2800 29 164.976715 0.000000 1000.000000 1.031470 164.276764 -0.331511 0.000000 0.000000 0.000000 9.671879
2900 30 171.628708 0.000000 1000.000000 0.563379 171.065323 0.000000 0.000000 0.000000 0.000000 8.153210
3000 31 178.483810 0.000000 1000.000000 0.677000 177.861938 -0.055133 0.000000 0.000000 0.000000 7.934544
3100 32 169.941086 0.000000 1000.000000 1.969882 168.044220 -0.073012 0.000000 0.000000 0.000000 11.461040
3200 33 168.755295 0.000000 1000.000000 0.588986 168.269730 -0.103420 0.000000 0.000000 0.000000 12.006701
3300 34 164.708588 0.000000 1000.000000 0.865517 164.227661 -0.384601 0.000000 0.000000 0.000000 10.895634
3400 35 167.547699 0.000000 1000.000000 0.961804 165.961914 -0.373341 0.997321 0.000000 0.000000 8.085952
3500 36 184.597305 0.000000 1000.000000 1.490692 183.641953 -0.535345 0.000000 0.000000 0.000000 8.024046
3600 37 189.928192 0.000000 1000.000000 0.610361 189.317825 0.000000 0.000000 0.000000 0.000000 5.561743
3700 38 169.760193 0.000000 1000.000000 0.701322 169.596542 -0.537679 0.000000 0.000000 0.000000 6.234361
3800 39 165.478897 0.000000 1000.000000 0.433828 168.238190 -0.541802 -2.651313 0.000000 0.000000 5.931231
3900 40 173.333588 0.000000 1000.000000 1.335056 172.146439 -0.147908 0.000000 0.000000 0.000000 6.306124
4000 41 168.386612 0.000000 1000.000000 0.947296 167.817841 -0.378529 0.000000 0.000000 0.000000 8.761692
4100 42 164.954300 0.000000 1000.000000 0.680538 164.731644 -0.457891 0.000000 0.000000 0.000000 6.855704
4200 43 181.570480 0.000000 1000.000000 1.342404 180.852493 -0.624427 0.000000 0.000000 0.000000 6.622233
4300 44 156.305939 0.000000 1000.000000 0.549236 156.695526 -0.938825 0.000000 0.000000 0.000000 5.927838
4400 45 174.457611 0.000000 1000.000000 2.046129 173.617538 -1.206061 0.000000 0.000000 0.000000 4.311812
4500 46 183.272354 0.000000 1000.000000 0.751069 183.292892 -0.771603 0.000000 0.000000 0.000000 7.427999
4600 47 160.542419 0.000000 1000.000000 0.473123 160.069290 0.000000 0.000000 0.000000 0.000000 5.360929
4700 48 182.842926 0.000000 1000.000000 0.461890 185.682373 -0.924051 -2.377275 0.000000 0.000000 6.062587
4800 49 165.499924 0.000000 1000.000000 1.340966 164.797089 -0.638137 0.000000 0.000000 0.000000 7.841060
4900 50 183.287384 0.000000 1000.000000 1.407276 182.880814 -1.000701 0.000000 0.000000 0.000000 4.499558
5000 51 161.068390 0.000000 1000.000000 0.934821 160.857193 -0.723621 0.000000 0.000000 0.000000 7.934592
5100 52 175.752533 0.000000 1000.000000 0.668296 176.934448 -1.081624 -0.768592 0.000000 0.000000 7.398185
5200 53 178.136719 0.000000 1000.000000 1.365418 177.648468 -0.877161 0.000000 0.000000 0.000000 5.169349
5300 54 174.370895 0.000000 1000.000000 1.965816 172.405075 0.000000 0.000000 0.000000 0.000000 5.010064
5400 55 176.195068 0.000000 1000.000000 0.798430 176.210587 -0.813945 0.000000 0.000000 0.000000 5.377363
5500 56 173.380661 0.000000 1000.000000 1.712891 171.667770 0.000000 0.000000 0.000000 0.000000 5.469711
5600 57 175.725769 0.000000 1000.000000 1.182991 174.590179 -0.047392 0.000000 0.000000 0.000000 6.897476
5700 58 167.645111 0.000000 1000.000000 1.054374 166.905136 -0.314392 0.000000 0.000000 0.000000 6.287855
5800 59 166.735809 0.000000 1000.000000 0.689579 166.210373 -0.164137 0.000000 0.000000 0.000000 8.317101
5900 60 164.361664 0.000000 1000.000000 0.518295 164.333664 -0.490295 0.000000 0.000000 0.000000 9.939991
6000 61 171.142792 0.000000 1000.000000 0.482545 170.816452 -0.156199 0.000000 0.000000 0.000000 7.919827
6100 62 177.527573 0.000000 1000.000000 0.395593 177.472519 -0.340545 0.000000 0.000000 0.000000 7.378950
6200 63 204.361038 0.000000 1000.000000 1.006060 203.782272 -0.427293 0.000000 0.000000 0.000000 9.005959
6300 64 163.331238 0.000000 1000.000000 0.573522 163.255234 -0.497511 0.000000 0.000000 0.000000 6.311936
6400 65 184.225464 0.000000 1000.000000 1.102354 180.254044 -0.811851 3.680916 0.000000 0.000000 8.038788
6500 66 181.366104 0.000000 1000.000000 0.822510 181.262421 -0.718824 0.000000 0.000000 0.000000 8.682298
6600 67 174.717819 0.000000 1000.000000 1.782594 172.935226 0.000000 0.000000 0.000000 0.000000 7.998624
6700 68 154.816574 0.000000 1000.000000 0.274235 154.542343 0.000000 0.000000 0.000000 0.000000 7.652657
6800 69 165.292923 0.000000 1000.000000 2.010847 163.583633 -0.301562 0.000000 0.000000 0.000000 8.329050
6900 70 159.586700 0.000000 1000.000000 1.039936 162.767883 -1.011495 -3.209618 0.000000 0.000000 6.555960
7000 71 233.301636 0.000000 1000.000000 1.706169 168.559875 -1.681339 64.716927 0.000000 0.000000 5.762028
7100 72 162.612564 0.000000 1000.000000 0.865417 162.242386 -0.495241 0.000000 0.000000 0.000000 7.889011
7200 73 173.860336 0.000000 1000.000000 1.836027 172.585526 -0.561219 0.000000 0.000000 0.000000 6.626842
7300 74 147.522247 0.000000 1000.000000 2.236345 146.030182 -0.744272 0.000000 0.000000 0.000000 6.520364
7400 75 153.719482 0.000000 1000.000000 1.007862 152.711624 0.000000 0.000000 0.000000 0.000000 6.981993
7500 76 245.809326 0.000000 1000.000000 2.195225 165.583542 -1.209992 79.240547 0.000000 0.000000 6.082317
7600 77 188.342407 0.000000 1000.000000 1.087177 187.753723 -0.498495 0.000000 0.000000 0.000000 8.514042
7700 78 164.347626 0.000000 1000.000000 1.592167 162.861710 -0.106242 0.000000 0.000000 0.000000 8.710711
7800 79 167.615250 0.000000 1000.000000 0.768698 167.094467 -0.247911 0.000000 0.000000 0.000000 9.471066
7900 80 165.956421 0.000000 1000.000000 0.620647 165.850433 -0.514663 0.000000 0.000000 0.000000 5.527576
8000 81 151.495148 0.000000 1000.000000 1.049140 150.859421 -0.413402 0.000000 0.000000 0.000000 8.026045
8100 82 159.073410 0.000000 1000.000000 2.574659 156.542297 -0.043547 0.000000 0.000000 0.000000 11.201738
8200 83 159.909317 0.000000 1000.000000 1.921703 158.617798 -0.630181 0.000000 0.000000 0.000000 8.819016
8300 84 172.238937 0.000000 1000.000000 1.416556 171.692474 -0.870087 0.000000 0.000000 0.000000 6.829202
8400 85 172.326355 0.000000 1000.000000 1.334359 171.667313 -0.675330 0.000000 0.000000 0.000000 5.841282
8500 86 174.091919 0.000000 1000.000000 1.159473 172.932449 0.000000 0.000000 0.000000 0.000000 10.161898
8600 87 167.270905 0.000000 1000.000000 0.974741 166.459686 -0.163533 0.000000 0.000000 0.000000 9.033144
8700 88 168.772751 0.000000 1000.000000 0.506417 168.266327 0.000000 0.000000 0.000000 0.000000 7.501500
8800 89 163.102707 0.000000 1000.000000 1.295635 161.840500 -0.033431 0.000000 0.000000 0.000000 8.387721
8900 90 169.547806 0.000000 1000.000000 0.599209 168.948593 0.000000 0.000000 0.000000 0.000000 8.166204
9000 91 162.207520 0.000000 1000.000000 1.097621 161.261032 -0.151145 0.000000 0.000000 0.000000 8.116774
9100 92 181.087570 0.000000 1000.000000 0.560156 181.191818 -0.664400 0.000000 0.000000 0.000000 5.755907
9200 93 211.167572 0.000000 1000.000000 1.657079 186.542374 -1.126944 24.095062 0.000000 0.000000 4.417239
9300 94 183.704651 0.000000 1000.000000 0.532300 185.835617 -1.298064 -1.365206 0.000000 0.000000 5.158626
9400 95 186.033951 0.000000 1000.000000 0.900355 185.133591 0.000000 0.000000 0.000000 0.000000 5.354597
9500 96 184.692932 0.000000 1000.000000 1.706325 183.768616 -0.782019 0.000000 0.000000 0.000000 6.221869
9600 97 178.439621 0.000000 1000.000000 1.319175 177.237061 -0.116611 0.000000 0.000000 0.000000 9.027330
9700 98 171.684845 0.000000 1000.000000 0.392442 171.538986 -0.246581 0.000000 0.000000 0.000000 8.648599
9800 99 178.718018 0.000000 1000.000000 2.232166 176.949448 -0.463587 0.000000 0.000000 0.000000 5.768877
9900 100 175.730011 0.000000 1000.000000 1.205510 174.900238 -0.375726 0.000000 0.000000 0.000000 4.833206
10000 101 171.582352 0.000000 1000.000000 1.880263 169.846603 -0.144523 0.000000 0.000000 0.000000 4.454001
10100 102 165.279968 0.000000 1000.000000 1.976012 163.948929 -0.644966 0.000000 0.000000 0.000000 6.006691
10200 103 160.154510 0.000000 1000.000000 2.937172 157.845871 -0.628537 0.000000 0.000000 0.000000 5.651199
10300 104 168.593033 0.000000 1000.000000 2.590218 166.529282 -0.526471 0.000000 0.000000 0.000000 5.486279
10400 105 147.114609 0.000000 1000.000000 1.810229 145.304382 0.000000 0.000000 0.000000 0.000000 5.428762
10500 106 180.215836 0.000000 1000.000000 2.141995 178.441483 -0.367651 0.000000 0.000000 0.000000 8.097324
10600 107 172.569717 0.000000 1000.000000 4.223989 168.692184 -0.346448 0.000000 0.000000 0.000000 4.854622
10700 108 183.730072 0.000000 1000.000000 0.918971 183.421127 -0.610030 0.000000 0.000000 0.000000 5.238952
10800 109 156.957962 0.000000 1000.000000 1.299396 156.886734 -1.228164 0.000000 0.000000 0.000000 4.953889
10900 110 146.280396 0.000000 1000.000000 1.269670 145.010727 0.000000 0.000000 0.000000 0.000000 7.712328
11000 111 151.196304 0.000000 1000.000000 4.768731 147.103363 -0.675801 0.000000 0.000000 0.000000 6.434521
11100 112 156.944321 0.000000 1000.000000 1.096602 155.889877 -0.042161 0.000000 0.000000 0.000000 7.607497
11200 113 158.156464 0.000000 1000.000000 0.809581 158.031662 -0.684787 0.000000 0.000000 0.000000 7.017857
11300 114 155.396744 0.000000 1000.000000 1.906336 154.334732 -0.844334 0.000000 0.000000 0.000000 7.521435
11400 115 164.846924 0.000000 1000.000000 1.346166 163.500763 0.000000 0.000000 0.000000 0.000000 6.855555
11500 116 158.708313 0.000000 1000.000000 1.738090 157.397171 -0.426938 0.000000 0.000000 0.000000 7.811932
11600 117 168.094849 0.000000 1000.000000 1.725733 166.369110 0.000000 0.000000 0.000000 0.000000 7.750271
11700 118 154.989853 0.000000 1000.000000 0.361169 161.320648 -2.375793 -4.316184 0.000000 0.000000 4.610930
11800 119 168.542297 0.000000 1000.000000 0.477649 168.116547 -0.051895 0.000000 0.000000 0.000000 7.032553
11900 120 153.314102 0.000000 1000.000000 0.454926 154.611160 -1.751985 0.000000 0.000000 0.000000 7.746867
12000 121 161.909164 0.000000 1000.000000 0.639718 166.450546 -0.974903 -4.206214 0.000000 0.000000 6.898221
12100 122 178.861725 0.000000 1000.000000 1.891162 177.750198 -0.779630 0.000000 0.000000 0.000000 6.066998
12200 123 163.748856 0.000000 1000.000000 2.335822 161.897568 -0.484528 0.000000 0.000000 0.000000 6.594101
12300 124 166.117630 0.000000 1000.000000 0.862327 166.325546 -1.070243 0.000000 0.000000 0.000000 5.324200
12400 125 167.519974 0.000000 1000.000000 1.054427 166.465546 0.000000 0.000000 0.000000 0.000000 7.773263
12500 126 167.300323 0.000000 1000.000000 2.034247 165.266083 0.000000 0.000000 0.000000 0.000000 7.470413
12600 127 175.421082 0.000000 1000.000000 0.580663 175.922836 -1.082418 0.000000 0.000000 0.000000 7.283351
12700 128 163.599396 0.000000 1000.000000 0.538765 163.060623 0.000000 0.000000 0.000000 0.000000 6.056043
12800 129 183.686691 0.000000 1000.000000 0.909451 182.777237 0.000000 0.000000 0.000000 0.000000 8.310404
12900 130 178.801483 0.000000 1000.000000 2.077970 177.487076 -0.763570 0.000000 0.000000 0.000000 8.867479
13000 131 182.160126 0.000000 1000.000000 2.644737 180.761246 -1.245859 0.000000 0.000000 0.000000 8.064690
13100 132 144.980347 0.000000 1000.000000 3.458828 141.521515 0.000000 0.000000 0.000000 0.000000 9.730651
13200 133 158.087540 0.000000 1000.000000 0.493060 157.594482 0.000000 0.000000 0.000000 0.000000 10.732039
13300 134 166.436234 0.000000 1000.000000 0.837791 166.317841 -0.719402 0.000000 0.000000 0.000000 10.081690
13400 135 166.721939 0.000000 1000.000000 0.813147 174.838684 -1.882768 -7.047115 0.000000 0.000000 7.589000
13500 136 155.536224 0.000000 1000.000000 1.981993 153.554230 0.000000 0.000000 0.000000 0.000000 8.599647
13600 137 166.118378 0.000000 1000.000000 0.801652 169.563110 -1.415831 -2.830553 0.000000 0.000000 8.436054
13700 138 171.054886 0.000000 1000.000000 1.956968 169.756119 -0.658204 0.000000 0.000000 0.000000 9.670888
13800 139 170.189026 0.000000 1000.000000 0.852848 175.222794 -1.311518 -4.575088 0.000000 0.000000 6.991219
13900 140 165.019562 0.000000 1000.000000 0.322525 165.543137 -0.846095 0.000000 0.000000 0.000000 7.533809
14000 141 158.276154 0.000000 1000.000000 0.774659 157.968292 -0.466790 0.000000 0.000000 0.000000 8.359470
14100 142 160.902420 0.000000 1000.000000 0.584523 160.824936 -0.507042 0.000000 0.000000 0.000000 10.027654
14200 143 182.005066 0.000000 1000.000000 0.496843 182.276993 -0.768768 0.000000 0.000000 0.000000 9.901737
14300 144 185.164841 0.000000 1000.000000 0.963405 174.443314 -1.670810 11.428918 0.000000 0.000000 6.338470
14400 145 177.009293 0.000000 1000.000000 2.001487 175.007812 0.000000 0.000000 0.000000 0.000000 6.853063
14500 146 163.380981 0.000000 1000.000000 1.359369 163.685120 -1.663514 0.000000 0.000000 0.000000 6.197784
14600 147 152.721939 0.000000 1000.000000 4.573398 149.118515 -0.969965 0.000000 0.000000 0.000000 6.483434
14700 148 158.442078 0.000000 1000.000000 0.657094 158.438507 -0.653517 0.000000 0.000000 0.000000 11.021765
14800 149 144.658127 0.000000 1000.000000 0.955305 143.975769 -0.272951 0.000000 0.000000 0.000000 10.725752
14900 150 149.675461 0.000000 1000.000000 0.766135 148.909332 0.000000 0.000000 0.000000 0.000000 6.714088
15000 151 143.803848 0.000000 1000.000000 1.036745 142.767105 0.000000 0.000000 0.000000 0.000000 6.971907
15100 152 152.006927 0.000000 1000.000000 1.369453 151.399765 -0.762286 0.000000 0.000000 0.000000 7.552893
15200 153 157.325531 0.000000 1000.000000 0.779907 156.545624 0.000000 0.000000 0.000000 0.000000 6.242363
15300 154 160.695328 0.000000 1000.000000 0.956707 160.257233 -0.518620 0.000000 0.000000 0.000000 7.966815
15400 155 160.838455 0.000000 1000.000000 0.496724 160.341736 0.000000 0.000000 0.000000 0.000000 5.697771
15500 156 152.449753 0.000000 1000.000000 0.331774 152.589157 -0.471171 0.000000 0.000000 0.000000 7.195148
15600 157 149.808853 0.000000 1000.000000 0.436009 149.372849 0.000000 0.000000 0.000000 0.000000 7.532096
15700 158 170.237000 0.000000 1000.000000 0.454505 170.500854 -0.718356 0.000000 0.000000 0.000000 7.097139
15800 159 145.839981 0.000000 1000.000000 0.325127 145.830765 -0.315922 0.000000 0.000000 0.000000 5.859551
15900 160 144.512329 0.000000 1000.000000 0.496928 151.002106 -1.720428 -5.266273 0.000000 0.000000 7.783813
16000 161 150.374786 0.000000 1000.000000 0.600721 149.774063 0.000000 0.000000 0.000000 0.000000 7.065225
16100 162 138.197571 0.000000 1000.000000 0.725846 140.868042 -1.050945 -2.345366 0.000000 0.000000 5.556893
16200 163 154.480896 0.000000 1000.000000 0.432222 155.353729 -1.305050 0.000000 0.000000 0.000000 4.959039
16300 164 142.090393 0.000000 1000.000000 1.257091 140.833298 0.000000 0.000000 0.000000 0.000000 5.341664
16400 165 146.070755 0.000000 1000.000000 0.541346 146.161667 -0.632262 0.000000 0.000000 0.000000 4.166032
16500 166 157.000381 0.000000 1000.000000 1.303576 157.132980 -1.436172 0.000000 0.000000 0.000000 6.583310
16600 167 137.695404 0.000000 1000.000000 0.523742 137.171661 0.000000 0.000000 0.000000 0.000000 5.289883
16700 168 157.654266 0.000000 1000.000000 0.860454 157.555923 -0.762122 0.000000 0.000000 0.000000 4.290272
16800 169 163.501556 0.000000 1000.000000 0.237500 163.264053 0.000000 0.000000 0.000000 0.000000 3.149262
16900 170 156.455521 0.000000 1000.000000 0.464348 155.991180 0.000000 0.000000 0.000000 0.000000 5.150766
17000 171 146.361069 0.000000 1000.000000 0.671712 146.025772 -0.336404 0.000000 0.000000 0.000000 4.258707
17100 172 166.721649 0.000000 1000.000000 1.441699 167.122147 -1.127819 -0.714366 0.000000 0.000000 4.998932
17200 173 157.485367 0.000000 1000.000000 0.457875 157.843491 -0.815999 0.000000 0.000000 0.000000 5.533073
17300 174 143.401917 0.000000 1000.000000 0.557499 146.182068 -2.036663 -1.300975 0.000000 0.000000 4.312159
17400 175 163.345245 0.000000 1000.000000 1.048211 162.807983 -0.510952 0.000000 0.000000 0.000000 4.544864
17500 176 168.491119 0.000000 1000.000000 0.747627 169.989883 -2.246386 0.000000 0.000000 0.000000 4.395532
17600 177 176.298447 0.000000 1000.000000 0.453021 179.134476 -0.616873 -2.672178 0.000000 0.000000 8.686443
17700 178 164.175278 0.000000 1000.000000 1.112216 163.826309 -0.763245 0.000000 0.000000 0.000000 5.580502
17800 179 176.210693 0.000000 1000.000000 0.714588 175.702271 -0.206158 0.000000 0.000000 0.000000 7.403984
17900 180 173.592331 0.000000 1000.000000 0.736694 172.865372 -1.310227 1.300496 0.000000 0.000000 4.785697
18000 181 171.925690 0.000000 1000.000000 0.237835 171.687851 0.000000 0.000000 0.000000 0.000000 5.289316
18100 182 165.960678 0.000000 1000.000000 0.618000 166.283905 -0.941225 0.000000 0.000000 0.000000 6.752825
18200 183 187.019501 0.000000 1000.000000 1.201592 160.760147 -0.512680 25.570438 0.000000 0.000000 6.602234
18300 184 163.573639 0.000000 1000.000000 1.156354 162.417282 0.000000 0.000000 0.000000 0.000000 7.313844
18400 185 148.362640 0.000000 1000.000000 0.415733 149.780716 -1.833803 0.000000 0.000000 0.000000 5.968764
18500 186 158.754929 0.000000 1000.000000 0.305252 158.881943 -0.432273 0.000000 0.000000 0.000000 5.548036
18600 187 167.528641 0.000000 1000.000000 0.937407 171.272202 -1.034501 -3.646463 0.000000 0.000000 5.376592
18700 188 151.827179 0.000000 1000.000000 0.694354 154.013962 -2.881135 0.000000 0.000000 0.000000 4.379298
18800 189 158.635742 0.000000 1000.000000 0.257153 158.925476 -0.546887 0.000000 0.000000 0.000000 5.229352
18900 190 169.941330 0.000000 1000.000000 0.311257 171.766907 -2.136838 0.000000 0.000000 0.000000 4.635095
19000 191 150.835602 0.000000 1000.000000 0.551824 151.046021 -0.762232 0.000000 0.000000 0.000000 10.221061
19100 192 153.224213 0.000000 1000.000000 0.188214 153.380890 -0.344895 0.000000 0.000000 0.000000 5.745917
19200 193 151.430603 0.000000 1000.000000 1.194421 150.569763 -0.333592 0.000000 0.000000 0.000000 5.153283
19300 194 165.613312 0.000000 1000.000000 0.578360 165.034958 0.000000 0.000000 0.000000 0.000000 6.302805
19400 195 144.225845 0.000000 1000.000000 0.274674 143.951172 0.000000 0.000000 0.000000 0.000000 5.656054
19500 196 154.701477 0.000000 1000.000000 0.401994 154.404785 -0.105295 0.000000 0.000000 0.000000 4.808314
19600 197 140.392319 0.000000 1000.000000 0.285229 140.935822 -0.828742 0.000000 0.000000 0.000000 3.912300
19700 198 147.150467 0.000000 1000.000000 0.871327 146.928101 -0.648949 0.000000 0.000000 0.000000 5.980675
19800 199 159.620773 0.000000 1000.000000 0.401969 159.706650 -0.487840 0.000000 0.000000 0.000000 4.819288
19900 200 170.606094 0.000000 1000.000000 0.602345 171.251999 -1.248249 0.000000 0.000000 0.000000 4.136424
20000 201 149.638641 0.000000 1000.000000 0.452523 150.098480 -0.912368 0.000000 0.000000 0.000000 7.671711
20100 202 155.882431 0.000000 1000.000000 1.012685 155.149872 -0.280125 0.000000 0.000000 0.000000 5.578417
20200 203 165.230850 0.000000 1000.000000 0.372913 165.154099 -0.296163 0.000000 0.000000 0.000000 5.818879
20300 204 152.681839 0.000000 1000.000000 0.497177 151.975861 -1.537209 1.746021 0.000000 0.000000 8.306058
20400 205 152.700577 0.000000 1000.000000 0.512098 152.919022 -0.730540 0.000000 0.000000 0.000000 5.209162
20500 206 143.293411 0.000000 1000.000000 0.237743 147.399887 -0.887661 -3.456555 0.000000 0.000000 5.404193
20600 207 152.641434 0.000000 1000.000000 0.631462 153.336746 -1.326774 0.000000 0.000000 0.000000 3.659812
20700 208 152.732086 0.000000 1000.000000 1.079836 151.652252 0.000000 0.000000 0.000000 0.000000 3.839599
20800 209 145.762344 0.000000 1000.000000 0.695463 145.440598 -0.373714 0.000000 0.000000 0.000000 5.829882
20900 210 161.308777 0.000000 1000.000000 1.805721 159.503052 0.000000 0.000000 0.000000 0.000000 5.698007
21000 211 164.750549 0.000000 1000.000000 0.500814 163.719879 -0.699107 1.228981 0.000000 0.000000 5.354923
21100 212 148.414825 0.000000 1000.000000 0.322003 153.288620 -0.635293 -4.560501 0.000000 0.000000 6.202486
21200 213 158.627823 0.000000 1000.000000 0.976361 159.348969 -1.697515 0.000000 0.000000 0.000000 5.273516
21300 214 156.004303 0.000000 1000.000000 0.644453 156.373566 -1.013713 0.000000 0.000000 0.000000 5.240182
21400 215 142.167236 0.000000 1000.000000 0.973149 142.029251 -0.835154 0.000000 0.000000 0.000000 4.661097
21500 216 165.404861 0.000000 1000.000000 1.009004 165.407883 -1.012019 0.000000 0.000000 0.000000 4.940062
21600 217 180.420502 0.000000 1000.000000 0.568781 179.851715 0.000000 0.000000 0.000000 0.000000 3.551919
21700 218 166.830200 0.000000 1000.000000 0.329578 166.500626 0.000000 0.000000 0.000000 0.000000 8.529945
21800 219 171.737579 0.000000 1000.000000 0.477731 171.378296 -0.118449 0.000000 0.000000 0.000000 8.843744
21900 220 159.736786 0.000000 1000.000000 2.517619 157.071152 -0.885788 1.033795 0.000000 0.000000 5.781986
22000 221 150.887375 0.000000 1000.000000 1.058391 151.696671 -1.553237 -0.314449 0.000000 0.000000 5.182360
22100 222 180.067368 0.000000 1000.000000 1.419899 179.956665 -1.309188 0.000000 0.000000 0.000000 4.645667
22200 223 143.811813 0.000000 1000.000000 0.336602 143.726608 -0.251397 0.000000 0.000000 0.000000 4.851824
22300 224 141.701248 0.000000 1000.000000 0.215378 142.169952 -0.684078 0.000000 0.000000 0.000000 7.665771
22400 225 138.830292 0.000000 1000.000000 1.444894 137.756744 -0.371349 0.000000 0.000000 0.000000 5.771905
22500 226 185.020966 0.000000 1000.000000 1.556089 160.338730 -0.527379 23.653511 0.000000 0.000000 4.845113
22600 227 156.224899 0.000000 1000.000000 1.103259 155.471878 -0.350233 0.000000 0.000000 0.000000 5.726070
22700 228 154.251022 0.000000 1000.000000 0.941257 154.036362 -0.726599 0.000000 0.000000 0.000000 4.881187
22800 229 133.953094 0.000000 1000.000000 0.371977 137.746384 -0.527951 -3.637307 0.000000 0.000000 7.843249
22900 230 139.990936 0.000000 1000.000000 0.300787 144.494812 -2.183494 -2.621177 0.000000 0.000000 4.334803
23000 231 154.812546 0.000000 1000.000000 0.456091 159.567795 -1.360738 -3.850600 0.000000 0.000000 4.297151
23100 232 151.710449 0.000000 1000.000000 0.465987 152.340195 -1.095739 0.000000 0.000000 0.000000 5.399788
23200 233 163.863037 0.000000 1000.000000 1.646458 162.844955 -0.628373 0.000000 0.000000 0.000000 5.256214
23300 234 146.056091 0.000000 1000.000000 0.667981 142.217712 -1.545574 4.715977 0.000000 0.000000 5.605813
23400 235 144.920197 0.000000 1000.000000 0.212955 145.243423 -0.536186 0.000000 0.000000 0.000000 5.580969
23500 236 151.642349 0.000000 1000.000000 0.291825 152.295822 -0.945303 0.000000 0.000000 0.000000 4.785758
23600 237 168.821548 0.000000 1000.000000 0.230748 169.376785 -0.785982 0.000000 0.000000 0.000000 3.874790
23700 238 144.688461 0.000000 1000.000000 0.198491 145.726959 -1.236990 0.000000 0.000000 0.000000 8.354308
23800 239 147.925491 0.000000 1000.000000 0.463963 147.461533 0.000000 0.000000 0.000000 0.000000 7.867564
23900 240 216.983246 0.000000 1000.000000 0.974194 154.480133 -2.013547 63.542461 0.000000 0.000000 3.748503
24000 241 148.193130 0.000000 1000.000000 0.483656 147.709473 0.000000 0.000000 0.000000 0.000000 6.645823
24100 242 149.648026 0.000000 1000.000000 0.526049 149.121979 0.000000 0.000000 0.000000 0.000000 6.382421
24200 243 156.761505 0.000000 1000.000000 0.816174 160.268509 -0.850903 -3.472272 0.000000 0.000000 6.061058
24300 244 151.858185 0.000000 1000.000000 0.644571 151.213608 0.000000 0.000000 0.000000 0.000000 5.699922
24400 245 138.581482 0.000000 1000.000000 2.264036 137.148254 -0.830807 0.000000 0.000000 0.000000 6.784775
24500 246 141.723572 0.000000 1000.000000 0.250460 141.924500 -0.451392 0.000000 0.000000 0.000000 6.009822
24600 247 141.549973 0.000000 1000.000000 1.019186 144.302673 -1.058730 -2.713154 0.000000 0.000000 5.814879
24700 248 153.631363 0.000000 1000.000000 0.534951 153.591614 -0.495209 0.000000 0.000000 0.000000 5.705396
24800 249 139.597031 0.000000 1000.000000 0.651764 139.401932 -0.456672 0.000000 0.000000 0.000000 5.418721
24900 250 142.888596 0.000000 1000.000000 0.138158 143.165588 -0.415146 0.000000 0.000000 0.000000 6.955256
25000 251 130.396225 0.000000 1000.000000 0.241100 130.499542 -0.344420 0.000000 0.000000 0.000000 5.353338
25100 252 153.236374 0.000000 1000.000000 1.472268 152.728165 -0.964070 0.000000 0.000000 0.000000 4.961115
25200 253 134.082550 0.000000 1000.000000 0.342604 138.025085 -1.856157 -2.428987 0.000000 0.000000 5.043842
25300 254 157.103485 0.000000 1000.000000 0.492986 156.610504 0.000000 0.000000 0.000000 0.000000 6.926789
25400 255 165.141541 0.000000 1000.000000 0.604975 164.536560 0.000000 0.000000 0.000000 0.000000 6.942110
25500 256 135.644089 0.000000 1000.000000 0.126928 136.310165 -0.793005 0.000000 0.000000 0.000000 4.105836
25600 257 147.976364 0.000000 1000.000000 1.110550 147.262115 -0.396298 0.000000 0.000000 0.000000 4.504534
25700 258 156.900650 0.000000 1000.000000 0.817297 142.593338 -0.644182 14.134201 0.000000 0.000000 4.647082
25800 259 142.604965 0.000000 1000.000000 1.541232 142.003189 -0.939450 0.000000 0.000000 0.000000 4.076828
25900 260 147.462433 0.000000 1000.000000 1.318262 146.795059 -0.650894 0.000000 0.000000 0.000000 6.619216
26000 261 143.143738 0.000000 1000.000000 0.595716 144.225662 -1.677641 0.000000 0.000000 0.000000 11.590638
26100 262 146.267563 0.000000 1000.000000 1.749775 144.517792 0.000000 0.000000 0.000000 0.000000 9.821130
26200 263 146.771866 0.000000 1000.000000 1.587646 145.410645 -0.226419 0.000000 0.000000 0.000000 9.817684
26300 264 159.664581 0.000000 1000.000000 1.076683 158.587891 0.000000 0.000000 0.000000 0.000000 7.921300
26400 265 137.294662 0.000000 1000.000000 0.501508 137.379013 -0.585862 0.000000 0.000000 0.000000 6.194384
26500 266 136.806000 0.000000 1000.000000 0.120076 136.849564 -0.163637 0.000000 0.000000 0.000000 6.676179
26600 267 168.207565 0.000000 1000.000000 0.795967 168.176483 -0.764880 0.000000 0.000000 0.000000 5.586300
26700 268 176.609268 0.000000 1000.000000 0.803857 176.917191 -1.111787 0.000000 0.000000 0.000000 4.396377
26800 269 161.166260 0.000000 1000.000000 0.513710 161.366928 -0.714377 0.000000 0.000000 0.000000 7.057868
26900 270 138.167633 0.000000 1000.000000 0.935003 137.232635 0.000000 0.000000 0.000000 0.000000 5.530927
27000 271 159.895294 0.000000 1000.000000 0.811704 159.495071 -0.411482 0.000000 0.000000 0.000000 5.157913
27100 272 150.337555 0.000000 1000.000000 0.613396 153.382309 -0.897082 -2.761078 0.000000 0.000000 5.611810
27200 273 158.451385 0.000000 1000.000000 0.598813 163.310715 -1.571260 -3.886886 0.000000 0.000000 5.421506
27300 274 172.038086 0.000000 1000.000000 0.972721 175.632858 -2.208359 -2.359123 0.000000 0.000000 4.639903
27400 275 155.164261 0.000000 1000.000000 0.503655 155.663879 -1.003285 0.000000 0.000000 0.000000 3.605921
27500 276 174.638321 0.000000 1000.000000 2.468058 172.170258 0.000000 0.000000 0.000000 0.000000 6.804254
27600 277 144.141891 0.000000 1000.000000 0.724485 144.699112 -1.281703 0.000000 0.000000 0.000000 4.557365
27700 278 152.415421 0.000000 1000.000000 0.432263 152.515640 -0.532488 0.000000 0.000000 0.000000 6.771573
27800 279 145.431305 0.000000 1000.000000 0.706487 145.930878 -1.206056 0.000000 0.000000 0.000000 6.139574
27900 280 246.006042 0.000000 1000.000000 2.948102 144.184158 -0.850353 99.724144 0.000000 0.000000 4.329577
28000 281 151.418076 0.000000 1000.000000 0.342524 153.171097 -2.095548 0.000000 0.000000 0.000000 5.335708
28100 282 160.098434 0.000000 1000.000000 0.390793 159.707642 0.000000 0.000000 0.000000 0.000000 6.782654
28200 283 152.927795 0.000000 1000.000000 0.294044 154.481079 -1.847324 0.000000 0.000000 0.000000 5.907374
28300 284 143.866501 0.000000 1000.000000 0.477941 144.348740 -0.960177 0.000000 0.000000 0.000000 5.933859
28400 285 152.421280 0.000000 1000.000000 0.414228 152.007050 0.000000 0.000000 0.000000 0.000000 8.543968
28500 286 162.977264 0.000000 1000.000000 0.346842 162.630417 0.000000 0.000000 0.000000 0.000000 8.712278
28600 287 164.735657 0.000000 1000.000000 1.478102 163.257553 0.000000 0.000000 0.000000 0.000000 8.434128
28700 288 167.794403 0.000000 1000.000000 0.693054 167.101349 0.000000 0.000000 0.000000 0.000000 7.955816
28800 289 156.579575 0.000000 1000.000000 0.321307 156.582184 -0.323910 0.000000 0.000000 0.000000 6.861776
28900 290 162.361679 0.000000 1000.000000 1.224825 161.183716 -0.046867 0.000000 0.000000 0.000000 11.028139
29000 291 173.577454 0.000000 1000.000000 0.958428 176.718918 -1.176924 -2.922977 0.000000 0.000000 11.107108
29100 292 148.167892 0.000000 1000.000000 1.708685 146.459213 0.000000 0.000000 0.000000 0.000000 8.695311
29200 293 156.061218 0.000000 1000.000000 0.300523 155.805344 -0.044647 0.000000 0.000000 0.000000 8.081954
29300 294 268.013977 0.000000 1000.000000 1.625334 146.830902 -2.326138 121.883896 0.000000 0.000000 10.465805
29400 295 173.399750 0.000000 1000.000000 1.479700 164.860367 -1.781624 8.841313 0.000000 0.000000 9.364529
29500 296 136.180511 0.000000 1000.000000 0.276688 142.882034 -2.763966 -4.214252 0.000000 0.000000 6.860907
29600 297 165.680313 0.000000 1000.000000 0.635187 171.558273 -2.539545 -3.973603 0.000000 0.000000 8.932590
29700 298 160.255356 0.000000 1000.000000 1.083737 159.171616 0.000000 0.000000 0.000000 0.000000 11.102922
29800 299 146.919464 0.000000 1000.000000 1.063177 145.896408 -0.040121 0.000000 0.000000 0.000000 11.572803
29900 300 166.328339 0.000000 1000.000000 1.279532 155.468307 -2.159918 11.740423 0.000000 0.000000 11.204681
30000 301 167.198746 0.000000 1000.000000 0.747528 166.451218 0.000000 0.000000 0.000000 0.000000 11.238517
30100 302 150.886795 0.000000 1000.000000 0.545469 155.100281 -1.557245 -3.201710 0.000000 0.000000 6.992607
30200 303 137.347412 0.000000 1000.000000 1.261274 136.086136 0.000000 0.000000 0.000000 0.000000 9.124074
30300 304 153.735184 0.000000 1000.000000 2.747722 151.815353 -0.827893 0.000000 0.000000 0.000000 10.871258
30400 305 139.971863 0.000000 1000.000000 0.886792 145.025040 -1.011669 -4.928296 0.000000 0.000000 11.989481
30500 306 166.921982 0.000000 1000.000000 1.232031 166.830643 -1.140690 0.000000 0.000000 0.000000 6.136071
30600 307 151.883987 0.000000 1000.000000 0.734750 138.414902 -1.916461 14.650782 0.000000 0.000000 6.876637
30700 308 150.318207 0.000000 1000.000000 0.297118 150.021088 0.000000 0.000000 0.000000 0.000000 6.775717
30800 309 143.260757 0.000000 1000.000000 1.030223 142.275681 -0.045146 0.000000 0.000000 0.000000 7.499576
30900 310 139.984833 0.000000 1000.000000 0.301594 145.101593 -1.977984 -3.440365 0.000000 0.000000 7.408220
31000 311 145.597687 0.000000 1000.000000 0.860018 152.232498 -1.557957 -5.936869 0.000000 0.000000 6.942078
31100 312 135.791367 0.000000 1000.000000 1.188512 134.814896 -0.212035 0.000000 0.000000 0.000000 8.496399
31200 313 132.639374 0.000000 1000.000000 1.851391 132.010880 -1.222901 0.000000 0.000000 0.000000 9.355034
31300 314 137.956223 0.000000 1000.000000 1.406939 135.199142 -0.356069 1.706206 0.000000 0.000000 10.603712
31400 315 125.364952 0.000000 1000.000000 1.822275 124.381699 -0.839017 0.000000 0.000000 0.000000 6.757592
31500 316 133.456436 0.000000 1000.000000 1.312358 132.144073 0.000000 0.000000 0.000000 0.000000 9.957359
31600 317 134.842911 0.000000 1000.000000 1.780418 133.244614 -0.182115 0.000000 0.000000 0.000000 6.254797
31700 318 121.342781 0.000000 1000.000000 0.342772 129.667908 -0.696151 -7.971750 0.000000 0.000000 9.918734
31800 319 131.466476 0.000000 1000.000000 2.897111 135.576355 -2.274942 -4.732040 0.000000 0.000000 7.899277
31900 320 133.654694 0.000000 1000.000000 1.721997 131.967590 -0.034897 0.000000 0.000000 0.000000 10.275467
32000 321 129.340714 0.000000 1000.000000 0.871211 129.523270 -1.053770 0.000000 0.000000 0.000000 9.132564
32100 322 134.080505 0.000000 1000.000000 1.036050 134.620270 -1.575819 0.000000 0.000000 0.000000 10.456345
32200 323 124.903252 0.000000 1000.000000 0.613567 125.821121 -1.531436 0.000000 0.000000 0.000000 6.069174
32300 324 139.731567 0.000000 1000.000000 2.243061 137.488510 0.000000 0.000000 0.000000 0.000000 8.661366
32400 325 190.491699 0.000000 1000.000000 1.195425 137.804611 -2.395144 53.886806 0.000000 0.000000 5.450097
32500 326 137.386841 0.000000 1000.000000 0.680071 137.954132 -1.247368 0.000000 0.000000 0.000000 7.394033
32600 327 139.744492 0.000000 1000.000000 0.393163 145.298035 -1.985806 -3.960899 0.000000 0.000000 4.885823
32700 328 138.001144 0.000000 1000.000000 3.118360 140.518112 -2.960820 -2.674510 0.000000 0.000000 5.470421
32800 329 150.475052 0.000000 1000.000000 1.257250 149.217804 0.000000 0.000000 0.000000 0.000000 7.744252
32900 330 146.193420 0.000000 1000.000000 2.841524 143.351898 0.000000 0.000000 0.000000 0.000000 6.416873
33000 331 147.592422 0.000000 1000.000000 1.346284 146.246140 0.000000 0.000000 0.000000 0.000000 6.843669
33100 332 128.317093 0.000000 1000.000000 2.486983 125.830109 0.000000 0.000000 0.000000 0.000000 5.727288
33200 333 141.875259 0.000000 1000.000000 1.150195 142.863434 -2.611007 0.472642 0.000000 0.000000 5.951948
33300 334 150.172668 0.000000 1000.000000 0.825746 145.651688 -2.303421 5.998651 0.000000 0.000000 6.548686
33400 335 146.175064 0.000000 1000.000000 2.008550 144.799683 -0.633168 0.000000 0.000000 0.000000 7.826094
33500 336 156.276352 0.000000 1000.000000 1.294035 156.133698 -1.151388 0.000000 0.000000 0.000000 5.424741
33600 337 174.772583 0.000000 1000.000000 0.937828 152.724014 -1.930048 23.040787 0.000000 0.000000 5.749605
33700 338 151.685699 0.000000 1000.000000 0.847214 151.581207 -0.742727 0.000000 0.000000 0.000000 6.142108
33800 339 142.071899 0.000000 1000.000000 0.833315 142.502304 -1.263717 0.000000 0.000000 0.000000 5.405943
33900 340 136.171143 0.000000 1000.000000 0.141457 140.066452 -1.382989 -2.653785 0.000000 0.000000 6.822110
34000 341 136.326843 0.000000 1000.000000 0.353879 137.115036 -1.142067 0.000000 0.000000 0.000000 7.942941
34100 342 137.410217 0.000000 1000.000000 1.243447 138.559189 -2.717401 0.324978 0.000000 0.000000 9.100441
34200 343 125.184097 0.000000 1000.000000 0.502953 126.010254 -1.329113 0.000000 0.000000 0.000000 7.175416
34300 344 165.741165 0.000000 1000.000000 1.525549 165.704529 -1.488911 0.000000 0.000000 0.000000 6.127668
34400 345 138.869766 0.000000 1000.000000 0.783101 148.918503 -4.102842 -6.728982 0.000000 0.000000 4.329034
34500 346 154.639755 0.000000 1000.000000 0.363066 155.055374 -0.778682 0.000000 0.000000 0.000000 5.426998
34600 347 140.299805 0.000000 1000.000000 0.492820 139.806992 0.000000 0.000000 0.000000 0.000000 5.745334
34700 348 137.141113 0.000000 1000.000000 1.144463 136.890884 -0.894246 0.000000 0.000000 0.000000 8.670353
34800 349 174.880844 0.000000 1000.000000 0.570993 174.766541 -0.456702 0.000000 0.000000 0.000000 7.525084
34900 350 135.410843 0.000000 1000.000000 1.509259 133.901581 0.000000 0.000000 0.000000 0.000000 6.926660
35000 351 134.848862 0.000000 1000.000000 0.349669 135.845993 -1.346808 0.000000 0.000000 0.000000 7.635894
35100 352 139.597351 0.000000 1000.000000 1.068296 140.066406 -1.537358 0.000000 0.000000 0.000000 7.388158
35200 353 131.714874 0.000000 1000.000000 0.818115 131.143448 -0.246693 0.000000 0.000000 0.000000 7.276780
35300 354 148.811295 0.000000 1000.000000 1.639050 148.360504 -1.188267 0.000000 0.000000 0.000000 7.821928
35400 355 148.650955 0.000000 1000.000000 0.722631 149.160538 -1.232206 0.000000 0.000000 0.000000 7.650494
35500 356 135.695312 0.000000 1000.000000 1.779980 133.915329 0.000000 0.000000 0.000000 0.000000 9.075876
35600 357 151.025360 0.000000 1000.000000 0.518770 151.020035 -0.513446 0.000000 0.000000 0.000000 7.327561
35700 358 144.314301 0.000000 1000.000000 1.513302 142.800995 0.000000 0.000000 0.000000 0.000000 9.396923
35800 359 140.367279 0.000000 1000.000000 0.472480 140.323288 -0.428484 0.000000 0.000000 0.000000 9.198295
35900 360 143.384705 0.000000 1000.000000 0.604069 143.444992 -0.664359 0.000000 0.000000 0.000000 9.390396
36000 361 141.931519 0.000000 1000.000000 1.358745 141.163727 -0.590957 0.000000 0.000000 0.000000 9.001384
36100 362 140.917068 0.000000 1000.000000 0.261206 141.838486 -1.182610 0.000000 0.000000 0.000000 6.313076
36200 363 142.799316 0.000000 1000.000000 0.366844 143.247696 -0.815217 0.000000 0.000000 0.000000 5.530602
36300 364 145.417511 0.000000 1000.000000 0.381390 145.036118 0.000000 0.000000 0.000000 0.000000 7.494444
36400 365 163.362152 0.000000 1000.000000 1.520738 161.841415 0.000000 0.000000 0.000000 0.000000 8.052533
36500 366 163.833313 0.000000 1000.000000 0.383515 164.412811 -0.963007 0.000000 0.000000 0.000000 5.251078
36600 367 149.260956 0.000000 1000.000000 0.504477 149.594666 -0.838182 0.000000 0.000000 0.000000 6.049514
36700 368 131.741074 0.000000 1000.000000 0.318068 131.423004 0.000000 0.000000 0.000000 0.000000 10.166492
36800 369 151.519043 0.000000 1000.000000 1.720533 149.798508 0.000000 0.000000 0.000000 0.000000 8.061664
36900 370 148.871246 0.000000 1000.000000 0.454030 148.417221 0.000000 0.000000 0.000000 0.000000 6.357259
37000 371 125.543571 0.000000 1000.000000 0.216326 126.569702 -1.242452 0.000000 0.000000 0.000000 7.082405
37100 372 137.333496 0.000000 1000.000000 2.194359 135.369659 -0.230521 0.000000 0.000000 0.000000 6.075251
37200 373 135.297882 0.000000 1000.000000 0.812950 134.484940 0.000000 0.000000 0.000000 0.000000 5.520006
37300 374 126.346214 0.000000 1000.000000 1.002521 127.065269 -1.721579 0.000000 0.000000 0.000000 6.415670
37400 375 129.239594 0.000000 1000.000000 0.265569 128.974030 0.000000 0.000000 0.000000 0.000000 7.880668
37500 376 134.672104 0.000000 1000.000000 0.147321 137.440399 -2.156788 -0.758836 0.000000 0.000000 6.513320
37600 377 133.600433 0.000000 1000.000000 0.344158 135.175583 -1.919319 0.000000 0.000000 0.000000 6.122713
37700 378 130.330109 0.000000 1000.000000 0.609169 137.190735 -3.198635 -4.271148 0.000000 0.000000 5.308157
37800 379 136.211609 0.000000 1000.000000 0.214678 137.935150 -1.938213 0.000000 0.000000 0.000000 7.404828
37900 380 127.997696 0.000000 1000.000000 0.208882 134.738693 -3.138418 -3.811463 0.000000 0.000000 8.185779
38000 381 158.683578 0.000000 1000.000000 1.127033 157.556549 0.000000 0.000000 0.000000 0.000000 6.046784
38100 382 150.266037 0.000000 1000.000000 1.321419 148.996429 -0.051815 0.000000 0.000000 0.000000 6.128402
38200 383 159.447067 0.000000 1000.000000 0.520798 158.926270 0.000000 0.000000 0.000000 0.000000 8.217129
38300 384 150.767197 0.000000 1000.000000 0.872803 149.894394 0.000000 0.000000 0.000000 0.000000 7.325700
38400 385 136.943604 0.000000 1000.000000 0.220254 136.723343 0.000000 0.000000 0.000000 0.000000 5.063033
38500 386 145.367859 0.000000 1000.000000 1.846616 143.997055 -0.475818 0.000000 0.000000 0.000000 7.934123
38600 387 137.884888 0.000000 1000.000000 0.897028 137.354065 -0.366204 0.000000 0.000000 0.000000 7.617336
38700 388 128.833984 0.000000 1000.000000 0.400075 128.433914 0.000000 0.000000 0.000000 0.000000 12.454711
38800 389 143.247070 0.000000 1000.000000 0.339446 150.013351 -2.305696 -4.800038 0.000000 0.000000 6.553696
38900 390 145.502335 0.000000 1000.000000 0.598945 145.246521 -0.343117 0.000000 0.000000 0.000000 8.042193
39000 391 143.167465 0.000000 1000.000000 0.461769 143.253632 -0.547945 0.000000 0.000000 0.000000 7.812789
39100 392 145.356293 0.000000 1000.000000 0.705838 144.650452 0.000000 0.000000 0.000000 0.000000 9.813021
39200 393 165.673523 0.000000 1000.000000 2.586441 164.206314 -1.119228 0.000000 0.000000 0.000000 9.250129
39300 394 144.738388 0.000000 1000.000000 1.204262 144.355499 -0.821388 0.000000 0.000000 0.000000 9.182283
39400 395 150.742889 0.000000 1000.000000 0.880794 150.479919 -0.617827 0.000000 0.000000 0.000000 8.001200
39500 396 143.557800 0.000000 1000.000000 2.387601 141.727158 -0.556960 0.000000 0.000000 0.000000 8.670650
39600 397 160.989700 0.000000 1000.000000 0.903895 160.746292 -0.660498 0.000000 0.000000 0.000000 7.300572
39700 398 176.322983 0.000000 1000.000000 0.288176 176.841751 -0.806950 0.000000 0.000000 0.000000 7.887430
39800 399 156.679062 0.000000 1000.000000 0.558413 157.303314 -1.182663 0.000000 0.000000 0.000000 5.379348
39900 400 153.346573 0.000000 1000.000000 0.318981 153.418594 -0.391006 0.000000 0.000000 0.000000 5.070787
40000 401 151.778625 0.000000 1000.000000 0.676210 153.133728 -2.031317 0.000000 0.000000 0.000000 5.689865
40100 402 146.738342 0.000000 1000.000000 1.360808 146.058594 -0.681063 0.000000 0.000000 0.000000 7.198837
40200 403 136.428146 0.000000 1000.000000 1.949043 134.534180 -0.055063 0.000000 0.000000 0.000000 7.378277
40300 404 141.095139 0.000000 1000.000000 1.101382 139.993759 0.000000 0.000000 0.000000 0.000000 7.396881
40400 405 140.881790 0.000000 1000.000000 0.425872 140.716675 -0.260759 0.000000 0.000000 0.000000 8.927080
40500 406 136.814636 0.000000 1000.000000 1.383663 135.430969 0.000000 0.000000 0.000000 0.000000 8.333457
40600 407 149.342682 0.000000 1000.000000 0.763414 152.638779 -1.045214 -3.014292 0.000000 0.000000 5.734791
40700 408 135.853302 0.000000 1000.000000 0.382908 143.230240 -1.368910 -6.390934 0.000000 0.000000 7.279612
40800 409 140.682007 0.000000 1000.000000 0.331863 146.439713 -1.467282 -4.622281 0.000000 0.000000 7.178304
40900 410 153.160782 0.000000 1000.000000 0.654507 153.557480 -1.051206 0.000000 0.000000 0.000000 6.234882
41000 411 141.418503 0.000000 1000.000000 0.999754 140.418747 0.000000 0.000000 0.000000 0.000000 8.320184
41100 412 140.081909 0.000000 1000.000000 1.027210 139.752655 -0.697951 0.000000 0.000000 0.000000 7.877114
41200 413 147.764404 0.000000 1000.000000 2.561178 145.459259 -0.256028 0.000000 0.000000 0.000000 8.226479
41300 414 130.690536 0.000000 1000.000000 0.157110 131.381332 -0.847902 0.000000 0.000000 0.000000 6.183804
41400 415 143.746872 0.000000 1000.000000 0.324120 143.422745 0.000000 0.000000 0.000000 0.000000 7.283420
41500 416 146.671585 0.000000 1000.000000 0.176325 147.701675 -1.206421 0.000000 0.000000 0.000000 7.534530
41600 417 140.822052 0.000000 1000.000000 0.271335 140.550720 0.000000 0.000000 0.000000 0.000000 8.084699
41700 418 166.427612 0.000000 1000.000000 0.386056 166.041550 0.000000 0.000000 0.000000 0.000000 7.359184
41800 419 128.536804 0.000000 1000.000000 0.344974 133.090637 -1.295211 -3.603595 0.000000 0.000000 7.753874
41900 420 132.476913 0.000000 1000.000000 1.220102 132.342621 -1.085810 0.000000 0.000000 0.000000 9.127099
42000 421 161.649323 0.000000 1000.000000 0.526668 162.018906 -0.896254 0.000000 0.000000 0.000000 6.320301
42100 422 125.782845 0.000000 1000.000000 0.864838 131.655853 -1.167229 -5.570607 0.000000 0.000000 6.077900
42200 423 148.993332 0.000000 1000.000000 0.826959 148.451172 -0.284807 0.000000 0.000000 0.000000 6.732552
42300 424 152.144806 0.000000 1000.000000 0.227926 153.146896 -1.230009 0.000000 0.000000 0.000000 7.402134
42400 425 148.666061 0.000000 1000.000000 0.603567 148.328186 -0.265685 0.000000 0.000000 0.000000 7.330165
42500 426 165.228256 0.000000 1000.000000 0.664662 165.514832 -0.951226 0.000000 0.000000 0.000000 6.986617
42600 427 158.639618 0.000000 1000.000000 1.156466 158.385681 -0.902529 0.000000 0.000000 0.000000 6.255510
42700 428 162.662445 0.000000 1000.000000 0.463973 162.684891 -0.486412 0.000000 0.000000 0.000000 7.098114
42800 429 169.722260 0.000000 1000.000000 0.806801 168.915466 0.000000 0.000000 0.000000 0.000000 7.416914
42900 430 174.566101 0.000000 1000.000000 0.990387 173.575714 0.000000 0.000000 0.000000 0.000000 10.586091
43000 431 163.412704 0.000000 1000.000000 0.304369 163.108337 0.000000 0.000000 0.000000 0.000000 10.163264
43100 432 158.134659 0.000000 1000.000000 0.418889 157.976990 -0.261222 0.000000 0.000000 0.000000 8.875801
43200 433 179.625992 0.000000 1000.000000 0.628676 179.172287 -0.174965 0.000000 0.000000 0.000000 7.871511
43300 434 180.458908 0.000000 1000.000000 0.705379 179.753525 0.000000 0.000000 0.000000 0.000000 7.492993
43400 435 164.412872 0.000000 1000.000000 0.604256 164.192657 -0.384042 0.000000 0.000000 0.000000 8.356831
43500 436 153.958588 0.000000 1000.000000 0.264901 153.693680 0.000000 0.000000 0.000000 0.000000 7.580831
43600 437 145.763016 0.000000 1000.000000 0.276162 148.370636 -0.679162 -2.204623 0.000000 0.000000 8.368746
43700 438 171.846329 0.000000 1000.000000 0.854110 171.287277 -0.295060 0.000000 0.000000 0.000000 9.800873
43800 439 164.314285 0.000000 1000.000000 0.348628 163.965652 0.000000 0.000000 0.000000 0.000000 8.350582
43900 440 179.603745 0.000000 1000.000000 1.012481 178.591263 0.000000 0.000000 0.000000 0.000000 8.759509
44000 441 153.487015 0.000000 1000.000000 0.503659 153.653000 -0.669650 0.000000 0.000000 0.000000 9.053952
44100 442 153.541351 0.000000 1000.000000 0.502348 153.220673 -0.181664 0.000000 0.000000 0.000000 6.477793
44200 443 146.770691 0.000000 1000.000000 0.875156 146.409241 -0.513705 0.000000 0.000000 0.000000 7.233728
44300 444 151.670944 0.000000 1000.000000 0.235298 151.826324 -0.390687 0.000000 0.000000 0.000000 6.716342
44400 445 153.521072 0.000000 1000.000000 0.839583 152.681488 0.000000 0.000000 0.000000 0.000000 8.598803
44500 446 148.381989 0.000000 1000.000000 0.351147 150.230209 -0.691810 -1.507564 0.000000 0.000000 7.306914
44600 447 148.551224 0.000000 1000.000000 0.845074 147.873077 -0.166938 0.000000 0.000000 0.000000 8.076132
44700 448 157.599564 0.000000 1000.000000 0.880985 157.058060 -0.339479 0.000000 0.000000 0.000000 7.239544
44800 449 152.431046 0.000000 1000.000000 0.938635 151.492416 0.000000 0.000000 0.000000 0.000000 8.310184
44900 450 158.837082 0.000000 1000.000000 0.991100 160.354828 -1.855661 -0.653182 0.000000 0.000000 7.101603
45000 451 167.945465 0.000000 1000.000000 1.434022 169.814545 -0.633191 -2.669909 0.000000 0.000000 6.329761
45100 452 146.225281 0.000000 1000.000000 0.157750 146.467499 -0.399966 0.000000 0.000000 0.000000 5.762506
45200 453 177.174042 0.000000 1000.000000 1.833693 175.559311 -0.218958 0.000000 0.000000 0.000000 7.216496
45300 454 159.744431 0.000000 1000.000000 0.302004 160.037872 -0.595446 0.000000 0.000000 0.000000 6.353748
45400 455 170.392715 0.000000 1000.000000 0.321997 170.611847 -0.541127 0.000000 0.000000 0.000000 5.969774
45500 456 146.386597 0.000000 1000.000000 0.865433 145.990097 -0.468926 0.000000 0.000000 0.000000 6.954940
45600 457 150.924423 0.000000 1000.000000 0.532663 150.730316 -0.338557 0.000000 0.000000 0.000000 9.029782
45700 458 143.671188 0.000000 1000.000000 1.273480 146.382523 -0.933260 -3.051552 0.000000 0.000000 6.521466
45800 459 158.923141 0.000000 1000.000000 1.102421 157.820724 0.000000 0.000000 0.000000 0.000000 6.483472
45900 460 141.864395 0.000000 1000.000000 0.224217 144.491531 -0.283798 -2.567550 0.000000 0.000000 7.338987
46000 461 134.370453 0.000000 1000.000000 0.669264 138.842117 -0.509402 -4.631527 0.000000 0.000000 7.850839
46100 462 131.482758 0.000000 1000.000000 3.113901 133.006714 -1.123540 -3.514332 0.000000 0.000000 6.492070
46200 463 134.870285 0.000000 1000.000000 0.913942 133.956345 0.000000 0.000000 0.000000 0.000000 8.961389
46300 464 148.563583 0.000000 1000.000000 1.582125 146.981461 0.000000 0.000000 0.000000 0.000000 9.421598
46400 465 139.073135 0.000000 1000.000000 1.175769 137.897369 0.000000 0.000000 0.000000 0.000000 10.003086
46500 466 147.877228 0.000000 1000.000000 1.967870 146.104248 -0.194883 0.000000 0.000000 0.000000 9.780112
46600 467 140.436600 0.000000 1000.000000 1.016791 139.419815 0.000000 0.000000 0.000000 0.000000 7.860298
46700 468 142.945831 0.000000 1000.000000 0.508727 142.490891 -0.053787 0.000000 0.000000 0.000000 9.459773
46800 469 154.848694 0.000000 1000.000000 0.571297 154.277390 0.000000 0.000000 0.000000 0.000000 6.776772
46900 470 148.611160 0.000000 1000.000000 0.651269 147.959885 0.000000 0.000000 0.000000 0.000000 7.347191
47000 471 143.578491 0.000000 1000.000000 1.538280 142.040207 0.000000 0.000000 0.000000 0.000000 7.136770
47100 472 124.571732 0.000000 1000.000000 0.727881 125.866669 -0.553042 -1.469783 0.000000 0.000000 7.054209
47200 473 133.530807 0.000000 1000.000000 0.654682 132.876129 0.000000 0.000000 0.000000 0.000000 6.589324
47300 474 134.557220 0.000000 1000.000000 0.171035 135.851944 -1.465763 0.000000 0.000000 0.000000 7.947893
47400 475 144.361847 0.000000 1000.000000 0.407091 148.032211 -1.176025 -2.901421 0.000000 0.000000 6.946988
47500 476 133.332031 0.000000 1000.000000 0.787638 133.739624 -1.195231 0.000000 0.000000 0.000000 6.662694
47600 477 145.905243 0.000000 1000.000000 1.006811 144.898438 0.000000 0.000000 0.000000 0.000000 10.111181
47700 478 120.189705 0.000000 1000.000000 0.332135 123.782837 -2.201036 -1.724239 0.000000 0.000000 5.615941
47800 479 121.163406 0.000000 1000.000000 0.368320 128.876740 -2.914133 -5.167521 0.000000 0.000000 7.317076
47900 480 134.964203 0.000000 1000.000000 1.381386 133.582809 0.000000 0.000000 0.000000 0.000000 6.376474
48000 481 137.079407 0.000000 1000.000000 1.049301 137.620499 -1.590400 0.000000 0.000000 0.000000 6.759083
48100 482 147.205719 0.000000 1000.000000 0.842094 146.967545 -0.603917 0.000000 0.000000 0.000000 8.817284
48200 483 158.971741 0.000000 1000.000000 0.808777 158.262421 -0.099450 0.000000 0.000000 0.000000 8.639444
48300 484 139.259155 0.000000 1000.000000 1.201921 138.573456 -0.516221 0.000000 0.000000 0.000000 7.481659
48400 485 151.716827 0.000000 1000.000000 2.036928 153.524246 -1.392964 -2.451387 0.000000 0.000000 5.944775
48500 486 145.311356 0.000000 1000.000000 1.766575 143.544785 0.000000 0.000000 0.000000 0.000000 6.990658
48600 487 142.820282 0.000000 1000.000000 0.986714 141.833572 0.000000 0.000000 0.000000 0.000000 4.960334
48700 488 144.495010 0.000000 1000.000000 0.400589 145.798965 -1.704549 0.000000 0.000000 0.000000 6.818026
48800 489 148.493408 0.000000 1000.000000 1.412511 148.185272 -1.104368 0.000000 0.000000 0.000000 6.733291
48900 490 136.609055 0.000000 1000.000000 0.693657 137.064789 -1.149377 0.000000 0.000000 0.000000 7.622586
49000 491 137.802582 0.000000 1000.000000 1.613530 136.189056 0.000000 0.000000 0.000000 0.000000 8.872608
49100 492 137.842651 0.000000 1000.000000 0.321005 138.450562 -0.928902 0.000000 0.000000 0.000000 7.707863
49200 493 138.714111 0.000000 1000.000000 0.285139 139.398514 -0.969545 0.000000 0.000000 0.000000 9.574031
49300 494 140.653488 0.000000 1000.000000 0.710700 142.821152 -2.156827 -0.721526 0.000000 0.000000 7.050796
49400 495 124.799019 0.000000 1000.000000 0.445782 124.353233 0.000000 0.000000 0.000000 0.000000 9.826307
49500 496 144.592712 0.000000 1000.000000 0.564746 144.612289 -0.584319 0.000000 0.000000 0.000000 5.515388
49600 497 140.534225 0.000000 1000.000000 0.154014 141.986633 -1.606408 0.000000 0.000000 0.000000 7.037874
49700 498 121.921745 0.000000 1000.000000 0.791315 121.130432 0.000000 0.000000 0.000000 0.000000 9.008212
49800 499 150.781158 0.000000 1000.000000 0.509452 150.330811 -0.059105 0.000000 0.000000 0.000000 7.248693
49900 500 139.290451 0.000000 1000.000000 0.599197 139.596573 -0.905315 0.000000 0.000000 0.000000 7.668981
50000 501 134.961212 0.000000 1000.000000 1.105133 133.856079 0.000000 0.000000 0.000000 0.000000 7.358796
