1 1 199.482285 0.000000 1000.000000 0.843933 216.803909 -3.927464 -14.238100 0.000000 0.000000 1.431784
100 2 193.992508 0.000000 1000.000000 0.808605 193.203979 -0.020086 0.000000 0.000000 0.000000 11.197134
200 3 196.873138 0.000000 1000.000000 2.570692 183.356415 -1.102106 12.048147 0.000000 0.000000 10.041496
300 4 197.552002 0.000000 1000.000000 1.567896 197.029800 -1.045696 0.000000 0.000000 0.000000 8.361170
400 5 195.509979 0.000000 1000.000000 1.901762 191.368805 -0.859660 3.099075 0.000000 0.000000 8.475307
500 6 185.197968 0.000000 1000.000000 3.625959 183.038620 -1.466610 0.000000 0.000000 0.000000 8.772197
600 7 192.694427 0.000000 1000.000000 0.409802 195.889465 -2.008753 -1.596081 0.000000 0.000000 7.733752
700 8 186.322235 0.000000 1000.000000 1.098484 185.632614 -0.408865 0.000000 0.000000 0.000000 9.960459
800 9 189.173660 0.000000 1000.000000 0.930092 189.540573 -1.297019 0.000000 0.000000 0.000000 6.349878
900 10 195.418274 0.000000 1000.000000 0.133615 196.799316 -1.514668 0.000000 0.000000 0.000000 4.863805
1000 11 191.190460 0.000000 1000.000000 0.598763 190.635742 -0.044058 0.000000 0.000000 0.000000 7.027717
1100 12 179.505722 0.000000 1000.000000 1.342867 182.714767 -1.398164 -3.153753 0.000000 0.000000 4.900967
1200 13 185.505707 0.000000 1000.000000 1.569760 184.366730 -0.430792 0.000000 0.000000 0.000000 7.440063
1300 14 174.939590 0.000000 1000.000000 0.538553 175.642334 -1.282154 0.040848 0.000000 0.000000 5.405642
1400 15 184.530594 0.000000 1000.000000 2.211343 182.319244 0.000000 0.000000 0.000000 0.000000 6.169462
1500 16 182.799637 0.000000 1000.000000 1.535041 188.742035 -1.196868 -6.280569 0.000000 0.000000 8.159713
1600 17 177.331161 0.000000 1000.000000 1.277302 176.494003 -0.440138 0.000000 0.000000 0.000000 8.726425
1700 18 180.550323 0.000000 1000.000000 1.103721 179.836990 -0.390384 0.000000 0.000000 0.000000 8.749866
1800 19 185.195679 0.000000 1000.000000 0.580480 188.404022 -1.000398 -2.788418 0.000000 0.000000 6.645670
1900 20 189.583908 0.000000 1000.000000 0.618564 189.687363 -0.722008 0.000000 0.000000 0.000000 6.651832
2000 21 187.288986 0.000000 1000.000000 0.363735 187.428024 -0.502780 0.000000 0.000000 0.000000 6.508495
2100 22 175.153793 0.000000 1000.000000 0.850683 174.719559 -0.416441 0.000000 0.000000 0.000000 9.293346
2200 23 179.732727 0.000000 1000.000000 0.218383 181.418304 -0.541152 -1.362809 0.000000 0.000000 9.565430
2300 24 197.302582 0.000000 1000.000000 1.614536 195.688049 0.000000 0.000000 0.000000 0.000000 8.310001
2400 25 198.199402 0.000000 1000.000000 0.932797 197.632858 -0.366251 0.000000 0.000000 0.000000 8.170887
2500 26 192.185150 0.000000 1000.000000 0.867106 191.417862 -0.099822 0.000000 0.000000 0.000000 11.911592
2600 27 177.676544 0.000000 1000.000000 1.154091 176.620850 -0.098396 0.000000 0.000000 0.000000 10.035104
2700 28 197.293610 0.000000 1000.000000 1.334828 196.119263 -0.160480 0.000000 0.000000 0.000000 13.100811
2800 29 177.344559 0.000000 1000.000000 0.389448 177.678452 -0.723339 0.000000 0.000000 0.000000 10.960864
2900 30 202.087372 0.000000 1000.000000 0.476166 201.804871 -0.193667 0.000000 0.000000 0.000000 12.382215
3000 31 198.522308 0.000000 1000.000000 1.130000 197.636856 -0.244554 0.000000 0.000000 0.000000 12.572749
3100 32 207.836594 0.000000 1000.000000 0.530212 207.328445 -0.022071 0.000000 0.000000 0.000000 10.390642
3200 33 191.382217 0.000000 1000.000000 0.779072 190.622177 -0.019024 0.000000 0.000000 0.000000 10.654661
3300 34 198.149643 0.000000 1000.000000 2.891622 195.258026 0.000000 0.000000 0.000000 0.000000 9.464773
3400 35 185.806915 0.000000 1000.000000 1.356866 184.669922 -0.219885 0.000000 0.000000 0.000000 12.891993
3500 36 184.689056 0.000000 1000.000000 0.598602 184.363983 -0.273528 0.000000 0.000000 0.000000 11.219990
3600 37 190.021027 0.000000 1000.000000 0.558968 189.630264 -0.168210 0.000000 0.000000 0.000000 7.810674
3700 38 179.638077 0.000000 1000.000000 1.786671 180.255142 -0.319841 -2.083893 0.000000 0.000000 7.265098
3800 39 198.517120 0.000000 1000.000000 0.345406 198.773331 -0.601627 0.000000 0.000000 0.000000 8.360349
3900 40 188.055466 0.000000 1000.000000 0.286511 188.234055 -0.465096 0.000000 0.000000 0.000000 10.008628
4000 41 167.437225 0.000000 1000.000000 0.490851 166.946381 0.000000 0.000000 0.000000 0.000000 7.533916
4100 42 182.143753 0.000000 1000.000000 1.454376 180.862854 -0.173478 0.000000 0.000000 0.000000 9.857901
4200 43 190.691879 0.000000 1000.000000 0.733635 190.534164 -0.575931 0.000000 0.000000 0.000000 10.991039
4300 44 188.915039 0.000000 1000.000000 1.112573 188.474808 -0.672342 0.000000 0.000000 0.000000 10.437870
4400 45 183.863327 0.000000 1000.000000 0.529203 183.945175 -0.611056 0.000000 0.000000 0.000000 9.804061
4500 46 180.106873 0.000000 1000.000000 1.290940 176.458954 -0.856377 3.213367 0.000000 0.000000 8.086963
4600 47 181.883102 0.000000 1000.000000 0.631793 181.503082 -0.251774 0.000000 0.000000 0.000000 10.551260
4700 48 204.317841 0.000000 1000.000000 0.722592 203.595245 0.000000 0.000000 0.000000 0.000000 10.448717
4800 49 198.286469 0.000000 1000.000000 1.803411 196.483063 0.000000 0.000000 0.000000 0.000000 9.722753
4900 50 178.135910 0.000000 1000.000000 1.319677 176.816238 0.000000 0.000000 0.000000 0.000000 9.769949
5000 51 197.201797 0.000000 1000.000000 1.023880 196.509155 -0.331240 0.000000 0.000000 0.000000 9.992908
5100 52 181.240036 0.000000 1000.000000 0.154424 181.085617 0.000000 0.000000 0.000000 0.000000 10.695489
5200 53 171.739700 0.000000 1000.000000 0.649025 171.090668 0.000000 0.000000 0.000000 0.000000 7.544317
5300 54 181.011276 0.000000 1000.000000 1.215048 180.374985 -0.578747 0.000000 0.000000 0.000000 9.032991
5400 55 175.960007 0.000000 1000.000000 3.226761 173.325378 -0.592131 0.000000 0.000000 0.000000 7.591918
5500 56 159.589294 0.000000 1000.000000 2.259710 162.645767 -1.085059 -4.231125 0.000000 0.000000 13.622318
5600 57 173.178619 0.000000 1000.000000 0.485456 173.439590 -0.746425 0.000000 0.000000 0.000000 8.766352
5700 58 186.798538 0.000000 1000.000000 0.153228 191.100388 -0.835733 -3.619333 0.000000 0.000000 10.473335
5800 59 183.299149 0.000000 1000.000000 0.421373 183.447968 -0.570198 0.000000 0.000000 0.000000 9.910269
5900 60 177.434692 0.000000 1000.000000 1.193202 176.906250 -0.664757 0.000000 0.000000 0.000000 11.310583
6000 61 181.703064 0.000000 1000.000000 0.429843 181.877975 -0.604754 0.000000 0.000000 0.000000 12.017696
6100 62 175.093857 0.000000 1000.000000 1.611815 173.763229 -0.281195 0.000000 0.000000 0.000000 10.723468
6200 63 158.108398 0.000000 1000.000000 0.425586 158.011337 -0.328520 0.000000 0.000000 0.000000 11.590921
6300 64 179.933868 0.000000 1000.000000 0.772609 179.161255 0.000000 0.000000 0.000000 0.000000 9.033301
6400 65 173.199600 0.000000 1000.000000 0.730858 172.790970 -0.322238 0.000000 0.000000 0.000000 8.934612
6500 66 158.799683 0.000000 1000.000000 0.568561 158.372849 -0.141728 0.000000 0.000000 0.000000 9.016499
6600 67 177.192810 0.000000 1000.000000 0.388093 176.804718 0.000000 0.000000 0.000000 0.000000 8.516018
6700 68 175.433548 0.000000 1000.000000 0.547337 175.244415 -0.358202 0.000000 0.000000 0.000000 7.086898
6800 69 180.013275 0.000000 1000.000000 2.236231 178.223450 -0.446413 0.000000 0.000000 0.000000 5.330498
6900 70 181.344849 0.000000 1000.000000 0.840247 186.870361 -1.232138 -5.133622 0.000000 0.000000 7.966949
7000 71 187.512207 0.000000 1000.000000 0.196595 187.752121 -0.436509 0.000000 0.000000 0.000000 9.961624
7100 72 182.512955 0.000000 1000.000000 1.244215 187.183075 -0.936265 -4.978072 0.000000 0.000000 7.281267
7200 73 178.144379 0.000000 1000.000000 0.651046 177.493332 0.000000 0.000000 0.000000 0.000000 7.182192
7300 74 171.364029 0.000000 1000.000000 0.395300 170.968735 0.000000 0.000000 0.000000 0.000000 10.548615
7400 75 194.046677 0.000000 1000.000000 0.454659 193.592010 0.000000 0.000000 0.000000 0.000000 8.587961
7500 76 179.016785 0.000000 1000.000000 0.493042 178.942291 -0.418553 0.000000 0.000000 0.000000 7.036622
7600 77 181.808746 0.000000 1000.000000 0.806639 181.002106 0.000000 0.000000 0.000000 0.000000 8.585305
7700 78 174.086792 0.000000 1000.000000 0.643512 173.443283 0.000000 0.000000 0.000000 0.000000 10.345542
7800 79 179.752487 0.000000 1000.000000 0.166756 180.279984 -0.694256 0.000000 0.000000 0.000000 7.396317
7900 80 165.896042 0.000000 1000.000000 0.832802 165.063248 0.000000 0.000000 0.000000 0.000000 7.983543
8000 81 173.957962 0.000000 1000.000000 2.468105 171.823776 -0.333930 0.000000 0.000000 0.000000 9.037450
8100 82 165.249832 0.000000 1000.000000 0.255202 164.994629 0.000000 0.000000 0.000000 0.000000 9.738721
8200 83 192.783066 0.000000 1000.000000 0.402191 192.964600 -0.583725 0.000000 0.000000 0.000000 8.673010
8300 84 179.342865 0.000000 1000.000000 0.348875 179.790268 -0.796285 0.000000 0.000000 0.000000 11.605499
8400 85 162.398224 0.000000 1000.000000 1.619280 161.369843 -0.590894 0.000000 0.000000 0.000000 8.495256
8500 86 177.608475 0.000000 1000.000000 0.807112 177.470261 -0.668896 0.000000 0.000000 0.000000 7.783666
8600 87 168.719711 0.000000 1000.000000 0.965490 168.445068 -0.690846 0.000000 0.000000 0.000000 9.783647
8700 88 184.443970 0.000000 1000.000000 0.827515 183.616455 0.000000 0.000000 0.000000 0.000000 9.094057
8800 89 185.164841 0.000000 1000.000000 1.278102 184.047348 -0.160617 0.000000 0.000000 0.000000 8.231449
8900 90 167.052994 0.000000 1000.000000 2.268960 165.052338 -0.268304 0.000000 0.000000 0.000000 8.645086
9000 91 183.078293 0.000000 1000.000000 1.789481 181.577408 -0.288592 0.000000 0.000000 0.000000 7.748715
9100 92 186.301208 0.000000 1000.000000 1.043881 185.257324 0.000000 0.000000 0.000000 0.000000 8.248835
9200 93 180.167114 0.000000 1000.000000 1.114448 179.194489 -0.141819 0.000000 0.000000 0.000000 8.409134
9300 94 175.061157 0.000000 1000.000000 0.320348 174.740814 0.000000 0.000000 0.000000 0.000000 8.729707
9400 95 182.999390 0.000000 1000.000000 0.732262 182.267120 0.000000 0.000000 0.000000 0.000000 8.776122
9500 96 181.590408 0.000000 1000.000000 0.852523 180.737885 0.000000 0.000000 0.000000 0.000000 9.334826
9600 97 185.893768 0.000000 1000.000000 2.785434 183.534485 -0.426151 0.000000 0.000000 0.000000 10.763163
9700 98 172.590073 0.000000 1000.000000 1.567340 171.453140 -0.430402 0.000000 0.000000 0.000000 8.929945
9800 99 182.847382 0.000000 1000.000000 0.985336 181.862045 0.000000 0.000000 0.000000 0.000000 11.537149
9900 100 168.926666 0.000000 1000.000000 2.345453 168.683182 -0.923158 -1.178818 0.000000 0.000000 9.500945
10000 101 175.591263 0.000000 1000.000000 0.453304 175.137955 0.000000 0.000000 0.000000 0.000000 9.211020
10100 102 160.472473 0.000000 1000.000000 0.570809 160.419250 -0.517587 0.000000 0.000000 0.000000 8.354477
10200 103 189.416611 0.000000 1000.000000 0.285972 189.130646 0.000000 0.000000 0.000000 0.000000 11.295314
10300 104 186.858566 0.000000 1000.000000 0.347722 186.534302 -0.023445 0.000000 0.000000 0.000000 6.893985
10400 105 159.538483 0.000000 1000.000000 0.219450 159.319031 0.000000 0.000000 0.000000 0.000000 9.059875
10500 106 160.466415 0.000000 1000.000000 0.267656 160.198761 0.000000 0.000000 0.000000 0.000000 9.026008
10600 107 174.541519 0.000000 1000.000000 0.483928 174.334747 -0.277155 0.000000 0.000000 0.000000 9.273115
10700 108 184.117554 0.000000 1000.000000 0.346110 185.756439 -0.805545 -1.179453 0.000000 0.000000 6.885962
10800 109 191.418030 0.000000 1000.000000 0.996779 190.984039 -0.562792 0.000000 0.000000 0.000000 7.834661
10900 110 175.579590 0.000000 1000.000000 0.642010 174.937576 0.000000 0.000000 0.000000 0.000000 9.514711
11000 111 198.951935 0.000000 1000.000000 0.349456 198.602478 0.000000 0.000000 0.000000 0.000000 8.101562
11100 112 175.071030 0.000000 1000.000000 0.307990 177.343567 -0.708820 -1.871699 0.000000 0.000000 11.855854
11200 113 165.499664 0.000000 1000.000000 0.209438 165.290222 0.000000 0.000000 0.000000 0.000000 12.370982
11300 114 187.023056 0.000000 1000.000000 1.196050 185.827011 0.000000 0.000000 0.000000 0.000000 9.394655
11400 115 188.995682 0.000000 1000.000000 0.550626 188.445053 0.000000 0.000000 0.000000 0.000000 9.545993
11500 116 175.214645 0.000000 1000.000000 0.440170 174.774475 0.000000 0.000000 0.000000 0.000000 8.907082
11600 117 185.996201 0.000000 1000.000000 0.611827 185.614777 -0.230414 0.000000 0.000000 0.000000 8.320105
11700 118 175.535324 0.000000 1000.000000 0.360836 180.255142 -1.286566 -3.794098 0.000000 0.000000 5.692604
11800 119 190.868210 0.000000 1000.000000 0.338337 190.529877 0.000000 0.000000 0.000000 0.000000 6.303615
11900 120 187.626068 0.000000 1000.000000 1.074495 186.953766 -0.402191 0.000000 0.000000 0.000000 5.955426
12000 121 173.904602 0.000000 1000.000000 0.424595 174.176666 -0.696659 0.000000 0.000000 0.000000 8.164186
12100 122 195.521164 0.000000 1000.000000 0.732110 195.326630 -0.537585 0.000000 0.000000 0.000000 7.721442
12200 123 166.216034 0.000000 1000.000000 0.248681 166.385178 -0.417838 0.000000 0.000000 0.000000 9.333456
12300 124 174.094482 0.000000 1000.000000 0.793650 174.220261 -0.919440 0.000000 0.000000 0.000000 8.580720
12400 125 171.727478 0.000000 1000.000000 0.266284 178.559021 -1.152485 -5.945335 0.000000 0.000000 6.872908
12500 126 197.743835 0.000000 1000.000000 0.556805 197.819702 -0.632675 0.000000 0.000000 0.000000 6.005857
12600 127 167.326187 0.000000 1000.000000 0.640537 167.242233 -0.556576 0.000000 0.000000 0.000000 7.897270
12700 128 184.817886 0.000000 1000.000000 0.188395 184.629486 0.000000 0.000000 0.000000 0.000000 7.617216
12800 129 199.549118 0.000000 1000.000000 1.260164 198.617874 -0.328913 0.000000 0.000000 0.000000 5.952493
12900 130 176.616959 0.000000 1000.000000 2.303809 175.233170 -0.920011 0.000000 0.000000 0.000000 7.486834
13000 131 177.408249 0.000000 1000.000000 0.202383 177.657455 -0.451577 0.000000 0.000000 0.000000 8.485837
13100 132 170.612213 0.000000 1000.000000 0.326728 170.285492 0.000000 0.000000 0.000000 0.000000 7.197285
13200 133 173.166168 0.000000 1000.000000 0.746069 173.032700 -0.612600 0.000000 0.000000 0.000000 8.223185
13300 134 167.771057 0.000000 1000.000000 0.706062 167.507797 -0.442788 0.000000 0.000000 0.000000 7.589826
13400 135 172.549469 0.000000 1000.000000 0.260529 172.658936 -0.370001 0.000000 0.000000 0.000000 6.318097
13500 136 179.155304 0.000000 1000.000000 0.448693 179.025009 -0.318406 0.000000 0.000000 0.000000 8.206308
13600 137 171.914734 0.000000 1000.000000 0.365142 171.549591 0.000000 0.000000 0.000000 0.000000 9.667370
13700 138 190.902328 0.000000 1000.000000 2.478139 188.589706 -0.165515 0.000000 0.000000 0.000000 6.006974
13800 139 184.357788 0.000000 1000.000000 1.766550 182.591232 0.000000 0.000000 0.000000 0.000000 6.546039
13900 140 172.989899 0.000000 1000.000000 0.404973 172.889267 -0.304331 0.000000 0.000000 0.000000 7.597070
14000 141 190.289001 0.000000 1000.000000 0.870131 190.159088 -0.740224 0.000000 0.000000 0.000000 7.217144
14100 142 183.325226 0.000000 1000.000000 0.386017 183.151413 -0.212202 0.000000 0.000000 0.000000 7.105976
14200 143 179.692596 0.000000 1000.000000 1.929078 177.763519 0.000000 0.000000 0.000000 0.000000 6.869476
14300 144 190.269669 0.000000 1000.000000 0.335996 190.087158 -0.153487 0.000000 0.000000 0.000000 6.073939
14400 145 188.358871 0.000000 1000.000000 0.943053 167.882660 -1.552351 21.085510 0.000000 0.000000 6.294335
14500 146 162.640976 0.000000 1000.000000 0.511553 163.012115 -0.882692 0.000000 0.000000 0.000000 8.256537
14600 147 161.539658 0.000000 1000.000000 0.211169 169.199738 -1.158947 -6.712296 0.000000 0.000000 8.868152
14700 148 174.589157 0.000000 1000.000000 1.415466 174.033554 -0.859863 0.000000 0.000000 0.000000 9.634367
14800 149 170.602814 0.000000 1000.000000 1.327378 170.281769 -1.006329 0.000000 0.000000 0.000000 6.749769
14900 150 161.067657 0.000000 1000.000000 0.694910 161.276108 -0.903370 0.000000 0.000000 0.000000 7.743690
15000 151 164.499390 0.000000 1000.000000 0.560659 165.559875 -1.621142 0.000000 0.000000 0.000000 7.814615
15100 152 157.459366 0.000000 1000.000000 0.497044 156.962326 0.000000 0.000000 0.000000 0.000000 6.966019
15200 153 191.550385 0.000000 1000.000000 1.827595 189.722794 0.000000 0.000000 0.000000 0.000000 5.962121
15300 154 163.131622 0.000000 1000.000000 0.371069 162.760559 0.000000 0.000000 0.000000 0.000000 10.683542
15400 155 175.535248 0.000000 1000.000000 0.553267 175.024780 -0.042800 0.000000 0.000000 0.000000 8.984027
15500 156 179.466324 0.000000 1000.000000 0.305044 179.161285 0.000000 0.000000 0.000000 0.000000 8.909342
15600 157 167.468506 0.000000 1000.000000 0.928534 166.991241 -0.451256 0.000000 0.000000 0.000000 9.721067
15700 158 176.557800 0.000000 1000.000000 1.186169 175.371628 0.000000 0.000000 0.000000 0.000000 8.191012
15800 159 169.935760 0.000000 1000.000000 0.261799 170.237518 -0.563551 0.000000 0.000000 0.000000 7.518278
15900 160 175.806168 0.000000 1000.000000 1.002933 175.485489 -0.682255 0.000000 0.000000 0.000000 8.953482
16000 161 175.862961 0.000000 1000.000000 1.175322 175.245789 -0.558157 0.000000 0.000000 0.000000 7.839997
16100 162 180.271851 0.000000 1000.000000 0.268151 180.054977 -0.051292 0.000000 0.000000 0.000000 8.712232
16200 163 166.823349 0.000000 1000.000000 2.791195 164.032150 0.000000 0.000000 0.000000 0.000000 9.209284
16300 164 182.278397 0.000000 1000.000000 0.387584 182.201614 -0.310807 0.000000 0.000000 0.000000 9.186171
16400 165 173.947815 0.000000 1000.000000 1.169976 172.777832 0.000000 0.000000 0.000000 0.000000 9.829973
16500 166 194.704544 0.000000 1000.000000 0.480275 194.507156 -0.282880 0.000000 0.000000 0.000000 9.891621
16600 167 170.344589 0.000000 1000.000000 0.358273 169.986313 0.000000 0.000000 0.000000 0.000000 9.823173
16700 168 194.835571 0.000000 1000.000000 0.900841 194.766724 -0.832002 0.000000 0.000000 0.000000 6.019572
16800 169 172.266678 0.000000 1000.000000 0.618704 171.791672 -0.143694 0.000000 0.000000 0.000000 6.471942
16900 170 169.309891 0.000000 1000.000000 1.237341 168.072556 0.000000 0.000000 0.000000 0.000000 9.611149
17000 171 172.780151 0.000000 1000.000000 0.674633 173.080215 -0.974700 0.000000 0.000000 0.000000 5.593472
17100 172 169.345627 0.000000 1000.000000 0.834018 169.558380 -1.046766 0.000000 0.000000 0.000000 6.857420
17200 173 172.359543 0.000000 1000.000000 0.672385 172.149765 -0.462607 0.000000 0.000000 0.000000 6.258331
17300 174 172.189285 0.000000 1000.000000 0.620770 171.568512 0.000000 0.000000 0.000000 0.000000 8.542660
17400 175 166.159134 0.000000 1000.000000 0.777008 165.382126 0.000000 0.000000 0.000000 0.000000 6.226741
17500 176 174.980667 0.000000 1000.000000 0.600206 175.055344 -0.674879 0.000000 0.000000 0.000000 6.861970
17600 177 166.744797 0.000000 1000.000000 1.669614 165.075180 0.000000 0.000000 0.000000 0.000000 9.826771
17700 178 156.480927 0.000000 1000.000000 1.437415 155.356857 -0.313346 0.000000 0.000000 0.000000 7.966656
17800 179 160.950577 0.000000 1000.000000 0.540410 160.410172 0.000000 0.000000 0.000000 0.000000 6.413072
17900 180 167.098526 0.000000 1000.000000 0.586967 166.551117 -0.039548 0.000000 0.000000 0.000000 6.560388
18000 181 158.978394 0.000000 1000.000000 2.694483 156.283905 0.000000 0.000000 0.000000 0.000000 7.686850
18100 182 167.976379 0.000000 1000.000000 1.888478 166.087906 0.000000 0.000000 0.000000 0.000000 8.360505
18200 183 161.043716 0.000000 1000.000000 1.443842 159.599869 0.000000 0.000000 0.000000 0.000000 7.793990
18300 184 158.960739 0.000000 1000.000000 2.273955 156.731094 -0.044309 0.000000 0.000000 0.000000 6.022015
18400 185 155.273193 0.000000 1000.000000 0.932696 154.340500 0.000000 0.000000 0.000000 0.000000 7.777240
18500 186 164.697876 0.000000 1000.000000 0.971396 163.726486 0.000000 0.000000 0.000000 0.000000 6.607072
18600 187 178.892334 0.000000 1000.000000 1.004444 177.887894 0.000000 0.000000 0.000000 0.000000 8.327456
18700 188 167.403595 0.000000 1000.000000 1.031623 166.371979 0.000000 0.000000 0.000000 0.000000 8.264711
18800 189 161.357559 0.000000 1000.000000 0.580345 161.155670 -0.378452 0.000000 0.000000 0.000000 8.005148
18900 190 164.013535 0.000000 1000.000000 0.730704 163.282837 0.000000 0.000000 0.000000 0.000000 10.159597
19000 191 161.488831 0.000000 1000.000000 2.784123 158.957382 -0.252669 0.000000 0.000000 0.000000 7.706870
19100 192 169.534180 0.000000 1000.000000 0.426681 169.107498 0.000000 0.000000 0.000000 0.000000 11.295181
19200 193 162.081329 0.000000 1000.000000 0.192738 162.113586 -0.224991 0.000000 0.000000 0.000000 9.929279
19300 194 168.450409 0.000000 1000.000000 0.657461 167.792953 0.000000 0.000000 0.000000 0.000000 8.123336
19400 195 148.570724 0.000000 1000.000000 0.575133 147.995590 0.000000 0.000000 0.000000 0.000000 10.166862
19500 196 157.104782 0.000000 1000.000000 0.975624 156.129166 0.000000 0.000000 0.000000 0.000000 10.971961
19600 197 178.916504 0.000000 1000.000000 2.204515 176.711990 0.000000 0.000000 0.000000 0.000000 11.394499
19700 198 163.283279 0.000000 1000.000000 0.662873 162.620407 0.000000 0.000000 0.000000 0.000000 8.908237
19800 199 170.287430 0.000000 1000.000000 1.408716 168.878708 0.000000 0.000000 0.000000 0.000000 11.503315
19900 200 159.382462 0.000000 1000.000000 0.241336 159.141129 0.000000 0.000000 0.000000 0.000000 10.829081
20000 201 161.873138 0.000000 1000.000000 1.089393 160.783752 0.000000 0.000000 0.000000 0.000000 11.295765
20100 202 138.201141 0.000000 1000.000000 0.568720 137.798676 -0.166255 0.000000 0.000000 0.000000 9.579191
20200 203 154.199753 0.000000 1000.000000 0.440456 153.759293 0.000000 0.000000 0.000000 0.000000 9.123693
20300 204 140.932648 0.000000 1000.000000 1.951551 138.981094 0.000000 0.000000 0.000000 0.000000 9.272998
20400 205 154.869370 0.000000 1000.000000 1.452525 153.416840 0.000000 0.000000 0.000000 0.000000 10.804579
20500 206 156.822540 0.000000 1000.000000 2.020259 154.957474 -0.155205 0.000000 0.000000 0.000000 12.029545
20600 207 162.132156 0.000000 1000.000000 2.633951 159.573471 -0.075274 0.000000 0.000000 0.000000 10.146895
20700 208 150.709045 0.000000 1000.000000 0.334831 150.374222 0.000000 0.000000 0.000000 0.000000 11.812885
20800 209 157.357162 0.000000 1000.000000 1.665089 155.692078 0.000000 0.000000 0.000000 0.000000 11.778158
20900 210 150.512589 0.000000 1000.000000 0.825012 149.687576 0.000000 0.000000 0.000000 0.000000 11.561563
21000 211 156.257233 0.000000 1000.000000 2.216376 154.040863 0.000000 0.000000 0.000000 0.000000 7.651844
21100 212 160.267883 0.000000 1000.000000 0.655522 159.612366 0.000000 0.000000 0.000000 0.000000 9.929441
21200 213 169.694473 0.000000 1000.000000 1.236424 168.458054 0.000000 0.000000 0.000000 0.000000 8.804570
21300 214 149.470810 0.000000 1000.000000 0.963693 154.089279 -0.517818 -5.064343 0.000000 0.000000 9.293535
21400 215 146.684540 0.000000 1000.000000 1.407668 145.276871 0.000000 0.000000 0.000000 0.000000 9.008614
21500 216 154.622086 0.000000 1000.000000 0.973312 153.914062 -0.265284 0.000000 0.000000 0.000000 9.649845
21600 217 149.142822 0.000000 1000.000000 0.438447 148.704376 0.000000 0.000000 0.000000 0.000000 7.326667
21700 218 161.664505 0.000000 1000.000000 0.704407 160.960098 0.000000 0.000000 0.000000 0.000000 9.318306
21800 219 158.888596 0.000000 1000.000000 0.242707 158.723480 -0.077590 0.000000 0.000000 0.000000 8.161142
21900 220 155.046799 0.000000 1000.000000 1.145579 153.901215 0.000000 0.000000 0.000000 0.000000 9.771992
22000 221 167.377335 0.000000 1000.000000 0.694654 166.682678 0.000000 0.000000 0.000000 0.000000 7.257474
22100 222 156.637878 0.000000 1000.000000 0.498768 162.457031 -0.672522 -5.645403 0.000000 0.000000 7.929051
22200 223 153.599030 0.000000 1000.000000 0.911867 152.687164 0.000000 0.000000 0.000000 0.000000 5.919466
22300 224 154.097946 0.000000 1000.000000 0.274046 154.384048 -0.560151 0.000000 0.000000 0.000000 7.051155
22400 225 150.073914 0.000000 1000.000000 1.144861 148.929047 0.000000 0.000000 0.000000 0.000000 8.596145
22500 226 154.419388 0.000000 1000.000000 0.763203 153.704895 -0.048708 0.000000 0.000000 0.000000 6.712693
22600 227 175.035065 0.000000 1000.000000 0.318358 175.576141 -0.859432 0.000000 0.000000 0.000000 6.877631
22700 228 158.240295 0.000000 1000.000000 0.435747 157.804550 0.000000 0.000000 0.000000 0.000000 7.881900
22800 229 144.076019 0.000000 1000.000000 0.720174 143.666077 -0.310221 0.000000 0.000000 0.000000 6.051965
22900 230 154.755798 0.000000 1000.000000 0.324632 154.431168 0.000000 0.000000 0.000000 0.000000 6.810504
23000 231 168.725586 0.000000 1000.000000 1.628039 167.097549 0.000000 0.000000 0.000000 0.000000 6.616927
23100 232 159.673080 0.000000 1000.000000 0.728508 158.944580 0.000000 0.000000 0.000000 0.000000 7.049513
23200 233 176.209351 0.000000 1000.000000 2.690576 173.518768 0.000000 0.000000 0.000000 0.000000 7.239920
23300 234 147.961029 0.000000 1000.000000 0.410043 147.550980 0.000000 0.000000 0.000000 0.000000 6.963861
23400 235 162.909592 0.000000 1000.000000 0.816142 162.093445 0.000000 0.000000 0.000000 0.000000 6.844624
23500 236 144.252487 0.000000 1000.000000 0.230243 144.198196 -0.175951 0.000000 0.000000 0.000000 8.972421
23600 237 145.443344 0.000000 1000.000000 0.629878 144.813461 0.000000 0.000000 0.000000 0.000000 12.183735
23700 238 171.448486 0.000000 1000.000000 0.544618 170.903870 0.000000 0.000000 0.000000 0.000000 8.886312
23800 239 163.183701 0.000000 1000.000000 0.327146 162.856552 0.000000 0.000000 0.000000 0.000000 6.604016
23900 240 163.288773 0.000000 1000.000000 0.277990 163.010788 0.000000 0.000000 0.000000 0.000000 8.769934
24000 241 139.254684 0.000000 1000.000000 0.874229 138.380463 0.000000 0.000000 0.000000 0.000000 8.729065
24100 242 163.751160 0.000000 1000.000000 0.593270 163.157883 0.000000 0.000000 0.000000 0.000000 8.246508
24200 243 150.767181 0.000000 1000.000000 0.578722 150.188461 0.000000 0.000000 0.000000 0.000000 8.807079
24300 244 144.921158 0.000000 1000.000000 0.443589 145.745010 -1.267443 0.000000 0.000000 0.000000 8.869947
24400 245 153.596405 0.000000 1000.000000 0.538086 153.058319 0.000000 0.000000 0.000000 0.000000 10.848300
24500 246 194.460892 0.000000 1000.000000 0.959594 174.046341 -1.348734 20.803692 0.000000 0.000000 9.843714
24600 247 132.649719 0.000000 1000.000000 0.605026 132.332428 -0.287736 0.000000 0.000000 0.000000 11.339457
24700 248 151.427902 0.000000 1000.000000 0.719321 151.455780 -0.747199 0.000000 0.000000 0.000000 7.678289
24800 249 144.931046 0.000000 1000.000000 0.508117 145.456284 -1.033354 0.000000 0.000000 0.000000 6.781045
24900 250 153.263397 0.000000 1000.000000 0.493472 153.974319 -1.204393 0.000000 0.000000 0.000000 7.134900
25000 251 147.434387 0.000000 1000.000000 0.373914 147.060471 0.000000 0.000000 0.000000 0.000000 6.720490
25100 252 141.786026 0.000000 1000.000000 0.899407 140.886612 0.000000 0.000000 0.000000 0.000000 6.574726
25200 253 132.726318 0.000000 1000.000000 0.310765 132.415558 0.000000 0.000000 0.000000 0.000000 7.759966
25300 254 154.690109 0.000000 1000.000000 0.475176 154.214935 0.000000 0.000000 0.000000 0.000000 8.356625
25400 255 164.312851 0.000000 1000.000000 0.816745 163.496109 0.000000 0.000000 0.000000 0.000000 5.836442
25500 256 155.095795 0.000000 1000.000000 0.478343 155.384933 -0.767494 0.000000 0.000000 0.000000 6.809851
25600 257 158.702713 0.000000 1000.000000 1.147781 157.554932 0.000000 0.000000 0.000000 0.000000 8.555914
25700 258 155.563385 0.000000 1000.000000 1.100659 154.558426 -0.095706 0.000000 0.000000 0.000000 7.232389
25800 259 165.933197 0.000000 1000.000000 0.845472 165.253571 -0.165850 0.000000 0.000000 0.000000 6.453787
25900 260 159.272629 0.000000 1000.000000 0.394354 158.878281 0.000000 0.000000 0.000000 0.000000 6.222988
26000 261 146.565445 0.000000 1000.000000 0.664212 145.901230 0.000000 0.000000 0.000000 0.000000 7.122603
26100 262 151.105331 0.000000 1000.000000 0.418993 150.686340 0.000000 0.000000 0.000000 0.000000 7.720936
26200 263 154.585754 0.000000 1000.000000 0.436650 154.966049 -0.816936 0.000000 0.000000 0.000000 9.013477
26300 264 142.238358 0.000000 1000.000000 0.503567 141.734787 0.000000 0.000000 0.000000 0.000000 7.131886
26400 265 143.183945 0.000000 1000.000000 0.456061 143.131439 -0.403545 0.000000 0.000000 0.000000 7.264846
26500 266 149.697647 0.000000 1000.000000 0.332598 149.617722 -0.252663 0.000000 0.000000 0.000000 7.946197
26600 267 144.821564 0.000000 1000.000000 1.329563 143.597382 -0.105375 0.000000 0.000000 0.000000 8.869518
26700 268 145.108612 0.000000 1000.000000 0.429169 144.679443 0.000000 0.000000 0.000000 0.000000 8.243435
26800 269 148.122238 0.000000 1000.000000 0.818747 147.303497 0.000000 0.000000 0.000000 0.000000 9.091863
26900 270 147.011002 0.000000 1000.000000 0.320425 146.690582 0.000000 0.000000 0.000000 0.000000 7.394460
27000 271 151.891693 0.000000 1000.000000 0.851600 151.328064 -0.287967 0.000000 0.000000 0.000000 5.742902
27100 272 147.998917 0.000000 1000.000000 0.242501 147.756409 0.000000 0.000000 0.000000 0.000000 10.377239
27200 273 143.986191 0.000000 1000.000000 0.624263 144.283951 -0.922034 0.000000 0.000000 0.000000 8.093797
27300 274 146.140656 0.000000 1000.000000 0.329932 145.810730 0.000000 0.000000 0.000000 0.000000 11.702694
27400 275 147.048355 0.000000 1000.000000 0.411305 147.300186 -0.663125 0.000000 0.000000 0.000000 6.704152
27500 276 150.744446 0.000000 1000.000000 0.391404 150.725388 -0.372340 0.000000 0.000000 0.000000 9.120967
27600 277 161.208511 0.000000 1000.000000 0.402137 160.806381 0.000000 0.000000 0.000000 0.000000 9.236734
27700 278 154.849197 0.000000 1000.000000 0.415932 154.433258 0.000000 0.000000 0.000000 0.000000 7.824942
27800 279 247.857513 0.000000 1000.000000 1.772583 153.641663 -2.644722 95.087975 0.000000 0.000000 8.194180
27900 280 161.838165 0.000000 1000.000000 0.345315 162.214371 -0.721528 0.000000 0.000000 0.000000 7.664749
28000 281 160.036667 0.000000 1000.000000 0.396158 161.045731 -1.405223 0.000000 0.000000 0.000000 8.425062
28100 282 143.733032 0.000000 1000.000000 0.224515 144.053696 -0.545185 0.000000 0.000000 0.000000 9.087252
28200 283 144.867523 0.000000 1000.000000 0.239215 144.628311 0.000000 0.000000 0.000000 0.000000 7.426645
28300 284 173.114548 0.000000 1000.000000 1.491776 171.622772 0.000000 0.000000 0.000000 0.000000 9.347240
28400 285 164.239441 0.000000 1000.000000 0.732420 164.711731 -1.204706 0.000000 0.000000 0.000000 7.371215
28500 286 158.317932 0.000000 1000.000000 0.444428 157.873505 0.000000 0.000000 0.000000 0.000000 9.048458
28600 287 147.949707 0.000000 1000.000000 1.297188 147.642914 -0.990395 0.000000 0.000000 0.000000 6.390749
28700 288 150.289078 0.000000 1000.000000 0.629185 149.659897 0.000000 0.000000 0.000000 0.000000 8.044991
28800 289 135.077911 0.000000 1000.000000 1.055939 147.394135 -2.747635 -10.624535 0.000000 0.000000 5.875936
28900 290 155.176788 0.000000 1000.000000 0.464775 155.542374 -0.830351 0.000000 0.000000 0.000000 6.938516
29000 291 153.168930 0.000000 1000.000000 0.509193 152.659744 0.000000 0.000000 0.000000 0.000000 8.169563
29100 292 146.341339 0.000000 1000.000000 0.285290 146.658936 -0.602884 0.000000 0.000000 0.000000 7.614460
29200 293 154.659012 0.000000 1000.000000 0.126019 158.466553 -1.150516 -2.783055 0.000000 0.000000 6.138250
29300 294 141.778198 0.000000 1000.000000 0.635176 141.865158 -0.722142 0.000000 0.000000 0.000000 7.038855
29400 295 163.199554 0.000000 1000.000000 0.805020 162.866959 -0.472430 0.000000 0.000000 0.000000 5.051280
29500 296 140.922394 0.000000 1000.000000 0.673731 140.248657 0.000000 0.000000 0.000000 0.000000 6.377483
29600 297 158.121933 0.000000 1000.000000 0.189813 157.932114 0.000000 0.000000 0.000000 0.000000 6.282748
29700 298 148.293518 0.000000 1000.000000 1.509613 146.783905 0.000000 0.000000 0.000000 0.000000 7.050055
29800 299 137.909271 0.000000 1000.000000 0.866730 137.267181 -0.224642 0.000000 0.000000 0.000000 6.507640
29900 300 149.463989 0.000000 1000.000000 0.641311 150.469421 -1.646749 0.000000 0.000000 0.000000 8.388495
30000 301 150.763565 0.000000 1000.000000 0.508288 150.586273 -0.331000 0.000000 0.000000 0.000000 7.438968
30100 302 134.874252 0.000000 1000.000000 0.239728 134.877335 -0.242813 0.000000 0.000000 0.000000 7.558639
30200 303 148.005280 0.000000 1000.000000 0.760664 148.164093 -0.919472 0.000000 0.000000 0.000000 7.082500
30300 304 146.362579 0.000000 1000.000000 0.487257 146.815430 -0.940109 0.000000 0.000000 0.000000 7.738204
30400 305 162.303635 0.000000 1000.000000 0.325547 163.331070 -1.352980 0.000000 0.000000 0.000000 7.894536
30500 306 174.610626 0.000000 1000.000000 1.990807 172.619812 0.000000 0.000000 0.000000 0.000000 8.031942
30600 307 137.989487 0.000000 1000.000000 0.605555 138.322998 -0.939079 0.000000 0.000000 0.000000 7.752751
30700 308 146.562927 0.000000 1000.000000 0.438648 146.488235 -0.363958 0.000000 0.000000 0.000000 7.388637
30800 309 155.005722 0.000000 1000.000000 1.047680 154.802826 -0.844781 0.000000 0.000000 0.000000 7.320167
30900 310 153.470901 0.000000 1000.000000 0.303687 153.167221 0.000000 0.000000 0.000000 0.000000 10.656276
31000 311 151.939819 0.000000 1000.000000 0.878680 151.369476 -0.308340 0.000000 0.000000 0.000000 8.792045
31100 312 138.075897 0.000000 1000.000000 0.421425 137.654480 0.000000 0.000000 0.000000 0.000000 10.405788
31200 313 142.345612 0.000000 1000.000000 1.209931 141.135681 0.000000 0.000000 0.000000 0.000000 11.446789
31300 314 140.853851 0.000000 1000.000000 0.730137 140.123718 0.000000 0.000000 0.000000 0.000000 11.382774
31400 315 137.676743 0.000000 1000.000000 1.209228 137.531311 -1.063793 0.000000 0.000000 0.000000 12.290232
31500 316 147.249146 0.000000 1000.000000 0.236022 150.918701 -1.081636 -2.823948 0.000000 0.000000 10.618363
31600 317 156.746353 0.000000 1000.000000 0.518630 156.227722 0.000000 0.000000 0.000000 0.000000 10.297157
31700 318 135.417206 0.000000 1000.000000 2.911663 132.505539 0.000000 0.000000 0.000000 0.000000 11.224033
31800 319 147.235474 0.000000 1000.000000 1.093369 147.714783 -1.572683 0.000000 0.000000 0.000000 9.648371
31900 320 144.147034 0.000000 1000.000000 0.742544 144.395523 -0.991035 0.000000 0.000000 0.000000 9.909398
32000 321 138.172119 0.000000 1000.000000 0.822263 137.349854 0.000000 0.000000 0.000000 0.000000 13.981085
32100 322 143.966202 0.000000 1000.000000 1.766528 142.760773 -0.561090 0.000000 0.000000 0.000000 10.963204
32200 323 164.088181 0.000000 1000.000000 1.011856 163.331863 -0.255532 0.000000 0.000000 0.000000 7.766249
32300 324 145.641815 0.000000 1000.000000 0.235438 145.406372 0.000000 0.000000 0.000000 0.000000 8.565720
32400 325 149.252487 0.000000 1000.000000 0.918630 149.665466 -1.331598 0.000000 0.000000 0.000000 8.830319
32500 326 136.632370 0.000000 1000.000000 0.987232 137.179688 -1.534544 0.000000 0.000000 0.000000 8.495775
32600 327 137.992065 0.000000 1000.000000 0.795073 138.040405 -0.843409 0.000000 0.000000 0.000000 9.391622
32700 328 141.648178 0.000000 1000.000000 0.466487 142.137848 -0.956167 0.000000 0.000000 0.000000 8.263190
32800 329 129.229706 0.000000 1000.000000 0.346572 128.883133 0.000000 0.000000 0.000000 0.000000 8.239383
32900 330 139.184494 0.000000 1000.000000 0.576110 138.608383 0.000000 0.000000 0.000000 0.000000 6.665988
33000 331 141.488312 0.000000 1000.000000 0.603301 140.885010 0.000000 0.000000 0.000000 0.000000 6.989106
33100 332 143.981094 0.000000 1000.000000 0.594935 144.027267 -0.641109 0.000000 0.000000 0.000000 8.867750
33200 333 142.136856 0.000000 1000.000000 0.824527 141.312332 0.000000 0.000000 0.000000 0.000000 9.944284
33300 334 143.631393 0.000000 1000.000000 1.132204 143.397171 -0.897986 0.000000 0.000000 0.000000 9.168892
33400 335 135.981033 0.000000 1000.000000 0.602063 135.378967 0.000000 0.000000 0.000000 0.000000 8.010556
33500 336 148.409317 0.000000 1000.000000 0.232896 148.744095 -0.567670 0.000000 0.000000 0.000000 8.177404
33600 337 132.381210 0.000000 1000.000000 1.854750 130.526459 0.000000 0.000000 0.000000 0.000000 7.558073
33700 338 161.080521 0.000000 1000.000000 0.484644 160.762390 -0.166517 0.000000 0.000000 0.000000 7.433736
33800 339 137.874344 0.000000 1000.000000 0.447303 137.743713 -0.316663 0.000000 0.000000 0.000000 9.315020
33900 340 150.531372 0.000000 1000.000000 0.481317 151.550766 -1.500722 0.000000 0.000000 0.000000 6.419114
34000 341 138.477142 0.000000 1000.000000 1.795020 136.908356 -0.226226 0.000000 0.000000 0.000000 7.387486
34100 342 143.747787 0.000000 1000.000000 0.390755 143.079559 -2.144512 2.421987 0.000000 0.000000 6.950581
34200 343 151.049881 0.000000 1000.000000 1.128260 150.111328 -0.189710 0.000000 0.000000 0.000000 7.240587
34300 344 147.695358 0.000000 1000.000000 0.351578 147.343781 0.000000 0.000000 0.000000 0.000000 8.290121
34400 345 159.481201 0.000000 1000.000000 0.446882 159.034317 0.000000 0.000000 0.000000 0.000000 8.207426
34500 346 149.681534 0.000000 1000.000000 0.743615 148.937912 0.000000 0.000000 0.000000 0.000000 8.286659
34600 347 148.880478 0.000000 1000.000000 0.608318 149.156525 -0.884376 0.000000 0.000000 0.000000 7.828909
34700 348 139.532364 0.000000 1000.000000 1.075930 138.456436 0.000000 0.000000 0.000000 0.000000 10.414942
34800 349 145.143402 0.000000 1000.000000 0.732581 145.579620 -1.168789 0.000000 0.000000 0.000000 7.347986
34900 350 157.262131 0.000000 1000.000000 0.407714 157.640976 -0.786558 0.000000 0.000000 0.000000 8.078124
35000 351 151.942810 0.000000 1000.000000 0.433166 151.509644 0.000000 0.000000 0.000000 0.000000 6.881532
35100 352 163.861847 0.000000 1000.000000 0.869593 132.210388 -1.983980 32.765839 0.000000 0.000000 6.584343
35200 353 151.557968 0.000000 1000.000000 0.314727 153.379120 -2.135874 0.000000 0.000000 0.000000 11.054515
35300 354 160.564621 0.000000 1000.000000 0.547678 162.453690 -2.436747 0.000000 0.000000 0.000000 8.433900
35400 355 148.219193 0.000000 1000.000000 0.930491 147.288696 0.000000 0.000000 0.000000 0.000000 9.282858
35500 356 151.680954 0.000000 1000.000000 0.388297 151.292664 0.000000 0.000000 0.000000 0.000000 9.998013
35600 357 128.185623 0.000000 1000.000000 1.270696 128.844650 -1.929720 0.000000 0.000000 0.000000 9.815355
35700 358 142.392365 0.000000 1000.000000 0.177710 143.655609 -1.440949 0.000000 0.000000 0.000000 9.435644
35800 359 125.036919 0.000000 1000.000000 0.521250 126.103249 -1.587578 0.000000 0.000000 0.000000 11.653044
35900 360 140.345459 0.000000 1000.000000 1.409193 139.735062 -0.798795 0.000000 0.000000 0.000000 10.556868
36000 361 133.828659 0.000000 1000.000000 1.373805 133.901749 -1.446898 0.000000 0.000000 0.000000 7.444192
36100 362 154.905701 0.000000 1000.000000 0.443255 154.567780 -0.105335 0.000000 0.000000 0.000000 9.965216
36200 363 133.641907 0.000000 1000.000000 1.389439 132.666840 -0.414364 0.000000 0.000000 0.000000 9.443247
36300 364 124.750580 0.000000 1000.000000 0.386056 124.364525 0.000000 0.000000 0.000000 0.000000 10.478722
36400 365 130.922073 0.000000 1000.000000 0.193311 130.728760 0.000000 0.000000 0.000000 0.000000 9.338577
36500 366 132.895966 0.000000 1000.000000 0.517516 132.928619 -0.550170 0.000000 0.000000 0.000000 8.073577
36600 367 153.720795 0.000000 1000.000000 0.660789 153.265518 -0.205512 0.000000 0.000000 0.000000 9.309397
36700 368 137.570068 0.000000 1000.000000 0.972001 136.598068 0.000000 0.000000 0.000000 0.000000 9.737569
36800 369 134.882965 0.000000 1000.000000 0.482941 134.754395 -0.354364 0.000000 0.000000 0.000000 9.790730
36900 370 135.341415 0.000000 1000.000000 0.362523 134.978897 0.000000 0.000000 0.000000 0.000000 7.826535
37000 371 141.113785 0.000000 1000.000000 0.794341 141.841324 -1.521882 0.000000 0.000000 0.000000 6.489058
37100 372 146.513077 0.000000 1000.000000 0.439161 146.094376 -0.020467 0.000000 0.000000 0.000000 9.041316
37200 373 147.973648 0.000000 1000.000000 1.397323 146.757080 -0.180748 0.000000 0.000000 0.000000 8.965947
37300 374 140.031815 0.000000 1000.000000 1.501087 144.489883 -2.353231 -3.605924 0.000000 0.000000 10.943998
37400 375 139.898987 0.000000 1000.000000 0.709799 139.708633 -0.519445 0.000000 0.000000 0.000000 11.097231
37500 376 162.050125 0.000000 1000.000000 1.149616 160.925720 -0.025211 0.000000 0.000000 0.000000 10.751897
37600 377 150.651642 0.000000 1000.000000 0.937815 151.426224 -1.712402 0.000000 0.000000 0.000000 12.326759
37700 378 127.683846 0.000000 1000.000000 0.268785 128.568207 -1.153147 0.000000 0.000000 0.000000 10.904541
37800 379 128.648575 0.000000 1000.000000 0.715200 129.637573 -1.704193 0.000000 0.000000 0.000000 14.330170
37900 380 145.651672 0.000000 1000.000000 1.155575 144.536392 -0.040298 0.000000 0.000000 0.000000 11.074805
38000 381 124.008530 0.000000 1000.000000 1.569999 122.694908 -0.256378 0.000000 0.000000 0.000000 11.187781
38100 382 144.970184 0.000000 1000.000000 0.954753 144.015427 0.000000 0.000000 0.000000 0.000000 12.331985
38200 383 157.424774 0.000000 1000.000000 0.462142 156.962631 0.000000 0.000000 0.000000 0.000000 9.921862
38300 384 133.530487 0.000000 1000.000000 1.832254 132.537079 -0.838852 0.000000 0.000000 0.000000 10.720265
38400 385 146.343521 0.000000 1000.000000 0.323988 151.210831 -2.764435 -2.426867 0.000000 0.000000 11.757054
38500 386 151.588287 0.000000 1000.000000 1.579616 156.707596 -2.752147 -3.946784 0.000000 0.000000 6.592988
38600 387 129.338058 0.000000 1000.000000 0.252412 130.857605 -1.771962 0.000000 0.000000 0.000000 8.885673
38700 388 156.113586 0.000000 1000.000000 1.797436 154.897491 -0.581341 0.000000 0.000000 0.000000 9.010914
38800 389 138.385803 0.000000 1000.000000 0.494030 138.731003 -0.839233 0.000000 0.000000 0.000000 10.155122
38900 390 137.442551 0.000000 1000.000000 0.302370 137.212311 -0.072130 0.000000 0.000000 0.000000 8.834112
39000 391 164.130127 0.000000 1000.000000 1.193361 139.653580 -1.797562 25.080746 0.000000 0.000000 10.819675
39100 392 134.931641 0.000000 1000.000000 0.802391 134.129257 0.000000 0.000000 0.000000 0.000000 8.932125
39200 393 139.857529 0.000000 1000.000000 0.578053 139.694992 -0.415509 0.000000 0.000000 0.000000 9.050795
39300 394 126.404236 0.000000 1000.000000 0.490284 126.516068 -0.602122 0.000000 0.000000 0.000000 7.531719
39400 395 131.390854 0.000000 1000.000000 1.424612 129.966248 0.000000 0.000000 0.000000 0.000000 9.469675
39500 396 148.336136 0.000000 1000.000000 1.098926 149.018845 -0.533043 -1.248581 0.000000 0.000000 9.330941
39600 397 140.782593 0.000000 1000.000000 0.673251 140.620163 -0.510813 0.000000 0.000000 0.000000 8.520561
39700 398 152.467148 0.000000 1000.000000 0.256128 156.208557 -1.671113 -2.326426 0.000000 0.000000 9.890950
39800 399 163.659714 0.000000 1000.000000 1.557814 162.702087 -0.600189 0.000000 0.000000 0.000000 10.944331
39900 400 142.798813 0.000000 1000.000000 0.649337 142.149475 0.000000 0.000000 0.000000 0.000000 9.062197
40000 401 150.443817 0.000000 1000.000000 1.359789 149.084030 0.000000 0.000000 0.000000 0.000000 9.896177
40100 402 153.089447 0.000000 1000.000000 0.304919 153.714615 -0.930089 0.000000 0.000000 0.000000 8.318518
40200 403 150.013931 0.000000 1000.000000 0.198041 150.414673 -0.598782 0.000000 0.000000 0.000000 10.817238
40300 404 148.141174 0.000000 1000.000000 0.311048 148.844940 -1.014821 0.000000 0.000000 0.000000 8.755735
40400 405 164.292679 0.000000 1000.000000 0.431399 163.861282 0.000000 0.000000 0.000000 0.000000 11.312346
40500 406 159.096039 0.000000 1000.000000 1.473272 157.622772 0.000000 0.000000 0.000000 0.000000 8.793778
40600 407 150.020447 0.000000 1000.000000 0.720801 148.604050 -1.603947 2.299539 0.000000 0.000000 7.040312
40700 408 131.080307 0.000000 1000.000000 1.755573 129.324738 0.000000 0.000000 0.000000 0.000000 8.766528
40800 409 141.961685 0.000000 1000.000000 0.930668 141.844360 -0.813341 0.000000 0.000000 0.000000 7.153516
40900 410 147.976044 0.000000 1000.000000 0.489914 147.486130 0.000000 0.000000 0.000000 0.000000 7.619774
41000 411 155.450165 0.000000 1000.000000 0.394949 158.388702 -1.334284 -1.999191 0.000000 0.000000 7.809266
41100 412 148.033524 0.000000 1000.000000 0.322471 148.438477 -0.727410 0.000000 0.000000 0.000000 6.709757
41200 413 157.888428 0.000000 1000.000000 1.312089 158.504654 -1.928309 0.000000 0.000000 0.000000 5.736473
41300 414 162.984406 0.000000 1000.000000 0.853139 163.527222 -1.395948 0.000000 0.000000 0.000000 7.459793
41400 415 140.739548 0.000000 1000.000000 0.440270 140.299271 0.000000 0.000000 0.000000 0.000000 10.566525
41500 416 126.061798 0.000000 1000.000000 0.941248 125.120552 0.000000 0.000000 0.000000 0.000000 9.263868
41600 417 138.693314 0.000000 1000.000000 0.328556 138.364761 0.000000 0.000000 0.000000 0.000000 8.201740
41700 418 156.881912 0.000000 1000.000000 0.684144 156.197769 0.000000 0.000000 0.000000 0.000000 8.720963
41800 419 149.552383 0.000000 1000.000000 0.504235 149.686264 -0.638118 0.000000 0.000000 0.000000 5.730157
41900 420 142.699860 0.000000 1000.000000 0.761004 141.938858 0.000000 0.000000 0.000000 0.000000 6.664124
42000 421 157.921051 0.000000 1000.000000 1.661396 157.083908 -0.824252 0.000000 0.000000 0.000000 5.700704
42100 422 149.910126 0.000000 1000.000000 0.566533 149.441833 -0.098242 0.000000 0.000000 0.000000 6.419888
42200 423 148.657852 0.000000 1000.000000 0.993022 149.044174 -1.379346 0.000000 0.000000 0.000000 8.723862
42300 424 150.487244 0.000000 1000.000000 3.073579 148.729477 -1.315808 0.000000 0.000000 0.000000 5.817580
42400 425 150.186646 0.000000 1000.000000 0.390407 151.297607 -1.501370 0.000000 0.000000 0.000000 4.925467
42500 426 167.128693 0.000000 1000.000000 0.289643 167.538025 -0.698981 0.000000 0.000000 0.000000 5.042706
42600 427 153.570251 0.000000 1000.000000 0.830764 153.798965 -1.059483 0.000000 0.000000 0.000000 5.607893
42700 428 151.040421 0.000000 1000.000000 0.785291 151.090393 -0.835272 0.000000 0.000000 0.000000 6.188827
42800 429 148.391083 0.000000 1000.000000 0.276192 149.107254 -0.992377 0.000000 0.000000 0.000000 7.610565
42900 430 148.476913 0.000000 1000.000000 1.320697 147.783066 -0.626849 0.000000 0.000000 0.000000 8.929403
43000 431 138.449112 0.000000 1000.000000 0.428732 137.321213 -2.421654 3.120835 0.000000 0.000000 7.352851
43100 432 143.102753 0.000000 1000.000000 0.960817 142.141937 0.000000 0.000000 0.000000 0.000000 8.081960
43200 433 129.299301 0.000000 1000.000000 0.592983 128.706314 0.000000 0.000000 0.000000 0.000000 9.454090
43300 434 152.235336 0.000000 1000.000000 0.179965 152.418839 -0.363457 0.000000 0.000000 0.000000 7.002702
43400 435 160.437271 0.000000 1000.000000 0.466720 161.261353 -1.290806 0.000000 0.000000 0.000000 6.660000
43500 436 140.356323 0.000000 1000.000000 1.004492 141.077209 -1.725367 0.000000 0.000000 0.000000 7.847680
43600 437 133.663055 0.000000 1000.000000 0.850216 134.041107 -1.228272 0.000000 0.000000 0.000000 8.331877
43700 438 138.280304 0.000000 1000.000000 1.357766 138.291885 -1.369357 0.000000 0.000000 0.000000 7.282211
43800 439 146.262543 0.000000 1000.000000 0.675219 145.587326 0.000000 0.000000 0.000000 0.000000 8.625264
43900 440 150.538635 0.000000 1000.000000 2.087397 149.485336 -1.034105 0.000000 0.000000 0.000000 8.540503
44000 441 156.249420 0.000000 1000.000000 0.410603 155.838821 0.000000 0.000000 0.000000 0.000000 6.272909
44100 442 149.032806 0.000000 1000.000000 0.102858 148.968430 -0.038485 0.000000 0.000000 0.000000 6.304718
44200 443 141.994217 0.000000 1000.000000 1.538472 140.455750 0.000000 0.000000 0.000000 0.000000 10.453944
44300 444 129.625092 0.000000 1000.000000 0.347572 129.277527 0.000000 0.000000 0.000000 0.000000 8.200036
44400 445 155.898514 0.000000 1000.000000 0.341807 155.883270 -0.326569 0.000000 0.000000 0.000000 6.773274
44500 446 126.930077 0.000000 1000.000000 0.377078 126.553001 0.000000 0.000000 0.000000 0.000000 6.060984
44600 447 154.040192 0.000000 1000.000000 0.352469 158.098053 -0.858078 -3.552243 0.000000 0.000000 7.854345
44700 448 151.311798 0.000000 1000.000000 0.448003 151.765320 -0.901512 0.000000 0.000000 0.000000 4.689583
44800 449 144.306076 0.000000 1000.000000 0.460334 143.908539 -0.062797 0.000000 0.000000 0.000000 8.572491
44900 450 145.352707 0.000000 1000.000000 0.286331 150.058792 -1.291285 -3.701131 0.000000 0.000000 8.167425
45000 451 133.477219 0.000000 1000.000000 0.234502 133.431213 -0.188488 0.000000 0.000000 0.000000 8.799500
45100 452 159.904236 0.000000 1000.000000 0.862232 159.079498 -0.037490 0.000000 0.000000 0.000000 8.481609
45200 453 144.858963 0.000000 1000.000000 0.481229 144.659805 -0.282070 0.000000 0.000000 0.000000 8.880527
45300 454 151.776855 0.000000 1000.000000 0.641189 151.135666 0.000000 0.000000 0.000000 0.000000 8.596914
45400 455 178.536346 0.000000 1000.000000 1.461926 177.210678 -0.136259 0.000000 0.000000 0.000000 10.792071
45500 456 167.063873 0.000000 1000.000000 0.681260 166.382614 0.000000 0.000000 0.000000 0.000000 8.263919
45600 457 144.924332 0.000000 1000.000000 0.225223 144.699112 0.000000 0.000000 0.000000 0.000000 10.590892
45700 458 135.022079 0.000000 1000.000000 1.354865 133.667221 0.000000 0.000000 0.000000 0.000000 8.920894
45800 459 142.510818 0.000000 1000.000000 0.536999 142.731796 -0.757988 0.000000 0.000000 0.000000 9.359097
45900 460 144.519653 0.000000 1000.000000 0.459274 144.141342 -0.080968 0.000000 0.000000 0.000000 8.594844
46000 461 154.190140 0.000000 1000.000000 0.300289 153.889847 0.000000 0.000000 0.000000 0.000000 7.579774
46100 462 143.331924 0.000000 1000.000000 0.443170 142.942047 -0.053293 0.000000 0.000000 0.000000 8.283764
46200 463 146.975815 0.000000 1000.000000 0.489559 146.536652 -0.050401 0.000000 0.000000 0.000000 7.835915
46300 464 142.437408 0.000000 1000.000000 0.601854 141.835556 0.000000 0.000000 0.000000 0.000000 8.928469
46400 465 155.381668 0.000000 1000.000000 0.397156 155.169006 -0.184498 0.000000 0.000000 0.000000 9.856449
46500 466 132.138443 0.000000 1000.000000 0.424708 131.836441 -0.122712 0.000000 0.000000 0.000000 7.459964
46600 467 147.711182 0.000000 1000.000000 0.406028 147.525436 -0.220279 0.000000 0.000000 0.000000 8.545420
46700 468 153.064682 0.000000 1000.000000 0.323908 152.740768 0.000000 0.000000 0.000000 0.000000 8.977371
46800 469 142.205399 0.000000 1000.000000 0.159655 142.045746 0.000000 0.000000 0.000000 0.000000 9.231701
46900 470 142.139557 0.000000 1000.000000 0.527765 141.611786 0.000000 0.000000 0.000000 0.000000 10.069605
47000 471 154.556396 0.000000 1000.000000 0.295469 154.308212 -0.047291 0.000000 0.000000 0.000000 11.605917
47100 472 133.607544 0.000000 1000.000000 0.253157 133.380234 -0.025843 0.000000 0.000000 0.000000 10.831018
47200 473 156.332672 0.000000 1000.000000 0.650750 155.896576 -0.214668 0.000000 0.000000 0.000000 9.182652
47300 474 136.865555 0.000000 1000.000000 0.265229 136.600327 0.000000 0.000000 0.000000 0.000000 9.614410
47400 475 152.529037 0.000000 1000.000000 0.425079 152.103958 0.000000 0.000000 0.000000 0.000000 9.216391
47500 476 153.709763 0.000000 1000.000000 0.316146 153.494629 -0.101008 0.000000 0.000000 0.000000 8.717934
47600 477 155.624054 0.000000 1000.000000 1.030210 155.087509 -0.493665 0.000000 0.000000 0.000000 8.487063
47700 478 137.264359 0.000000 1000.000000 0.777741 136.486618 0.000000 0.000000 0.000000 0.000000 8.572526
47800 479 154.758316 0.000000 1000.000000 2.691882 152.174866 -0.108430 0.000000 0.000000 0.000000 9.717524
47900 480 142.669388 0.000000 1000.000000 0.369310 142.300079 0.000000 0.000000 0.000000 0.000000 9.061110
48000 481 150.940369 0.000000 1000.000000 0.225320 150.715042 0.000000 0.000000 0.000000 0.000000 10.655504
48100 482 140.326660 0.000000 1000.000000 0.243541 140.083115 0.000000 0.000000 0.000000 0.000000 12.654123
48200 483 140.784195 0.000000 1000.000000 2.930263 137.853928 0.000000 0.000000 0.000000 0.000000 11.173727
48300 484 150.387421 0.000000 1000.000000 1.309226 149.078201 0.000000 0.000000 0.000000 0.000000 10.778139
48400 485 155.553452 0.000000 1000.000000 0.388700 155.164749 0.000000 0.000000 0.000000 0.000000 10.975179
48500 486 144.186371 0.000000 1000.000000 0.739534 143.678558 -0.231717 0.000000 0.000000 0.000000 12.232145
48600 487 133.994339 0.000000 1000.000000 0.254016 134.320099 -0.579768 0.000000 0.000000 0.000000 10.846617
48700 488 154.941849 0.000000 1000.000000 0.650798 154.332413 -0.041360 0.000000 0.000000 0.000000 10.860394
48800 489 155.452148 0.000000 1000.000000 0.598140 154.854004 0.000000 0.000000 0.000000 0.000000 10.083731
48900 490 150.556503 0.000000 1000.000000 1.903971 148.652527 0.000000 0.000000 0.000000 0.000000 10.951097
49000 491 147.219254 0.000000 1000.000000 2.137952 145.081299 0.000000 0.000000 0.000000 0.000000 7.647084
49100 492 144.646286 0.000000 1000.000000 0.257555 144.388733 0.000000 0.000000 0.000000 0.000000 7.812821
49200 493 143.815002 0.000000 1000.000000 0.884971 142.930038 0.000000 0.000000 0.000000 0.000000 8.579752
49300 494 135.249634 0.000000 1000.000000 1.409228 133.840408 0.000000 0.000000 0.000000 0.000000 9.018305
49400 495 147.328217 0.000000 1000.000000 0.379027 146.949188 0.000000 0.000000 0.000000 0.000000 6.869500
49500 496 135.114456 0.000000 1000.000000 0.282512 135.132019 -0.300078 0.000000 0.000000 0.000000 6.406796
49600 497 135.737885 0.000000 1000.000000 1.610746 134.127136 0.000000 0.000000 0.000000 0.000000 9.040521
49700 498 144.106262 0.000000 1000.000000 0.743723 143.362534 0.000000 0.000000 0.000000 0.000000 10.144756
49800 499 160.801941 0.000000 1000.000000 0.481711 160.320236 0.000000 0.000000 0.000000 0.000000 9.404502
49900 500 151.062729 0.000000 1000.000000 0.846171 151.446854 -1.230305 0.000000 0.000000 0.000000 11.122536
50000 501 140.711517 0.000000 1000.000000 0.577748 141.598221 -1.464453 0.000000 0.000000 0.000000 11.613113
