1 1 214.928574 0.000000 1000.000000 0.276844 221.338745 -2.774608 -3.912402 0.000000 0.000000 2.085149
100 2 249.741577 0.000000 1000.000000 2.318775 247.752808 -0.330005 0.000000 0.000000 0.000000 14.326993
200 3 202.336899 0.000000 1000.000000 0.683754 202.118134 -0.464978 0.000000 0.000000 0.000000 9.709638
300 4 202.452972 0.000000 1000.000000 0.349567 202.454636 -0.351233 0.000000 0.000000 0.000000 8.838470
400 5 187.382233 0.000000 1000.000000 0.304028 191.405197 -0.936068 -3.390931 0.000000 0.000000 8.461279
500 6 167.650681 0.000000 1000.000000 1.164059 167.607910 -1.121294 0.000000 0.000000 0.000000 7.587980
600 7 183.430405 0.000000 1000.000000 1.734540 175.024445 -0.969780 7.641183 0.000000 0.000000 10.413092
700 8 188.814575 0.000000 1000.000000 0.823552 187.991028 0.000000 0.000000 0.000000 0.000000 9.971882
800 9 192.513550 0.000000 1000.000000 0.641011 191.872543 0.000000 0.000000 0.000000 0.000000 10.385120
900 10 175.953293 0.000000 1000.000000 2.013489 177.500351 -0.659331 -2.901211 0.000000 0.000000 8.142578
1000 11 190.525375 0.000000 1000.000000 1.974177 188.551193 0.000000 0.000000 0.000000 0.000000 7.079282
1100 12 201.502594 0.000000 1000.000000 2.552054 199.752167 -0.801616 0.000000 0.000000 0.000000 8.874132
1200 13 175.205780 0.000000 1000.000000 0.388436 180.671387 -1.418506 -4.435552 0.000000 0.000000 6.196621
1300 14 200.306580 0.000000 1000.000000 1.482626 201.780197 -0.602584 -2.353646 0.000000 0.000000 9.943340
1400 15 196.202515 0.000000 1000.000000 2.188498 198.313751 -1.386736 -2.912992 0.000000 0.000000 7.187329
1500 16 216.681305 0.000000 1000.000000 2.848621 213.832687 0.000000 0.000000 0.000000 0.000000 8.958932
1600 17 196.721893 0.000000 1000.000000 0.978647 196.537613 -0.794377 0.000000 0.000000 0.000000 10.220522
1700 18 223.650162 0.000000 1000.000000 2.218069 222.016068 -0.583972 0.000000 0.000000 0.000000 8.303793
1800 19 198.509750 0.000000 1000.000000 1.219690 197.609451 -0.319401 0.000000 0.000000 0.000000 8.871297
1900 20 210.940979 0.000000 1000.000000 1.629325 209.311661 0.000000 0.000000 0.000000 0.000000 7.353151
2000 21 195.510345 0.000000 1000.000000 0.520718 195.088409 -0.098789 0.000000 0.000000 0.000000 10.194191
2100 22 200.411926 0.000000 1000.000000 0.473849 200.253403 -0.315319 0.000000 0.000000 0.000000 5.451326
2200 23 220.527054 0.000000 1000.000000 0.484937 206.348907 -1.547524 15.240741 0.000000 0.000000 7.993395
2300 24 199.927292 0.000000 1000.000000 0.659915 199.991226 -0.723842 0.000000 0.000000 0.000000 7.901749
2400 25 212.865799 0.000000 1000.000000 2.252381 211.019730 -0.406307 0.000000 0.000000 0.000000 5.157099
2500 26 202.643936 0.000000 1000.000000 1.696392 200.947540 0.000000 0.000000 0.000000 0.000000 7.823053
2600 27 209.804932 0.000000 1000.000000 1.868093 208.120544 -0.183702 0.000000 0.000000 0.000000 6.247024
2700 28 201.456131 0.000000 1000.000000 1.871591 199.584534 0.000000 0.000000 0.000000 0.000000 9.022181
2800 29 204.345215 0.000000 1000.000000 1.277412 206.984604 -0.651296 -3.265520 0.000000 0.000000 9.523478
2900 30 193.913025 0.000000 1000.000000 2.672605 191.240417 0.000000 0.000000 0.000000 0.000000 7.107223
3000 31 205.167740 0.000000 1000.000000 0.507077 204.997940 -0.337279 0.000000 0.000000 0.000000 10.005068
3100 32 184.496658 0.000000 1000.000000 0.498413 184.337143 -0.338905 0.000000 0.000000 0.000000 8.867226
3200 33 185.429565 0.000000 1000.000000 0.195121 185.412064 -0.177614 0.000000 0.000000 0.000000 8.372128
3300 34 187.799973 0.000000 1000.000000 0.510890 187.289078 0.000000 0.000000 0.000000 0.000000 7.769028
3400 35 195.448639 0.000000 1000.000000 0.817517 195.147018 -0.515906 0.000000 0.000000 0.000000 16.918255
3500 36 190.777405 0.000000 1000.000000 0.667299 190.110107 0.000000 0.000000 0.000000 0.000000 8.060949
3600 37 178.925430 0.000000 1000.000000 0.726422 182.790207 -0.709266 -3.881948 0.000000 0.000000 9.776968
3700 38 179.889435 0.000000 1000.000000 0.844524 179.044907 0.000000 0.000000 0.000000 0.000000 9.924570
3800 39 186.383469 0.000000 1000.000000 1.656671 184.726791 0.000000 0.000000 0.000000 0.000000 15.199301
3900 40 176.156693 0.000000 1000.000000 0.419443 178.472565 -1.041472 -1.693853 0.000000 0.000000 6.359829
4000 41 193.033218 0.000000 1000.000000 2.415553 194.945282 -1.095719 -3.231899 0.000000 0.000000 6.861555
4100 42 172.537079 0.000000 1000.000000 1.171045 171.366028 0.000000 0.000000 0.000000 0.000000 10.975948
4200 43 191.729095 0.000000 1000.000000 1.842596 190.210037 -0.323539 0.000000 0.000000 0.000000 9.528884
4300 44 208.122742 0.000000 1000.000000 1.863816 207.391022 -1.132094 0.000000 0.000000 0.000000 8.164984
4400 45 193.749557 0.000000 1000.000000 0.306801 193.442749 0.000000 0.000000 0.000000 0.000000 8.568235
4500 46 208.743774 0.000000 1000.000000 0.991928 208.238174 -0.486327 0.000000 0.000000 0.000000 8.467861
4600 47 204.837692 0.000000 1000.000000 3.477911 201.383347 -0.023565 0.000000 0.000000 0.000000 5.146982
4700 48 173.691711 0.000000 1000.000000 0.996912 172.956680 -0.261890 0.000000 0.000000 0.000000 5.903531
4800 49 194.469116 0.000000 1000.000000 1.761650 193.276932 -0.569452 0.000000 0.000000 0.000000 8.236090
4900 50 171.976181 0.000000 1000.000000 0.267851 171.708328 0.000000 0.000000 0.000000 0.000000 8.360573
5000 51 180.920074 0.000000 1000.000000 1.159763 182.873260 -0.891702 -2.221237 0.000000 0.000000 7.358149
5100 52 186.574249 0.000000 1000.000000 0.737505 187.468155 -0.832696 -0.798704 0.000000 0.000000 9.383059
5200 53 186.209457 0.000000 1000.000000 1.152589 185.114365 -0.057501 0.000000 0.000000 0.000000 8.884447
5300 54 168.959854 0.000000 1000.000000 0.355029 168.654587 -0.049764 0.000000 0.000000 0.000000 10.539516
5400 55 161.466919 0.000000 1000.000000 1.011231 160.998856 -0.543167 0.000000 0.000000 0.000000 6.777218
5500 56 171.818237 0.000000 1000.000000 1.198167 170.809128 -0.189061 0.000000 0.000000 0.000000 8.650138
5600 57 175.080048 0.000000 1000.000000 2.574046 174.921341 -0.953106 -1.462237 0.000000 0.000000 8.031916
5700 58 174.330627 0.000000 1000.000000 1.574915 168.455872 -1.065249 5.365077 0.000000 0.000000 9.940479
5800 59 171.887238 0.000000 1000.000000 0.227062 171.689240 -0.029067 0.000000 0.000000 0.000000 7.020121
5900 60 164.246902 0.000000 1000.000000 0.456979 163.789917 0.000000 0.000000 0.000000 0.000000 6.105747
6000 61 169.005676 0.000000 1000.000000 0.129065 168.923431 -0.046808 0.000000 0.000000 0.000000 8.594345
6100 62 164.354980 0.000000 1000.000000 0.537458 164.119293 -0.301772 0.000000 0.000000 0.000000 7.362095
6200 63 165.469406 0.000000 1000.000000 0.596982 164.872421 0.000000 0.000000 0.000000 0.000000 6.768740
6300 64 187.942154 0.000000 1000.000000 0.934928 187.037628 -0.030397 0.000000 0.000000 0.000000 8.913431
6400 65 151.137680 0.000000 1000.000000 1.160154 150.343460 -0.365936 0.000000 0.000000 0.000000 8.790342
6500 66 158.336838 0.000000 1000.000000 0.712010 158.065674 -0.440846 0.000000 0.000000 0.000000 6.544771
6600 67 177.931519 0.000000 1000.000000 2.022951 176.792709 -0.884141 0.000000 0.000000 0.000000 6.078302
6700 68 165.115952 0.000000 1000.000000 0.609035 164.506912 0.000000 0.000000 0.000000 0.000000 5.837284
6800 69 183.248428 0.000000 1000.000000 0.417276 183.770950 -0.939799 0.000000 0.000000 0.000000 5.743127
6900 70 171.914185 0.000000 1000.000000 0.185459 172.369110 -0.640380 0.000000 0.000000 0.000000 7.488275
7000 71 198.445694 0.000000 1000.000000 1.066014 197.555237 -0.175551 0.000000 0.000000 0.000000 8.742832
7100 72 180.505920 0.000000 1000.000000 0.862309 179.643616 0.000000 0.000000 0.000000 0.000000 5.971593
7200 73 163.227386 0.000000 1000.000000 0.709716 162.517670 0.000000 0.000000 0.000000 0.000000 12.446829
7300 74 180.532532 0.000000 1000.000000 2.445508 178.625046 -0.538032 0.000000 0.000000 0.000000 9.094549
7400 75 191.592911 0.000000 1000.000000 0.928369 191.733765 -1.069235 0.000000 0.000000 0.000000 7.660019
7500 76 179.556824 0.000000 1000.000000 0.554267 179.455261 -0.452694 0.000000 0.000000 0.000000 8.788767
7600 77 180.597107 0.000000 1000.000000 0.824311 179.772797 0.000000 0.000000 0.000000 0.000000 8.594545
7700 78 162.110168 0.000000 1000.000000 0.560074 161.550095 0.000000 0.000000 0.000000 0.000000 8.504210
7800 79 171.880936 0.000000 1000.000000 2.009393 169.871536 0.000000 0.000000 0.000000 0.000000 5.839624
7900 80 173.769180 0.000000 1000.000000 0.538595 173.673660 -0.443062 0.000000 0.000000 0.000000 8.714855
8000 81 173.264404 0.000000 1000.000000 0.773871 172.825134 -0.334597 0.000000 0.000000 0.000000 6.966680
8100 82 189.506195 0.000000 1000.000000 0.488408 189.017792 0.000000 0.000000 0.000000 0.000000 5.640059
8200 83 170.767563 0.000000 1000.000000 0.312611 170.454956 0.000000 0.000000 0.000000 0.000000 7.172022
8300 84 171.239487 0.000000 1000.000000 0.803193 170.484421 -0.048126 0.000000 0.000000 0.000000 5.373943
8400 85 183.018875 0.000000 1000.000000 1.853144 181.548035 -0.382303 0.000000 0.000000 0.000000 7.295935
8500 86 189.139877 0.000000 1000.000000 2.203152 186.936722 0.000000 0.000000 0.000000 0.000000 8.230840
8600 87 164.592194 0.000000 1000.000000 0.639305 163.952896 0.000000 0.000000 0.000000 0.000000 8.668777
8700 88 166.444397 0.000000 1000.000000 2.403934 165.250687 -1.210220 0.000000 0.000000 0.000000 6.206189
8800 89 175.384262 0.000000 1000.000000 1.731441 173.652817 0.000000 0.000000 0.000000 0.000000 8.035462
8900 90 181.974335 0.000000 1000.000000 2.617261 179.357071 0.000000 0.000000 0.000000 0.000000 5.225562
9000 91 180.861160 0.000000 1000.000000 1.502166 180.871887 -1.512887 0.000000 0.000000 0.000000 5.525313
9100 92 184.119156 0.000000 1000.000000 3.729975 180.389175 0.000000 0.000000 0.000000 0.000000 6.616215
9200 93 180.096756 0.000000 1000.000000 0.449528 181.072784 -1.425559 0.000000 0.000000 0.000000 6.877388
9300 94 170.980194 0.000000 1000.000000 1.855174 170.943466 -1.818457 0.000000 0.000000 0.000000 8.039249
9400 95 185.873306 0.000000 1000.000000 2.113315 189.743057 -2.920708 -3.062349 0.000000 0.000000 5.921627
9500 96 177.421738 0.000000 1000.000000 0.254017 177.167725 0.000000 0.000000 0.000000 0.000000 8.436062
9600 97 155.574265 0.000000 1000.000000 1.224009 154.350250 0.000000 0.000000 0.000000 0.000000 6.885011
9700 98 166.007721 0.000000 1000.000000 0.733897 165.273819 0.000000 0.000000 0.000000 0.000000 7.310650
9800 99 170.042084 0.000000 1000.000000 0.411425 170.260437 -0.629772 0.000000 0.000000 0.000000 5.755911
9900 100 172.535416 0.000000 1000.000000 0.779236 173.636246 -1.880066 0.000000 0.000000 0.000000 7.962018
10000 101 161.788391 0.000000 1000.000000 0.411653 164.508728 -2.027561 -1.104425 0.000000 0.000000 5.529115
10100 102 174.242599 0.000000 1000.000000 0.636118 173.937576 -0.331103 0.000000 0.000000 0.000000 6.941499
10200 103 175.862793 0.000000 1000.000000 0.298216 176.348587 -0.784011 0.000000 0.000000 0.000000 6.964232
10300 104 157.647705 0.000000 1000.000000 2.846897 155.696518 -0.895710 0.000000 0.000000 0.000000 8.644619
10400 105 188.241699 0.000000 1000.000000 1.692600 186.549103 0.000000 0.000000 0.000000 0.000000 6.777008
10500 106 166.466492 0.000000 1000.000000 0.803504 169.698456 -2.435657 -1.599815 0.000000 0.000000 5.368665
10600 107 161.899460 0.000000 1000.000000 0.934644 164.826263 -2.592977 -1.268480 0.000000 0.000000 10.292328
10700 108 188.050186 0.000000 1000.000000 1.343603 186.706589 0.000000 0.000000 0.000000 0.000000 9.354070
10800 109 184.911438 0.000000 1000.000000 0.822926 185.157654 -1.069131 0.000000 0.000000 0.000000 6.764333
10900 110 163.086395 0.000000 1000.000000 1.837080 162.355835 -1.106526 0.000000 0.000000 0.000000 6.809723
11000 111 185.771652 0.000000 1000.000000 0.420465 185.351181 0.000000 0.000000 0.000000 0.000000 7.837041
11100 112 200.354736 0.000000 1000.000000 0.941934 202.471252 -1.855846 -1.202611 0.000000 0.000000 6.382510
11200 113 199.362335 0.000000 1000.000000 0.649222 198.713120 0.000000 0.000000 0.000000 0.000000 8.048840
11300 114 174.221756 0.000000 1000.000000 1.117604 177.948425 -2.222881 -2.621377 0.000000 0.000000 7.960976
11400 115 186.407745 0.000000 1000.000000 0.746999 186.521317 -0.860568 0.000000 0.000000 0.000000 8.252878
11500 116 157.512787 0.000000 1000.000000 1.272954 157.753036 -1.513198 0.000000 0.000000 0.000000 8.622340
11600 117 162.546310 0.000000 1000.000000 0.633784 163.747604 -1.835080 0.000000 0.000000 0.000000 7.769579
11700 118 183.682434 0.000000 1000.000000 2.152148 181.530289 0.000000 0.000000 0.000000 0.000000 8.025179
11800 119 172.982910 0.000000 1000.000000 1.882816 172.092010 -0.991913 0.000000 0.000000 0.000000 6.854572
11900 120 168.032547 0.000000 1000.000000 2.673916 165.358627 0.000000 0.000000 0.000000 0.000000 6.418077
12000 121 146.687271 0.000000 1000.000000 2.339688 146.730331 -1.045933 -1.336823 0.000000 0.000000 7.417498
12100 122 164.759705 0.000000 1000.000000 1.124986 165.217636 -1.582915 0.000000 0.000000 0.000000 6.638136
12200 123 172.458603 0.000000 1000.000000 0.959391 172.260834 -0.761620 0.000000 0.000000 0.000000 6.186904
12300 124 184.495438 0.000000 1000.000000 0.707083 184.034729 -0.246371 0.000000 0.000000 0.000000 6.777127
12400 125 176.112427 0.000000 1000.000000 0.414981 176.007523 -0.310077 0.000000 0.000000 0.000000 8.196518
12500 126 177.498383 0.000000 1000.000000 1.569789 176.509903 -0.581318 0.000000 0.000000 0.000000 8.869168
12600 127 162.120148 0.000000 1000.000000 1.852086 161.155075 -0.887008 0.000000 0.000000 0.000000 7.488472
12700 128 161.788651 0.000000 1000.000000 0.598577 162.140808 -0.950729 0.000000 0.000000 0.000000 8.096478
12800 129 157.997589 0.000000 1000.000000 1.063206 156.934387 0.000000 0.000000 0.000000 0.000000 11.353079
12900 130 173.710266 0.000000 1000.000000 3.445786 171.120834 -0.856350 0.000000 0.000000 0.000000 8.385745
13000 131 155.527069 0.000000 1000.000000 1.631775 153.895294 0.000000 0.000000 0.000000 0.000000 10.632454
13100 132 170.048660 0.000000 1000.000000 3.763021 167.610168 -1.324524 0.000000 0.000000 0.000000 8.947513
13200 133 181.335754 0.000000 1000.000000 4.202135 150.950638 -2.764919 28.947905 0.000000 0.000000 6.839768
13300 134 163.169724 0.000000 1000.000000 0.887019 162.592209 -0.309505 0.000000 0.000000 0.000000 10.471586
13400 135 163.083786 0.000000 1000.000000 0.875360 163.661758 -1.453333 0.000000 0.000000 0.000000 7.244988
13500 136 175.743912 0.000000 1000.000000 0.765093 177.807175 -1.136973 -1.691375 0.000000 0.000000 6.484650
13600 137 161.787094 0.000000 1000.000000 0.275091 162.410843 -0.898840 0.000000 0.000000 0.000000 7.608350
13700 138 162.074249 0.000000 1000.000000 2.031060 161.790833 -1.747652 0.000000 0.000000 0.000000 7.162982
13800 139 171.617218 0.000000 1000.000000 0.781684 171.829849 -0.994310 0.000000 0.000000 0.000000 8.750797
13900 140 166.518280 0.000000 1000.000000 0.536166 165.982117 0.000000 0.000000 0.000000 0.000000 8.151152
14000 141 157.611267 0.000000 1000.000000 1.371675 151.642105 -3.364504 7.961990 0.000000 0.000000 7.382928
14100 142 164.236191 0.000000 1000.000000 1.370324 162.865860 0.000000 0.000000 0.000000 0.000000 6.861168
14200 143 171.605591 0.000000 1000.000000 1.562756 170.042831 0.000000 0.000000 0.000000 0.000000 6.763789
14300 144 169.847672 0.000000 1000.000000 0.828878 169.630417 -0.611616 0.000000 0.000000 0.000000 7.484010
14400 145 171.647079 0.000000 1000.000000 1.809385 169.837692 0.000000 0.000000 0.000000 0.000000 6.013832
14500 146 165.503952 0.000000 1000.000000 0.956704 171.352692 -1.294134 -5.511320 0.000000 0.000000 6.038071
14600 147 164.151505 0.000000 1000.000000 0.679158 164.661743 -1.189392 0.000000 0.000000 0.000000 8.023662
14700 148 175.966537 0.000000 1000.000000 0.791355 175.499496 -0.324304 0.000000 0.000000 0.000000 7.510447
14800 149 166.221863 0.000000 1000.000000 1.466402 164.755463 0.000000 0.000000 0.000000 0.000000 8.981503
14900 150 175.346695 0.000000 1000.000000 0.793782 174.552917 0.000000 0.000000 0.000000 0.000000 7.227108
15000 151 164.349686 0.000000 1000.000000 0.690311 164.280777 -0.621403 0.000000 0.000000 0.000000 7.036948
15100 152 166.537949 0.000000 1000.000000 0.657408 166.585938 -0.705392 0.000000 0.000000 0.000000 5.549608
15200 153 172.640213 0.000000 1000.000000 0.744657 164.777176 -1.563924 8.682300 0.000000 0.000000 8.850126
15300 154 171.279572 0.000000 1000.000000 0.474100 172.405182 -1.599711 0.000000 0.000000 0.000000 6.535297
15400 155 168.763687 0.000000 1000.000000 1.592253 167.171432 0.000000 0.000000 0.000000 0.000000 6.853267
15500 156 176.629684 0.000000 1000.000000 0.393032 176.236649 0.000000 0.000000 0.000000 0.000000 10.295839
15600 157 176.725754 0.000000 1000.000000 1.349005 175.805481 -0.428719 0.000000 0.000000 0.000000 6.461471
15700 158 159.193420 0.000000 1000.000000 0.587504 158.605911 0.000000 0.000000 0.000000 0.000000 6.779956
15800 159 170.126236 0.000000 1000.000000 0.254622 172.128220 -1.990215 -0.266381 0.000000 0.000000 6.946461
15900 160 185.159576 0.000000 1000.000000 2.175993 182.983582 0.000000 0.000000 0.000000 0.000000 6.660465
16000 161 279.813660 0.000000 1000.000000 3.157943 158.611160 -1.693624 119.738190 0.000000 0.000000 6.328229
16100 162 164.427612 0.000000 1000.000000 1.774238 167.149979 -1.434548 -3.062049 0.000000 0.000000 6.919822
16200 163 178.508057 0.000000 1000.000000 0.916550 177.591507 0.000000 0.000000 0.000000 0.000000 6.289281
16300 164 163.298553 0.000000 1000.000000 1.597344 161.701202 0.000000 0.000000 0.000000 0.000000 8.367958
16400 165 188.122696 0.000000 1000.000000 1.289204 188.163239 -1.329736 0.000000 0.000000 0.000000 6.519588
16500 166 169.051666 0.000000 1000.000000 3.470583 166.752090 -1.170999 0.000000 0.000000 0.000000 6.221107
16600 167 166.913010 0.000000 1000.000000 0.545742 167.893158 -1.525893 0.000000 0.000000 0.000000 6.182471
16700 168 161.588638 0.000000 1000.000000 0.646883 161.481186 -0.539429 0.000000 0.000000 0.000000 7.381903
16800 169 166.615158 0.000000 1000.000000 0.543287 159.184097 -2.144740 9.032521 0.000000 0.000000 6.530000
16900 170 165.996246 0.000000 1000.000000 1.089594 164.906647 0.000000 0.000000 0.000000 0.000000 6.841242
17000 171 165.103775 0.000000 1000.000000 0.423552 164.917877 -0.237661 0.000000 0.000000 0.000000 8.477728
17100 172 174.738968 0.000000 1000.000000 1.001292 178.608261 -1.585889 -3.284698 0.000000 0.000000 7.121224
17200 173 160.387497 0.000000 1000.000000 2.202548 159.312866 -1.127922 0.000000 0.000000 0.000000 9.630346
17300 174 172.485794 0.000000 1000.000000 0.667766 172.129883 -0.311857 0.000000 0.000000 0.000000 7.620529
17400 175 171.184311 0.000000 1000.000000 0.547696 170.636612 0.000000 0.000000 0.000000 0.000000 7.081807
17500 176 205.292236 0.000000 1000.000000 1.452650 166.701569 -1.465044 38.603062 0.000000 0.000000 8.597254
17600 177 176.422287 0.000000 1000.000000 1.682089 174.996582 -0.256381 0.000000 0.000000 0.000000 9.644405
17700 178 160.490509 0.000000 1000.000000 1.531696 160.610367 -1.651547 0.000000 0.000000 0.000000 7.956787
17800 179 162.897720 0.000000 1000.000000 0.512809 162.384918 0.000000 0.000000 0.000000 0.000000 8.096682
17900 180 192.172165 0.000000 1000.000000 0.828640 191.822113 -0.478598 0.000000 0.000000 0.000000 6.345514
18000 181 168.046036 0.000000 1000.000000 0.729260 169.577789 -0.867129 -1.393897 0.000000 0.000000 9.153215
18100 182 171.273544 0.000000 1000.000000 1.083868 177.384674 -1.260544 -5.934447 0.000000 0.000000 5.269126
18200 183 147.371719 0.000000 1000.000000 0.853822 147.103683 -0.585790 0.000000 0.000000 0.000000 6.602399
18300 184 173.466995 0.000000 1000.000000 2.282768 172.064514 -0.880296 0.000000 0.000000 0.000000 6.176242
18400 185 165.511078 0.000000 1000.000000 0.974670 171.279083 -1.958984 -4.783692 0.000000 0.000000 6.845083
18500 186 151.478973 0.000000 1000.000000 0.981862 151.296310 -0.799200 0.000000 0.000000 0.000000 5.148335
18600 187 154.736298 0.000000 1000.000000 0.739377 153.996918 0.000000 0.000000 0.000000 0.000000 5.838562
18700 188 183.261719 0.000000 1000.000000 3.127700 180.134018 0.000000 0.000000 0.000000 0.000000 5.855693
18800 189 167.042435 0.000000 1000.000000 0.909157 166.133270 0.000000 0.000000 0.000000 0.000000 6.937372
18900 190 171.569214 0.000000 1000.000000 0.430218 159.575958 -2.525954 14.088986 0.000000 0.000000 5.703400
19000 191 161.821884 0.000000 1000.000000 0.427169 161.515976 -0.121254 0.000000 0.000000 0.000000 6.688814
19100 192 185.912811 0.000000 1000.000000 1.042228 188.541779 -0.674835 -2.996346 0.000000 0.000000 6.966226
19200 193 153.498718 0.000000 1000.000000 0.393937 156.934341 -1.000945 -2.828613 0.000000 0.000000 5.781063
19300 194 173.025314 0.000000 1000.000000 0.887405 172.137909 0.000000 0.000000 0.000000 0.000000 7.258508
19400 195 160.573578 0.000000 1000.000000 1.891531 158.751251 -0.069197 0.000000 0.000000 0.000000 10.529446
19500 196 163.354034 0.000000 1000.000000 0.636871 164.486023 -1.768859 0.000000 0.000000 0.000000 8.742973
19600 197 166.010712 0.000000 1000.000000 0.893864 165.954742 -0.837892 0.000000 0.000000 0.000000 9.337851
19700 198 170.984497 0.000000 1000.000000 0.630966 170.353531 0.000000 0.000000 0.000000 0.000000 9.378004
19800 199 166.939697 0.000000 1000.000000 0.572375 166.367325 0.000000 0.000000 0.000000 0.000000 10.348799
19900 200 173.389359 0.000000 1000.000000 1.498486 171.890869 0.000000 0.000000 0.000000 0.000000 9.551490
20000 201 164.359070 0.000000 1000.000000 0.783661 163.575409 0.000000 0.000000 0.000000 0.000000 9.558112
20100 202 163.580536 0.000000 1000.000000 0.721022 163.641708 -0.782199 0.000000 0.000000 0.000000 5.839323
20200 203 172.223587 0.000000 1000.000000 0.979843 171.243744 0.000000 0.000000 0.000000 0.000000 6.836306
20300 204 160.703461 0.000000 1000.000000 1.307383 159.908966 -0.512887 0.000000 0.000000 0.000000 9.628090
20400 205 162.269669 0.000000 1000.000000 1.035806 161.233856 0.000000 0.000000 0.000000 0.000000 8.782794
20500 206 155.373871 0.000000 1000.000000 0.673217 156.232162 -1.531516 0.000000 0.000000 0.000000 7.001099
20600 207 146.698151 0.000000 1000.000000 0.806215 146.976929 -1.084984 0.000000 0.000000 0.000000 5.621707
20700 208 178.146591 0.000000 1000.000000 0.849267 178.345016 -1.047699 0.000000 0.000000 0.000000 6.664133
20800 209 152.048370 0.000000 1000.000000 1.898848 151.174454 -1.024934 0.000000 0.000000 0.000000 7.815208
20900 210 139.764618 0.000000 1000.000000 0.971056 139.836441 -1.042881 0.000000 0.000000 0.000000 8.393194
21000 211 160.298096 0.000000 1000.000000 0.974215 160.003708 -0.679826 0.000000 0.000000 0.000000 8.403786
21100 212 160.631790 0.000000 1000.000000 0.556750 160.075043 0.000000 0.000000 0.000000 0.000000 6.856497
21200 213 149.229675 0.000000 1000.000000 1.081223 153.254547 -1.754717 -3.351372 0.000000 0.000000 8.061060
21300 214 159.256912 0.000000 1000.000000 0.679983 158.576935 0.000000 0.000000 0.000000 0.000000 7.029394
21400 215 166.630432 0.000000 1000.000000 0.379323 166.251114 0.000000 0.000000 0.000000 0.000000 6.940516
21500 216 157.453690 0.000000 1000.000000 0.439477 160.694061 -0.551715 -3.128146 0.000000 0.000000 7.467514
21600 217 171.497284 0.000000 1000.000000 1.578287 171.097122 -1.178124 0.000000 0.000000 0.000000 6.453295
21700 218 162.586380 0.000000 1000.000000 1.629571 161.547958 -0.591154 0.000000 0.000000 0.000000 6.895222
21800 219 157.307449 0.000000 1000.000000 1.576503 155.730942 0.000000 0.000000 0.000000 0.000000 7.364305
21900 220 160.026947 0.000000 1000.000000 0.264819 160.498627 -0.736493 0.000000 0.000000 0.000000 8.339500
22000 221 168.577393 0.000000 1000.000000 1.302743 167.373642 -0.098997 0.000000 0.000000 0.000000 7.127929
22100 222 148.018677 0.000000 1000.000000 0.966398 147.664474 -0.612194 0.000000 0.000000 0.000000 9.244628
22200 223 148.523834 0.000000 1000.000000 0.594180 148.361496 -0.431838 0.000000 0.000000 0.000000 8.001183
22300 224 147.550995 0.000000 1000.000000 1.036680 147.368332 -0.854013 0.000000 0.000000 0.000000 6.662182
22400 225 150.225571 0.000000 1000.000000 0.258584 150.419144 -0.452160 0.000000 0.000000 0.000000 9.677149
22500 226 153.473145 0.000000 1000.000000 0.216432 153.256714 0.000000 0.000000 0.000000 0.000000 9.069319
22600 227 149.782349 0.000000 1000.000000 0.168211 150.018265 -0.404128 0.000000 0.000000 0.000000 9.880716
22700 228 159.954285 0.000000 1000.000000 0.555142 159.399139 0.000000 0.000000 0.000000 0.000000 11.144323
22800 229 164.160522 0.000000 1000.000000 0.327033 163.833496 0.000000 0.000000 0.000000 0.000000 10.763994
22900 230 166.403763 0.000000 1000.000000 0.245813 166.740082 -0.582140 0.000000 0.000000 0.000000 7.040954
23000 231 156.726654 0.000000 1000.000000 1.705773 155.720444 -0.699565 0.000000 0.000000 0.000000 7.117679
23100 232 169.194550 0.000000 1000.000000 1.719474 168.776199 -1.301111 0.000000 0.000000 0.000000 9.759194
23200 233 173.220413 0.000000 1000.000000 1.215147 172.742508 -0.737240 0.000000 0.000000 0.000000 10.077747
23300 234 155.889862 0.000000 1000.000000 1.001633 154.888229 0.000000 0.000000 0.000000 0.000000 7.320557
23400 235 149.095795 0.000000 1000.000000 1.844448 149.340973 -2.089635 0.000000 0.000000 0.000000 7.573668
23500 236 174.595688 0.000000 1000.000000 0.707878 174.484741 -0.596918 0.000000 0.000000 0.000000 6.656295
23600 237 171.808044 0.000000 1000.000000 0.311886 172.313477 -0.817323 0.000000 0.000000 0.000000 7.434628
23700 238 159.809525 0.000000 1000.000000 1.598982 158.899384 -0.688846 0.000000 0.000000 0.000000 7.573557
23800 239 168.726624 0.000000 1000.000000 0.516318 168.352859 -0.142551 0.000000 0.000000 0.000000 6.264372
23900 240 156.080444 0.000000 1000.000000 0.490176 155.590271 0.000000 0.000000 0.000000 0.000000 4.941791
24000 241 173.824982 0.000000 1000.000000 0.185344 173.808044 -0.168415 0.000000 0.000000 0.000000 7.140848
24100 242 161.423630 0.000000 1000.000000 1.508339 161.221603 -1.306326 0.000000 0.000000 0.000000 8.238434
24200 243 174.413605 0.000000 1000.000000 0.866310 173.547302 0.000000 0.000000 0.000000 0.000000 6.511143
24300 244 165.353653 0.000000 1000.000000 0.314176 166.354172 -1.314695 0.000000 0.000000 0.000000 5.712996
24400 245 167.250137 0.000000 1000.000000 0.904438 166.571503 -0.225803 0.000000 0.000000 0.000000 6.950984
24500 246 168.599976 0.000000 1000.000000 0.628775 167.971207 0.000000 0.000000 0.000000 0.000000 5.586510
24600 247 168.841675 0.000000 1000.000000 1.478297 168.835968 -1.472592 0.000000 0.000000 0.000000 5.025722
24700 248 164.641006 0.000000 1000.000000 0.816298 163.883484 -0.058776 0.000000 0.000000 0.000000 5.813951
24800 249 164.755707 0.000000 1000.000000 2.072428 162.989532 -0.306257 0.000000 0.000000 0.000000 6.182208
24900 250 161.881958 0.000000 1000.000000 1.076329 160.907913 -0.102273 0.000000 0.000000 0.000000 10.199497
25000 251 167.243118 0.000000 1000.000000 1.289788 165.953323 0.000000 0.000000 0.000000 0.000000 4.934990
25100 252 144.780106 0.000000 1000.000000 0.676906 146.064468 -1.961280 0.000000 0.000000 0.000000 5.235354
25200 253 170.772018 0.000000 1000.000000 1.029244 169.742767 0.000000 0.000000 0.000000 0.000000 4.775222
25300 254 167.403503 0.000000 1000.000000 0.435480 166.968018 0.000000 0.000000 0.000000 0.000000 4.330728
25400 255 142.762054 0.000000 1000.000000 0.636568 144.491562 -2.366069 0.000000 0.000000 0.000000 5.428564
25500 256 152.368042 0.000000 1000.000000 2.281489 150.086548 0.000000 0.000000 0.000000 0.000000 9.459890
25600 257 160.825470 0.000000 1000.000000 1.825183 159.000290 0.000000 0.000000 0.000000 0.000000 7.837591
25700 258 158.838379 0.000000 1000.000000 1.374257 159.097305 -1.633175 0.000000 0.000000 0.000000 5.735205
25800 259 150.747574 0.000000 1000.000000 0.351956 150.850693 -0.455071 0.000000 0.000000 0.000000 9.043608
25900 260 159.309143 0.000000 1000.000000 1.124963 158.284775 -0.100604 0.000000 0.000000 0.000000 7.924965
26000 261 150.837753 0.000000 1000.000000 2.503756 148.662079 -0.328076 0.000000 0.000000 0.000000 10.639860
26100 262 169.458954 0.000000 1000.000000 1.424602 168.034348 0.000000 0.000000 0.000000 0.000000 9.185796
26200 263 160.044800 0.000000 1000.000000 0.202263 161.007156 -1.164630 0.000000 0.000000 0.000000 7.568743
26300 264 176.815979 0.000000 1000.000000 2.090817 174.828415 -0.103253 0.000000 0.000000 0.000000 10.215224
26400 265 153.813828 0.000000 1000.000000 0.844280 159.646759 -2.308477 -4.368748 0.000000 0.000000 5.159457
26500 266 162.013062 0.000000 1000.000000 1.047686 166.000137 -0.936005 -4.098755 0.000000 0.000000 7.186502
26600 267 164.728790 0.000000 1000.000000 1.145968 168.943619 -0.595136 -4.765654 0.000000 0.000000 6.823203
26700 268 151.808807 0.000000 1000.000000 0.993753 150.919601 -0.104559 0.000000 0.000000 0.000000 5.246228
26800 269 152.834442 0.000000 1000.000000 0.634142 154.412460 -2.212151 0.000000 0.000000 0.000000 5.511701
26900 270 162.987228 0.000000 1000.000000 1.228675 161.866394 -0.107839 0.000000 0.000000 0.000000 4.485938
27000 271 139.335403 0.000000 1000.000000 0.386505 139.641663 -0.692758 0.000000 0.000000 0.000000 6.903585
27100 272 143.023392 0.000000 1000.000000 1.900574 141.122818 0.000000 0.000000 0.000000 0.000000 7.229182
27200 273 155.580399 0.000000 1000.000000 0.618203 156.578186 -1.615998 0.000000 0.000000 0.000000 5.460676
27300 274 156.859222 0.000000 1000.000000 0.877053 158.078735 -2.096569 0.000000 0.000000 0.000000 4.400862
27400 275 143.612289 0.000000 1000.000000 0.520148 143.092148 0.000000 0.000000 0.000000 0.000000 6.922239
27500 276 159.189117 0.000000 1000.000000 0.857388 159.611526 -1.279808 0.000000 0.000000 0.000000 4.831162
27600 277 160.602051 0.000000 1000.000000 0.545377 161.829010 -1.772341 0.000000 0.000000 0.000000 5.875177
27700 278 172.733154 0.000000 1000.000000 0.276023 172.754410 -0.297265 0.000000 0.000000 0.000000 6.092937
27800 279 164.103104 0.000000 1000.000000 1.757075 162.346024 0.000000 0.000000 0.000000 0.000000 7.441636
27900 280 179.915573 0.000000 1000.000000 0.514446 179.401123 0.000000 0.000000 0.000000 0.000000 6.964067
28000 281 171.674210 0.000000 1000.000000 0.986460 170.687744 0.000000 0.000000 0.000000 0.000000 5.046752
28100 282 185.895721 0.000000 1000.000000 0.361874 185.533844 0.000000 0.000000 0.000000 0.000000 5.979052
28200 283 153.492783 0.000000 1000.000000 2.078197 151.796463 -0.381882 0.000000 0.000000 0.000000 5.398174
28300 284 162.766510 0.000000 1000.000000 0.761672 162.895401 -0.890567 0.000000 0.000000 0.000000 4.785757
28400 285 148.903839 0.000000 1000.000000 1.474275 154.563293 -1.356685 -5.777033 0.000000 0.000000 7.347044
28500 286 156.517059 0.000000 1000.000000 1.078126 155.438934 0.000000 0.000000 0.000000 0.000000 5.922895
28600 287 169.143326 0.000000 1000.000000 1.458084 167.685242 0.000000 0.000000 0.000000 0.000000 7.290286
28700 288 168.798004 0.000000 1000.000000 1.071563 167.726440 0.000000 0.000000 0.000000 0.000000 6.481869
28800 289 150.493454 0.000000 1000.000000 0.520218 151.192139 -1.218907 0.000000 0.000000 0.000000 8.369639
28900 290 180.073502 0.000000 1000.000000 2.758756 177.453217 -0.138476 0.000000 0.000000 0.000000 6.050892
29000 291 171.019562 0.000000 1000.000000 1.339952 170.086655 -0.407039 0.000000 0.000000 0.000000 5.724859
29100 292 162.974930 0.000000 1000.000000 0.648613 164.119949 -1.793618 0.000000 0.000000 0.000000 5.309334
29200 293 156.293533 0.000000 1000.000000 0.505710 155.896835 -0.109004 0.000000 0.000000 0.000000 5.021562
29300 294 164.429367 0.000000 1000.000000 0.371168 166.612701 -2.554497 0.000000 0.000000 0.000000 4.683877
29400 295 170.923676 0.000000 1000.000000 3.732150 173.270325 -1.637321 -4.441471 0.000000 0.000000 3.705538
29500 296 163.583649 0.000000 1000.000000 1.101216 164.212921 -1.730477 0.000000 0.000000 0.000000 4.794948
29600 297 155.662781 0.000000 1000.000000 2.372470 155.644348 -2.354034 0.000000 0.000000 0.000000 4.944231
29700 298 153.530167 0.000000 1000.000000 1.448392 153.304657 -1.222889 0.000000 0.000000 0.000000 8.052912
29800 299 157.234467 0.000000 1000.000000 0.483262 156.831482 -0.080277 0.000000 0.000000 0.000000 6.091936
29900 300 155.732025 0.000000 1000.000000 1.048369 155.030792 -0.347133 0.000000 0.000000 0.000000 7.871222
30000 301 157.401093 0.000000 1000.000000 0.211316 157.402451 -0.212673 0.000000 0.000000 0.000000 6.202321
30100 302 155.734299 0.000000 1000.000000 0.730179 155.004120 0.000000 0.000000 0.000000 0.000000 5.328329
30200 303 160.024460 0.000000 1000.000000 1.876000 158.678833 -0.530383 0.000000 0.000000 0.000000 5.271096
30300 304 143.546371 0.000000 1000.000000 1.462013 142.158279 -0.073910 0.000000 0.000000 0.000000 6.222326
30400 305 160.117905 0.000000 1000.000000 1.948677 158.169220 0.000000 0.000000 0.000000 0.000000 7.122495
30500 306 152.781204 0.000000 1000.000000 0.715200 152.250931 -0.184926 0.000000 0.000000 0.000000 4.705348
30600 307 156.401230 0.000000 1000.000000 0.787149 155.614075 0.000000 0.000000 0.000000 0.000000 6.914351
30700 308 150.466370 0.000000 1000.000000 0.489407 150.219208 -0.242256 0.000000 0.000000 0.000000 7.047851
30800 309 162.651810 0.000000 1000.000000 0.792022 162.471924 -0.612136 0.000000 0.000000 0.000000 5.894349
30900 310 150.012589 0.000000 1000.000000 0.953093 149.059494 0.000000 0.000000 0.000000 0.000000 5.040800
31000 311 165.728043 0.000000 1000.000000 0.627478 165.100571 0.000000 0.000000 0.000000 0.000000 7.582407
31100 312 251.677429 0.000000 1000.000000 1.176260 171.780243 -0.978018 79.698944 0.000000 0.000000 7.739043
31200 313 144.359207 0.000000 1000.000000 1.728657 143.030930 -0.400379 0.000000 0.000000 0.000000 6.035038
31300 314 159.733917 0.000000 1000.000000 1.080528 158.653397 0.000000 0.000000 0.000000 0.000000 5.752980
31400 315 169.984711 0.000000 1000.000000 0.329704 169.655014 0.000000 0.000000 0.000000 0.000000 6.088022
31500 316 161.485336 0.000000 1000.000000 1.604649 160.645355 -0.764659 0.000000 0.000000 0.000000 6.260653
31600 317 142.768311 0.000000 1000.000000 2.731495 140.170135 -0.133315 0.000000 0.000000 0.000000 5.636392
31700 318 150.283279 0.000000 1000.000000 0.308820 150.601334 -0.626879 0.000000 0.000000 0.000000 7.919594
31800 319 155.016998 0.000000 1000.000000 0.268914 154.863007 -0.114926 0.000000 0.000000 0.000000 7.743025
31900 320 160.183151 0.000000 1000.000000 0.463910 160.216507 -0.497262 0.000000 0.000000 0.000000 10.748545
32000 321 159.326645 0.000000 1000.000000 0.083181 159.681778 -0.438313 0.000000 0.000000 0.000000 7.422511
32100 322 161.973419 0.000000 1000.000000 0.885021 161.678268 -0.589878 0.000000 0.000000 0.000000 6.587145
32200 323 166.227509 0.000000 1000.000000 1.385739 164.907883 -0.066119 0.000000 0.000000 0.000000 6.169592
32300 324 186.817307 0.000000 1000.000000 2.238090 185.465195 -0.885965 0.000000 0.000000 0.000000 4.824170
32400 325 179.809158 0.000000 1000.000000 0.668338 179.140823 0.000000 0.000000 0.000000 0.000000 6.467157
32500 326 166.295029 0.000000 1000.000000 1.087443 165.345291 -0.137705 0.000000 0.000000 0.000000 6.330233
32600 327 180.827744 0.000000 1000.000000 1.583187 179.244553 0.000000 0.000000 0.000000 0.000000 6.869458
32700 328 158.192825 0.000000 1000.000000 0.545309 157.829819 -0.182291 0.000000 0.000000 0.000000 8.461304
32800 329 158.780075 0.000000 1000.000000 1.177464 157.602615 0.000000 0.000000 0.000000 0.000000 8.686290
32900 330 164.381210 0.000000 1000.000000 0.592950 164.921524 -1.133277 0.000000 0.000000 0.000000 8.971640
33000 331 174.031097 0.000000 1000.000000 1.397698 173.495377 -0.861990 0.000000 0.000000 0.000000 6.145478
33100 332 162.512711 0.000000 1000.000000 0.528743 163.165710 -1.181755 0.000000 0.000000 0.000000 6.869004
33200 333 168.012207 0.000000 1000.000000 1.501537 167.721573 -1.210914 0.000000 0.000000 0.000000 5.935954
33300 334 161.473709 0.000000 1000.000000 0.345529 161.128174 0.000000 0.000000 0.000000 0.000000 6.469632
33400 335 158.523758 0.000000 1000.000000 0.450455 158.073303 0.000000 0.000000 0.000000 0.000000 5.478626
33500 336 155.725784 0.000000 1000.000000 0.802875 156.322739 -1.399832 0.000000 0.000000 0.000000 5.446459
33600 337 169.488708 0.000000 1000.000000 0.649270 169.399414 -0.559979 0.000000 0.000000 0.000000 7.401525
33700 338 162.340866 0.000000 1000.000000 1.072144 162.388641 -1.119915 0.000000 0.000000 0.000000 5.396375
33800 339 148.459610 0.000000 1000.000000 1.508186 147.763550 -0.812117 0.000000 0.000000 0.000000 4.544917
33900 340 145.330887 0.000000 1000.000000 0.723999 145.061523 -0.454635 0.000000 0.000000 0.000000 6.299845
34000 341 167.885651 0.000000 1000.000000 2.180992 166.757385 -1.052722 0.000000 0.000000 0.000000 8.750343
34100 342 150.513336 0.000000 1000.000000 1.643694 149.151794 -0.282158 0.000000 0.000000 0.000000 6.313836
34200 343 164.591934 0.000000 1000.000000 0.476367 165.979126 -1.863562 0.000000 0.000000 0.000000 5.693947
34300 344 153.118668 0.000000 1000.000000 0.764774 152.353897 0.000000 0.000000 0.000000 0.000000 5.898566
34400 345 164.305466 0.000000 1000.000000 1.530819 162.774643 0.000000 0.000000 0.000000 0.000000 6.915092
34500 346 178.145142 0.000000 1000.000000 1.158800 176.986343 0.000000 0.000000 0.000000 0.000000 5.981302
34600 347 171.521240 0.000000 1000.000000 0.878531 170.642715 0.000000 0.000000 0.000000 0.000000 4.875339
34700 348 173.786499 0.000000 1000.000000 1.948964 172.620224 -0.782684 0.000000 0.000000 0.000000 6.326466
34800 349 138.502365 0.000000 1000.000000 2.729851 137.071091 -1.298574 0.000000 0.000000 0.000000 5.143493
34900 350 169.354691 0.000000 1000.000000 0.556234 168.786118 -0.584891 0.597232 0.000000 0.000000 7.616756
35000 351 158.053772 0.000000 1000.000000 0.983483 157.958282 -0.888006 0.000000 0.000000 0.000000 6.907019
35100 352 161.851837 0.000000 1000.000000 1.262039 161.512817 -0.923013 0.000000 0.000000 0.000000 7.689610
35200 353 153.898361 0.000000 1000.000000 0.987087 153.681763 -0.770490 0.000000 0.000000 0.000000 8.396414
35300 354 152.392853 0.000000 1000.000000 0.989240 151.999405 -0.595796 0.000000 0.000000 0.000000 6.468852
35400 355 152.405457 0.000000 1000.000000 0.619820 153.385666 -1.600043 0.000000 0.000000 0.000000 7.155191
35500 356 151.901566 0.000000 1000.000000 1.451180 150.450378 0.000000 0.000000 0.000000 0.000000 5.612241
35600 357 167.812851 0.000000 1000.000000 2.638461 165.174393 0.000000 0.000000 0.000000 0.000000 7.274471
35700 358 151.042404 0.000000 1000.000000 1.818152 150.038208 -0.813955 0.000000 0.000000 0.000000 6.809025
35800 359 159.215179 0.000000 1000.000000 0.402495 158.812683 0.000000 0.000000 0.000000 0.000000 7.336279
35900 360 164.853180 0.000000 1000.000000 1.498572 164.035233 -0.680614 0.000000 0.000000 0.000000 7.539366
36000 361 174.734436 0.000000 1000.000000 0.419514 175.287003 -0.972080 0.000000 0.000000 0.000000 6.713586
36100 362 177.583389 0.000000 1000.000000 2.582969 176.247437 -1.247014 0.000000 0.000000 0.000000 11.832619
36200 363 149.834290 0.000000 1000.000000 1.397793 149.006866 -0.570369 0.000000 0.000000 0.000000 6.460539
36300 364 163.766785 0.000000 1000.000000 1.036372 163.523438 -0.793034 0.000000 0.000000 0.000000 8.242448
36400 365 150.593414 0.000000 1000.000000 1.604035 149.037979 -0.048596 0.000000 0.000000 0.000000 6.233242
36500 366 158.442795 0.000000 1000.000000 3.219337 155.223465 0.000000 0.000000 0.000000 0.000000 7.318787
36600 367 151.079803 0.000000 1000.000000 0.376895 150.702911 0.000000 0.000000 0.000000 0.000000 8.014513
36700 368 168.373093 0.000000 1000.000000 0.810835 167.562256 0.000000 0.000000 0.000000 0.000000 7.299199
36800 369 161.323639 0.000000 1000.000000 1.691397 159.632248 0.000000 0.000000 0.000000 0.000000 5.733261
36900 370 157.876068 0.000000 1000.000000 1.134073 157.584549 -0.842566 0.000000 0.000000 0.000000 6.665282
37000 371 165.017426 0.000000 1000.000000 4.815062 161.485764 -1.283407 0.000000 0.000000 0.000000 5.265228
37100 372 160.008118 0.000000 1000.000000 1.420049 158.588074 0.000000 0.000000 0.000000 0.000000 5.691553
37200 373 147.885208 0.000000 1000.000000 0.542570 148.538528 -1.195891 0.000000 0.000000 0.000000 5.398168
37300 374 162.417084 0.000000 1000.000000 0.563770 163.452499 -1.599178 0.000000 0.000000 0.000000 4.827259
37400 375 163.489410 0.000000 1000.000000 2.463187 162.404587 -1.378364 0.000000 0.000000 0.000000 6.071953
37500 376 160.148163 0.000000 1000.000000 1.149994 159.921661 -0.923495 0.000000 0.000000 0.000000 6.600798
37600 377 140.692352 0.000000 1000.000000 1.906241 139.980270 -1.194147 0.000000 0.000000 0.000000 6.531582
37700 378 174.586075 0.000000 1000.000000 1.377915 173.208160 0.000000 0.000000 0.000000 0.000000 4.166529
37800 379 179.800995 0.000000 1000.000000 1.839932 156.023514 -1.529260 23.466805 0.000000 0.000000 5.315610
37900 380 152.299377 0.000000 1000.000000 1.171327 151.493546 -0.365488 0.000000 0.000000 0.000000 7.163620
38000 381 152.861267 0.000000 1000.000000 2.022445 152.253647 -1.414819 0.000000 0.000000 0.000000 5.789698
38100 382 167.119812 0.000000 1000.000000 0.797478 167.719315 -1.396988 0.000000 0.000000 0.000000 5.033907
38200 383 173.222504 0.000000 1000.000000 1.498657 172.075089 -0.351237 0.000000 0.000000 0.000000 6.421463
38300 384 155.973969 0.000000 1000.000000 0.677076 156.299500 -1.002608 0.000000 0.000000 0.000000 5.592525
38400 385 167.201691 0.000000 1000.000000 1.573440 166.827744 -1.199487 0.000000 0.000000 0.000000 6.210537
38500 386 162.309204 0.000000 1000.000000 2.748543 159.560654 0.000000 0.000000 0.000000 0.000000 6.594429
38600 387 164.547028 0.000000 1000.000000 0.783404 163.864471 -0.100839 0.000000 0.000000 0.000000 6.796854
38700 388 152.025421 0.000000 1000.000000 2.396496 149.628922 0.000000 0.000000 0.000000 0.000000 6.239699
38800 389 142.662186 0.000000 1000.000000 0.272296 142.389893 0.000000 0.000000 0.000000 0.000000 5.440829
38900 390 151.860840 0.000000 1000.000000 1.005791 151.048935 -0.193899 0.000000 0.000000 0.000000 6.567291
39000 391 159.856186 0.000000 1000.000000 2.393391 158.581161 -1.118367 0.000000 0.000000 0.000000 6.117246
39100 392 147.138046 0.000000 1000.000000 0.944054 146.333298 -0.139317 0.000000 0.000000 0.000000 7.212612
39200 393 161.129623 0.000000 1000.000000 0.261599 160.868027 0.000000 0.000000 0.000000 0.000000 7.265539
39300 394 140.845123 0.000000 1000.000000 0.761086 140.084030 0.000000 0.000000 0.000000 0.000000 5.391660
39400 395 142.514816 0.000000 1000.000000 1.733065 140.887802 -0.106043 0.000000 0.000000 0.000000 5.550375
39500 396 147.537979 0.000000 1000.000000 1.218364 146.927872 -0.608268 0.000000 0.000000 0.000000 5.858853
39600 397 159.082397 0.000000 1000.000000 1.012066 158.642944 -0.572621 0.000000 0.000000 0.000000 6.290359
39700 398 139.582977 0.000000 1000.000000 0.134800 139.448181 0.000000 0.000000 0.000000 0.000000 5.865467
39800 399 141.283615 0.000000 1000.000000 1.073927 140.570251 -0.360570 0.000000 0.000000 0.000000 7.469131
39900 400 167.642548 0.000000 1000.000000 1.287596 148.799042 -1.952279 19.508192 0.000000 0.000000 6.286599
40000 401 152.930664 0.000000 1000.000000 3.502965 149.498093 -0.070383 0.000000 0.000000 0.000000 5.412527
40100 402 170.681931 0.000000 1000.000000 1.280338 149.567764 -2.031525 21.865353 0.000000 0.000000 5.484560
40200 403 156.240082 0.000000 1000.000000 0.547031 156.760544 -1.067490 0.000000 0.000000 0.000000 5.335407
40300 404 158.506912 0.000000 1000.000000 0.564122 157.942795 0.000000 0.000000 0.000000 0.000000 5.145017
40400 405 145.949722 0.000000 1000.000000 0.688263 145.606506 -0.345053 0.000000 0.000000 0.000000 6.821861
40500 406 139.925980 0.000000 1000.000000 3.144454 138.153366 -1.371846 0.000000 0.000000 0.000000 6.092994
40600 407 146.072037 0.000000 1000.000000 1.262441 145.675720 -0.866112 0.000000 0.000000 0.000000 4.994087
40700 408 188.886307 0.000000 1000.000000 0.822537 152.378494 -1.909387 37.594662 0.000000 0.000000 5.194434
40800 409 160.677338 0.000000 1000.000000 0.722895 161.660156 -1.705721 0.000000 0.000000 0.000000 5.143468
40900 410 147.655396 0.000000 1000.000000 1.312082 147.115707 -0.772399 0.000000 0.000000 0.000000 5.697191
41000 411 151.985321 0.000000 1000.000000 3.042978 149.027588 -0.085255 0.000000 0.000000 0.000000 7.406638
41100 412 150.316406 0.000000 1000.000000 1.435452 156.459152 -1.564467 -6.013731 0.000000 0.000000 5.092513
41200 413 149.512985 0.000000 1000.000000 1.758532 147.754456 0.000000 0.000000 0.000000 0.000000 6.813810
41300 414 156.798996 0.000000 1000.000000 1.403828 155.929626 -0.534461 0.000000 0.000000 0.000000 5.863294
41400 415 147.956406 0.000000 1000.000000 1.694279 146.542679 -0.280551 0.000000 0.000000 0.000000 8.694889
41500 416 160.191605 0.000000 1000.000000 0.708895 159.623444 -0.140725 0.000000 0.000000 0.000000 5.781880
41600 417 139.695251 0.000000 1000.000000 1.006290 138.688965 0.000000 0.000000 0.000000 0.000000 7.355135
41700 418 135.465088 0.000000 1000.000000 1.015284 134.449799 0.000000 0.000000 0.000000 0.000000 6.120373
41800 419 145.065262 0.000000 1000.000000 0.464022 144.788071 -1.811509 1.624678 0.000000 0.000000 7.797251
41900 420 155.621353 0.000000 1000.000000 1.665931 155.000473 -1.045047 0.000000 0.000000 0.000000 6.895260
42000 421 153.232727 0.000000 1000.000000 1.399364 151.833359 0.000000 0.000000 0.000000 0.000000 7.355178
42100 422 162.305954 0.000000 1000.000000 0.269849 162.781448 -0.745344 0.000000 0.000000 0.000000 7.163165
42200 423 151.707382 0.000000 1000.000000 0.240945 151.466431 0.000000 0.000000 0.000000 0.000000 5.857014
42300 424 162.736664 0.000000 1000.000000 1.970674 161.555145 -0.789159 0.000000 0.000000 0.000000 6.290899
42400 425 152.559128 0.000000 1000.000000 1.769960 150.924698 -0.135536 0.000000 0.000000 0.000000 7.078232
42500 426 153.081940 0.000000 1000.000000 1.579510 153.075287 -1.572856 0.000000 0.000000 0.000000 5.554838
42600 427 140.582825 0.000000 1000.000000 0.367963 140.442291 -0.227437 0.000000 0.000000 0.000000 5.907424
42700 428 166.717773 0.000000 1000.000000 1.672141 165.045639 0.000000 0.000000 0.000000 0.000000 6.207911
42800 429 162.832993 0.000000 1000.000000 0.767459 162.065536 0.000000 0.000000 0.000000 0.000000 6.093853
42900 430 159.951523 0.000000 1000.000000 1.348866 158.602661 0.000000 0.000000 0.000000 0.000000 5.813632
43000 431 150.045044 0.000000 1000.000000 1.492654 148.593002 -0.040615 0.000000 0.000000 0.000000 5.313682
43100 432 153.913742 0.000000 1000.000000 1.800274 152.157898 -0.044438 0.000000 0.000000 0.000000 8.848269
43200 433 156.948318 0.000000 1000.000000 0.866270 156.082047 0.000000 0.000000 0.000000 0.000000 6.072355
43300 434 145.032135 0.000000 1000.000000 2.083349 142.948792 0.000000 0.000000 0.000000 0.000000 4.665197
43400 435 172.429306 0.000000 1000.000000 1.738064 170.691238 0.000000 0.000000 0.000000 0.000000 7.988590
43500 436 152.939850 0.000000 1000.000000 2.965684 150.004639 -0.030472 0.000000 0.000000 0.000000 7.977280
43600 437 162.122330 0.000000 1000.000000 1.203118 162.176804 -1.257605 0.000000 0.000000 0.000000 5.417462
43700 438 160.551834 0.000000 1000.000000 1.139796 159.451965 -0.039932 0.000000 0.000000 0.000000 6.837696
43800 439 143.869965 0.000000 1000.000000 0.400072 143.990829 -0.520936 0.000000 0.000000 0.000000 5.869679
43900 440 149.261734 0.000000 1000.000000 1.839016 147.422714 0.000000 0.000000 0.000000 0.000000 7.349138
44000 441 148.163391 0.000000 1000.000000 0.767701 147.395691 0.000000 0.000000 0.000000 0.000000 7.188074
44100 442 146.258728 0.000000 1000.000000 1.145434 145.736252 -0.622959 0.000000 0.000000 0.000000 7.758789
44200 443 137.480789 0.000000 1000.000000 1.931141 135.549652 0.000000 0.000000 0.000000 0.000000 6.445288
44300 444 166.833893 0.000000 1000.000000 2.259262 137.275848 -0.788081 28.086874 0.000000 0.000000 5.993773
44400 445 141.234512 0.000000 1000.000000 1.268530 141.184906 -1.218914 0.000000 0.000000 0.000000 6.076575
44500 446 139.270935 0.000000 1000.000000 2.128838 137.178101 -0.036007 0.000000 0.000000 0.000000 5.506251
44600 447 157.438034 0.000000 1000.000000 1.068851 156.369186 0.000000 0.000000 0.000000 0.000000 6.127889
44700 448 154.149994 0.000000 1000.000000 0.785006 153.811401 -0.446409 0.000000 0.000000 0.000000 6.750706
44800 449 145.227158 0.000000 1000.000000 1.249936 143.977219 0.000000 0.000000 0.000000 0.000000 6.781829
44900 450 138.834518 0.000000 1000.000000 2.288885 138.350632 -1.804999 0.000000 0.000000 0.000000 5.210647
45000 451 143.559952 0.000000 1000.000000 0.655716 143.893417 -2.165260 1.176072 0.000000 0.000000 4.628624
45100 452 150.856903 0.000000 1000.000000 0.776237 150.080673 0.000000 0.000000 0.000000 0.000000 7.023565
45200 453 145.948746 0.000000 1000.000000 1.597499 144.351242 0.000000 0.000000 0.000000 0.000000 5.293138
45300 454 140.443085 0.000000 1000.000000 0.587626 143.214798 -1.791562 -1.567780 0.000000 0.000000 7.619444
45400 455 144.526276 0.000000 1000.000000 0.972196 148.422760 -1.416139 -3.452548 0.000000 0.000000 4.236758
45500 456 141.497269 0.000000 1000.000000 0.479180 141.018082 0.000000 0.000000 0.000000 0.000000 7.177976
45600 457 167.951767 0.000000 1000.000000 1.862860 166.601852 -0.512940 0.000000 0.000000 0.000000 5.529411
45700 458 140.036057 0.000000 1000.000000 1.972886 138.097839 -0.034662 0.000000 0.000000 0.000000 6.348618
45800 459 144.895416 0.000000 1000.000000 1.929719 142.965698 0.000000 0.000000 0.000000 0.000000 6.302818
45900 460 152.217575 0.000000 1000.000000 0.647810 152.323654 -0.753886 0.000000 0.000000 0.000000 5.268833
46000 461 156.035217 0.000000 1000.000000 1.127578 154.907639 0.000000 0.000000 0.000000 0.000000 8.660965
46100 462 145.028000 0.000000 1000.000000 2.295657 143.762589 -1.030239 0.000000 0.000000 0.000000 6.324881
46200 463 138.336548 0.000000 1000.000000 2.932773 135.403778 0.000000 0.000000 0.000000 0.000000 9.869824
46300 464 141.169403 0.000000 1000.000000 2.010308 139.159088 0.000000 0.000000 0.000000 0.000000 6.907092
46400 465 161.152222 0.000000 1000.000000 2.567752 159.254745 -0.670273 0.000000 0.000000 0.000000 7.447220
46500 466 158.607407 0.000000 1000.000000 1.007086 157.600327 0.000000 0.000000 0.000000 0.000000 7.866062
46600 467 155.019165 0.000000 1000.000000 1.387551 153.631607 0.000000 0.000000 0.000000 0.000000 6.305689
46700 468 151.241592 0.000000 1000.000000 0.815305 150.978958 -0.552679 0.000000 0.000000 0.000000 5.673140
46800 469 170.023926 0.000000 1000.000000 2.220751 167.803177 0.000000 0.000000 0.000000 0.000000 8.712126
46900 470 138.586853 0.000000 1000.000000 1.620605 136.966248 0.000000 0.000000 0.000000 0.000000 5.596455
47000 471 158.642426 0.000000 1000.000000 1.050215 157.592209 0.000000 0.000000 0.000000 0.000000 5.117264
47100 472 145.607269 0.000000 1000.000000 0.882196 145.362991 -0.637920 0.000000 0.000000 0.000000 6.084430
47200 473 140.744263 0.000000 1000.000000 0.514898 140.229370 0.000000 0.000000 0.000000 0.000000 5.649769
47300 474 139.807571 0.000000 1000.000000 1.616240 140.751892 -0.959229 -1.601326 0.000000 0.000000 7.424836
47400 475 147.831085 0.000000 1000.000000 1.075583 146.755508 0.000000 0.000000 0.000000 0.000000 8.508410
47500 476 148.851135 0.000000 1000.000000 1.755083 147.096054 0.000000 0.000000 0.000000 0.000000 6.729650
47600 477 152.733261 0.000000 1000.000000 0.626640 152.106628 0.000000 0.000000 0.000000 0.000000 7.455567
47700 478 163.076843 0.000000 1000.000000 1.173074 161.903763 0.000000 0.000000 0.000000 0.000000 7.769357
47800 479 147.860764 0.000000 1000.000000 0.821968 147.038803 0.000000 0.000000 0.000000 0.000000 6.555651
47900 480 154.391846 0.000000 1000.000000 0.702583 153.731232 -0.041965 0.000000 0.000000 0.000000 6.542706
48000 481 157.054276 0.000000 1000.000000 1.545223 156.484818 -0.975767 0.000000 0.000000 0.000000 7.207826
48100 482 144.052246 0.000000 1000.000000 1.266390 142.785858 0.000000 0.000000 0.000000 0.000000 7.679359
48200 483 142.541794 0.000000 1000.000000 0.304839 142.236954 0.000000 0.000000 0.000000 0.000000 8.149816
48300 484 142.852371 0.000000 1000.000000 1.738835 141.818848 -0.705303 0.000000 0.000000 0.000000 8.470790
48400 485 147.702332 0.000000 1000.000000 1.572908 146.914902 -0.785483 0.000000 0.000000 0.000000 7.291075
48500 486 170.203094 0.000000 1000.000000 1.884690 168.318405 0.000000 0.000000 0.000000 0.000000 6.594686
48600 487 147.653229 0.000000 1000.000000 0.412082 148.388748 -1.147591 0.000000 0.000000 0.000000 5.943799
48700 488 151.284668 0.000000 1000.000000 0.698368 150.770599 -0.184298 0.000000 0.000000 0.000000 9.635275
48800 489 172.653839 0.000000 1000.000000 0.799258 171.919510 -0.064929 0.000000 0.000000 0.000000 5.681293
48900 490 146.873840 0.000000 1000.000000 0.568787 146.593811 -0.288762 0.000000 0.000000 0.000000 7.536596
49000 491 148.965775 0.000000 1000.000000 0.881733 150.777740 -0.825704 -1.867993 0.000000 0.000000 5.959368
49100 492 149.932388 0.000000 1000.000000 0.667626 149.846649 -0.581897 0.000000 0.000000 0.000000 5.844666
49200 493 162.916595 0.000000 1000.000000 0.770499 162.352356 -0.206256 0.000000 0.000000 0.000000 6.663642
49300 494 159.012894 0.000000 1000.000000 1.191548 157.821350 0.000000 0.000000 0.000000 0.000000 7.460499
49400 495 152.364929 0.000000 1000.000000 2.067947 150.296982 0.000000 0.000000 0.000000 0.000000 7.825974
49500 496 170.297089 0.000000 1000.000000 1.745329 168.551758 0.000000 0.000000 0.000000 0.000000 9.955738
49600 497 153.100296 0.000000 1000.000000 0.779815 152.466858 -0.146377 0.000000 0.000000 0.000000 6.171273
49700 498 145.621185 0.000000 1000.000000 1.250801 144.370392 0.000000 0.000000 0.000000 0.000000 5.803025
49800 499 141.250473 0.000000 1000.000000 0.447426 144.047073 -0.576606 -2.667419 0.000000 0.000000 6.603462
49900 500 144.285202 0.000000 1000.000000 1.161969 143.559082 -0.435860 0.000000 0.000000 0.000000 5.732093
50000 501 141.519135 0.000000 1000.000000 0.969867 140.549271 0.000000 0.000000 0.000000 0.000000 5.320228
