1 1 216.227875 0.000000 1000.000000 0.179345 222.681824 -2.391252 -4.242045 0.000000 0.000000 1.628336
100 2 184.798935 0.000000 1000.000000 0.544695 185.412521 -0.696218 -0.462060 0.000000 0.000000 5.593050
200 3 185.458237 0.000000 1000.000000 1.557092 184.137360 -0.236218 0.000000 0.000000 0.000000 9.483301
300 4 213.738403 0.000000 1000.000000 1.182458 212.555939 0.000000 0.000000 0.000000 0.000000 8.457374
400 5 187.399078 0.000000 1000.000000 0.999032 187.270355 -0.870320 0.000000 0.000000 0.000000 7.644296
500 6 179.257889 0.000000 1000.000000 0.600734 179.201981 -0.544833 0.000000 0.000000 0.000000 7.293221
600 7 189.642349 0.000000 1000.000000 1.330207 188.868805 -0.556656 0.000000 0.000000 0.000000 8.639346
700 8 178.432892 0.000000 1000.000000 1.685704 177.029251 -0.282064 0.000000 0.000000 0.000000 7.655740
800 9 171.887314 0.000000 1000.000000 0.568024 171.624313 -0.305031 0.000000 0.000000 0.000000 7.928278
900 10 179.024216 0.000000 1000.000000 0.298501 183.336121 -1.817019 -2.793401 0.000000 0.000000 6.463989
1000 11 178.596664 0.000000 1000.000000 0.891160 182.507309 -1.627406 -3.174392 0.000000 0.000000 7.587127
1100 12 179.131256 0.000000 1000.000000 0.780197 179.708313 -1.357250 0.000000 0.000000 0.000000 7.556154
1200 13 170.726654 0.000000 1000.000000 0.833174 170.682098 -0.788626 0.000000 0.000000 0.000000 8.164548
1300 14 180.991119 0.000000 1000.000000 0.379787 180.611328 0.000000 0.000000 0.000000 0.000000 5.225483
1400 15 181.924652 0.000000 1000.000000 2.462542 180.537582 -1.075465 0.000000 0.000000 0.000000 9.755734
1500 16 198.262589 0.000000 1000.000000 0.485277 198.104553 -0.327237 0.000000 0.000000 0.000000 7.108684
1600 17 195.186508 0.000000 1000.000000 0.516334 194.670181 0.000000 0.000000 0.000000 0.000000 7.772748
1700 18 213.741455 0.000000 1000.000000 0.813795 214.491226 -1.249067 -0.314494 0.000000 0.000000 9.777699
1800 19 190.603897 0.000000 1000.000000 1.475601 189.128296 0.000000 0.000000 0.000000 0.000000 5.709319
1900 20 210.935043 0.000000 1000.000000 3.219256 207.715790 0.000000 0.000000 0.000000 0.000000 5.227212
2000 21 286.549622 0.000000 1000.000000 2.048952 193.046219 -2.007432 93.461891 0.000000 0.000000 5.386896
2100 22 188.161285 0.000000 1000.000000 1.574991 187.086975 -0.500679 0.000000 0.000000 0.000000 7.140105
2200 23 196.723297 0.000000 1000.000000 0.581842 197.350937 -1.209485 0.000000 0.000000 0.000000 5.218751
2300 24 205.613190 0.000000 1000.000000 1.228586 204.384598 0.000000 0.000000 0.000000 0.000000 6.100443
2400 25 219.215240 0.000000 1000.000000 2.215714 217.396133 -0.396609 0.000000 0.000000 0.000000 8.043159
2500 26 170.197784 0.000000 1000.000000 0.360982 170.202667 -0.365855 0.000000 0.000000 0.000000 7.596340
2600 27 173.784424 0.000000 1000.000000 0.938050 172.846375 0.000000 0.000000 0.000000 0.000000 8.229100
2700 28 183.279663 0.000000 1000.000000 2.705961 180.573700 0.000000 0.000000 0.000000 0.000000 10.389549
2800 29 190.006866 0.000000 1000.000000 0.981429 176.111862 -1.067542 13.981106 0.000000 0.000000 7.374623
2900 30 174.041199 0.000000 1000.000000 1.126407 172.914795 0.000000 0.000000 0.000000 0.000000 7.802776
3000 31 180.630585 0.000000 1000.000000 0.891617 179.738968 0.000000 0.000000 0.000000 0.000000 8.149115
3100 32 167.758331 0.000000 1000.000000 1.034929 168.052475 -1.329074 0.000000 0.000000 0.000000 6.584951
3200 33 187.040558 0.000000 1000.000000 0.460555 187.569427 -0.989431 0.000000 0.000000 0.000000 6.097133
3300 34 164.576065 0.000000 1000.000000 0.409502 165.014694 -0.848123 0.000000 0.000000 0.000000 8.589901
3400 35 187.449234 0.000000 1000.000000 0.341760 187.107468 0.000000 0.000000 0.000000 0.000000 7.800958
3500 36 172.896179 0.000000 1000.000000 1.088407 171.807770 0.000000 0.000000 0.000000 0.000000 8.437399
3600 37 162.449158 0.000000 1000.000000 0.540848 162.643845 -0.735537 0.000000 0.000000 0.000000 6.789928
3700 38 154.388641 0.000000 1000.000000 0.558876 153.875458 -0.045692 0.000000 0.000000 0.000000 7.219975
3800 39 177.402130 0.000000 1000.000000 1.411645 172.197983 -0.662925 4.455417 0.000000 0.000000 6.758995
3900 40 169.988739 0.000000 1000.000000 0.502690 169.486053 0.000000 0.000000 0.000000 0.000000 6.916377
4000 41 190.418182 0.000000 1000.000000 1.500408 189.543182 -0.625408 0.000000 0.000000 0.000000 6.913752
4100 42 162.175323 0.000000 1000.000000 0.586262 161.851654 -0.262590 0.000000 0.000000 0.000000 10.785885
4200 43 181.586319 0.000000 1000.000000 1.195274 181.436386 -0.534262 -0.511079 0.000000 0.000000 9.562152
4300 44 180.745285 0.000000 1000.000000 1.291210 179.507141 -0.053077 0.000000 0.000000 0.000000 8.110690
4400 45 177.698578 0.000000 1000.000000 0.819059 176.879517 0.000000 0.000000 0.000000 0.000000 7.534657
4500 46 178.844757 0.000000 1000.000000 1.415267 177.630920 -0.201436 0.000000 0.000000 0.000000 8.424995
4600 47 180.377579 0.000000 1000.000000 2.138977 179.385910 -1.147303 0.000000 0.000000 0.000000 6.317562
4700 48 179.653946 0.000000 1000.000000 1.176092 178.753204 -0.275347 0.000000 0.000000 0.000000 6.914182
4800 49 171.493561 0.000000 1000.000000 0.690668 175.637283 -0.731430 -4.102972 0.000000 0.000000 8.175636
4900 50 185.293625 0.000000 1000.000000 1.275308 190.756271 -0.986125 -5.751831 0.000000 0.000000 9.033016
5000 51 182.698914 0.000000 1000.000000 1.935092 184.838043 -0.785095 -3.289124 0.000000 0.000000 5.676085
5100 52 186.441788 0.000000 1000.000000 1.234815 185.206970 0.000000 0.000000 0.000000 0.000000 6.024514
5200 53 173.394394 0.000000 1000.000000 2.665650 180.127380 -2.108709 -7.289933 0.000000 0.000000 7.068090
5300 54 177.717926 0.000000 1000.000000 1.851694 178.797867 -1.095921 -1.835726 0.000000 0.000000 6.445015
5400 55 172.063614 0.000000 1000.000000 0.650017 172.034424 -0.620834 0.000000 0.000000 0.000000 7.952139
5500 56 200.802322 0.000000 1000.000000 0.608245 192.325974 -0.885207 8.753317 0.000000 0.000000 7.553671
5600 57 192.374008 0.000000 1000.000000 0.325742 193.001816 -0.953546 0.000000 0.000000 0.000000 5.513342
5700 58 168.840561 0.000000 1000.000000 0.625399 168.913849 -0.698680 0.000000 0.000000 0.000000 9.896816
5800 59 176.937469 0.000000 1000.000000 0.466014 176.471451 0.000000 0.000000 0.000000 0.000000 8.175811
5900 60 186.337158 0.000000 1000.000000 0.887148 191.134094 -1.006380 -4.677706 0.000000 0.000000 6.522745
6000 61 180.722946 0.000000 1000.000000 0.289291 181.650894 -1.217232 0.000000 0.000000 0.000000 5.761002
6100 62 192.889984 0.000000 1000.000000 0.395355 193.184875 -0.690244 0.000000 0.000000 0.000000 6.778597
6200 63 173.007980 0.000000 1000.000000 0.243593 173.310165 -0.545780 0.000000 0.000000 0.000000 6.683415
6300 64 193.719070 0.000000 1000.000000 0.783318 168.215454 -1.761939 26.482220 0.000000 0.000000 7.532973
6400 65 186.302475 0.000000 1000.000000 0.608220 190.941666 -2.199857 -3.047548 0.000000 0.000000 6.582130
6500 66 164.804565 0.000000 1000.000000 0.845644 165.537094 -1.578170 0.000000 0.000000 0.000000 6.846452
6600 67 173.774231 0.000000 1000.000000 0.300853 173.765015 -2.215372 1.923733 0.000000 0.000000 6.045439
6700 68 183.363434 0.000000 1000.000000 0.838465 188.957947 -1.147131 -5.285858 0.000000 0.000000 8.716207
6800 69 172.504211 0.000000 1000.000000 0.554404 172.581085 -0.631275 0.000000 0.000000 0.000000 7.616373
6900 70 165.912964 0.000000 1000.000000 1.664560 164.248398 0.000000 0.000000 0.000000 0.000000 6.237369
7000 71 182.653870 0.000000 1000.000000 0.437536 182.216339 0.000000 0.000000 0.000000 0.000000 7.962631
7100 72 171.926300 0.000000 1000.000000 1.240872 170.685425 0.000000 0.000000 0.000000 0.000000 7.336902
7200 73 190.897171 0.000000 1000.000000 0.290605 190.606567 0.000000 0.000000 0.000000 0.000000 7.285802
7300 74 179.665115 0.000000 1000.000000 1.054269 164.239029 -0.609885 14.981683 0.000000 0.000000 7.171843
7400 75 175.547821 0.000000 1000.000000 0.521316 175.778427 -0.751919 0.000000 0.000000 0.000000 6.246408
7500 76 164.881836 0.000000 1000.000000 0.406967 164.474869 0.000000 0.000000 0.000000 0.000000 9.461753
7600 77 170.884323 0.000000 1000.000000 0.438424 171.234863 -0.788976 0.000000 0.000000 0.000000 6.661235
7700 78 170.496475 0.000000 1000.000000 2.343472 169.254593 -1.101596 0.000000 0.000000 0.000000 6.940292
7800 79 166.878647 0.000000 1000.000000 0.254621 167.038528 -0.414500 0.000000 0.000000 0.000000 7.318667
7900 80 158.999664 0.000000 1000.000000 2.749233 156.250427 0.000000 0.000000 0.000000 0.000000 7.386693
8000 81 195.693054 0.000000 1000.000000 1.290735 194.402313 0.000000 0.000000 0.000000 0.000000 10.049279
8100 82 179.212952 0.000000 1000.000000 0.395547 178.817398 0.000000 0.000000 0.000000 0.000000 9.440265
8200 83 176.601318 0.000000 1000.000000 0.670364 179.902115 -1.347345 -2.623815 0.000000 0.000000 9.626398
8300 84 152.567886 0.000000 1000.000000 0.692410 152.359619 -0.484148 0.000000 0.000000 0.000000 10.542639
8400 85 168.740524 0.000000 1000.000000 1.210209 168.200317 -0.669994 0.000000 0.000000 0.000000 7.902307
8500 86 165.190460 0.000000 1000.000000 0.868088 164.322372 0.000000 0.000000 0.000000 0.000000 9.162563
8600 87 164.596970 0.000000 1000.000000 0.469671 164.892532 -0.765222 0.000000 0.000000 0.000000 6.164283
8700 88 164.994141 0.000000 1000.000000 1.102878 163.891266 0.000000 0.000000 0.000000 0.000000 7.508271
8800 89 153.539124 0.000000 1000.000000 1.224215 152.668472 -0.353554 0.000000 0.000000 0.000000 6.919047
8900 90 164.544617 0.000000 1000.000000 1.435772 167.388168 -2.081560 -2.197765 0.000000 0.000000 6.947212
9000 91 165.314011 0.000000 1000.000000 0.983165 165.133774 -0.802937 0.000000 0.000000 0.000000 5.962960
9100 92 154.314529 0.000000 1000.000000 0.518282 154.433395 -0.637147 0.000000 0.000000 0.000000 7.027816
9200 93 166.986740 0.000000 1000.000000 1.352757 166.721222 -1.087230 0.000000 0.000000 0.000000 9.622416
9300 94 156.277344 0.000000 1000.000000 2.727168 154.246216 -0.696045 0.000000 0.000000 0.000000 6.193851
9400 95 172.167862 0.000000 1000.000000 0.869652 171.298203 0.000000 0.000000 0.000000 0.000000 5.069478
9500 96 187.516830 0.000000 1000.000000 0.397420 187.119415 0.000000 0.000000 0.000000 0.000000 6.172266
9600 97 191.215729 0.000000 1000.000000 0.639843 186.826065 -1.633905 5.383721 0.000000 0.000000 5.571879
9700 98 169.724945 0.000000 1000.000000 1.269808 169.054886 -0.599742 0.000000 0.000000 0.000000 5.247331
9800 99 209.434952 0.000000 1000.000000 1.294487 165.061203 -1.484330 44.563602 0.000000 0.000000 7.619810
9900 100 159.954636 0.000000 1000.000000 1.778841 159.235367 -1.059569 0.000000 0.000000 0.000000 7.024671
10000 101 164.128632 0.000000 1000.000000 1.332013 163.212646 -0.416027 0.000000 0.000000 0.000000 6.512880
10100 102 171.330460 0.000000 1000.000000 1.236307 170.617615 -0.523470 0.000000 0.000000 0.000000 6.502042
10200 103 176.501358 0.000000 1000.000000 0.506131 181.572098 -2.449296 -3.127586 0.000000 0.000000 5.964399
10300 104 162.577698 0.000000 1000.000000 0.709930 166.285233 -2.409137 -2.008329 0.000000 0.000000 4.186740
10400 105 164.356400 0.000000 1000.000000 1.320046 163.364655 -0.328308 0.000000 0.000000 0.000000 8.650995
10500 106 181.248672 0.000000 1000.000000 1.634959 179.613708 0.000000 0.000000 0.000000 0.000000 7.410512
10600 107 159.379440 0.000000 1000.000000 1.122461 159.668900 -1.411927 0.000000 0.000000 0.000000 8.561878
10700 108 160.560577 0.000000 1000.000000 0.735942 159.875351 -0.050722 0.000000 0.000000 0.000000 8.177596
10800 109 150.999741 0.000000 1000.000000 0.700804 151.701477 -1.402537 0.000000 0.000000 0.000000 8.435637
10900 110 152.134521 0.000000 1000.000000 0.959787 153.714645 -2.539924 0.000000 0.000000 0.000000 7.825345
11000 111 189.872543 0.000000 1000.000000 0.356405 189.516144 0.000000 0.000000 0.000000 0.000000 10.206802
11100 112 175.327148 0.000000 1000.000000 1.132916 175.216858 -1.022633 0.000000 0.000000 0.000000 11.321892
11200 113 179.347214 0.000000 1000.000000 1.386437 177.960770 0.000000 0.000000 0.000000 0.000000 10.244238
11300 114 153.684265 0.000000 1000.000000 0.286370 154.828918 -1.431033 0.000000 0.000000 0.000000 7.945293
11400 115 163.824661 0.000000 1000.000000 0.584927 163.239731 0.000000 0.000000 0.000000 0.000000 6.774664
11500 116 189.739899 0.000000 1000.000000 1.480927 181.772659 -1.786099 8.272408 0.000000 0.000000 6.901653
11600 117 150.647339 0.000000 1000.000000 1.074834 149.810333 -0.237816 0.000000 0.000000 0.000000 9.397970
11700 118 165.858124 0.000000 1000.000000 3.225995 163.399475 -0.767346 0.000000 0.000000 0.000000 9.105200
11800 119 158.889877 0.000000 1000.000000 0.433775 159.917007 -1.460909 0.000000 0.000000 0.000000 5.198161
11900 120 156.161469 0.000000 1000.000000 0.615952 159.989380 -1.697168 -2.746695 0.000000 0.000000 7.225613
12000 121 161.398087 0.000000 1000.000000 1.757101 159.860336 -0.219338 0.000000 0.000000 0.000000 7.586612
12100 122 161.312927 0.000000 1000.000000 1.009063 160.303864 0.000000 0.000000 0.000000 0.000000 7.241255
12200 123 152.121841 0.000000 1000.000000 1.133485 151.997177 -1.008812 0.000000 0.000000 0.000000 7.924056
12300 124 162.016037 0.000000 1000.000000 0.698207 162.072479 -0.754652 0.000000 0.000000 0.000000 6.869949
12400 125 137.298828 0.000000 1000.000000 1.215424 140.644165 -1.830988 -2.729763 0.000000 0.000000 7.209927
12500 126 157.699203 0.000000 1000.000000 0.546064 158.169693 -1.016563 0.000000 0.000000 0.000000 5.185444
12600 127 148.923996 0.000000 1000.000000 0.688473 154.871811 -1.952259 -4.684036 0.000000 0.000000 5.407134
12700 128 161.260468 0.000000 1000.000000 0.213859 161.046616 0.000000 0.000000 0.000000 0.000000 9.130861
12800 129 168.542480 0.000000 1000.000000 2.467081 167.083038 -1.007650 0.000000 0.000000 0.000000 7.893781
12900 130 150.227615 0.000000 1000.000000 0.232220 151.608185 -1.612791 0.000000 0.000000 0.000000 7.387971
13000 131 158.320099 0.000000 1000.000000 0.434367 157.885727 0.000000 0.000000 0.000000 0.000000 7.801200
13100 132 165.936722 0.000000 1000.000000 1.245630 164.959793 -0.268701 0.000000 0.000000 0.000000 8.098263
13200 133 172.230026 0.000000 1000.000000 1.099249 172.301559 -1.170772 0.000000 0.000000 0.000000 9.383654
13300 134 160.123215 0.000000 1000.000000 0.938928 160.463348 -1.279065 0.000000 0.000000 0.000000 8.281306
13400 135 160.902557 0.000000 1000.000000 0.275286 160.682495 -0.055220 0.000000 0.000000 0.000000 8.378060
13500 136 151.505371 0.000000 1000.000000 0.431799 151.757812 -0.684241 0.000000 0.000000 0.000000 8.148205
13600 137 159.331482 0.000000 1000.000000 2.295655 157.035828 0.000000 0.000000 0.000000 0.000000 9.054756
13700 138 153.502457 0.000000 1000.000000 0.710149 153.022995 -0.230685 0.000000 0.000000 0.000000 8.004807
13800 139 164.354202 0.000000 1000.000000 0.815212 164.164093 -0.625104 0.000000 0.000000 0.000000 9.842258
13900 140 150.093781 0.000000 1000.000000 0.044166 150.545837 -0.496220 0.000000 0.000000 0.000000 8.444670
14000 141 159.537170 0.000000 1000.000000 0.599635 159.484116 -0.546583 0.000000 0.000000 0.000000 8.242768
14100 142 142.984528 0.000000 1000.000000 0.811981 142.551117 -0.378570 0.000000 0.000000 0.000000 8.385738
14200 143 164.201797 0.000000 1000.000000 0.241758 163.960037 0.000000 0.000000 0.000000 0.000000 6.034373
14300 144 164.231918 0.000000 1000.000000 0.591762 163.640152 0.000000 0.000000 0.000000 0.000000 5.862689
14400 145 152.998306 0.000000 1000.000000 0.937417 152.537964 -0.477088 0.000000 0.000000 0.000000 6.191106
14500 146 162.537872 0.000000 1000.000000 0.553297 161.984573 0.000000 0.000000 0.000000 0.000000 6.696447
14600 147 187.491211 0.000000 1000.000000 1.669361 186.663666 -0.841817 0.000000 0.000000 0.000000 6.485459
14700 148 169.204483 0.000000 1000.000000 0.307236 168.897247 0.000000 0.000000 0.000000 0.000000 6.003489
14800 149 178.153702 0.000000 1000.000000 0.845370 178.159668 -0.851340 0.000000 0.000000 0.000000 5.713205
14900 150 155.526077 0.000000 1000.000000 0.495575 155.693237 -0.662728 0.000000 0.000000 0.000000 5.614677
15000 151 159.345795 0.000000 1000.000000 1.235132 158.110657 0.000000 0.000000 0.000000 0.000000 5.589788
15100 152 177.320908 0.000000 1000.000000 1.346619 175.974289 0.000000 0.000000 0.000000 0.000000 6.228359
15200 153 184.834976 0.000000 1000.000000 0.795688 184.039291 0.000000 0.000000 0.000000 0.000000 5.886640
15300 154 160.483948 0.000000 1000.000000 3.225949 157.257996 0.000000 0.000000 0.000000 0.000000 5.226617
15400 155 163.872543 0.000000 1000.000000 1.921743 161.950806 0.000000 0.000000 0.000000 0.000000 5.924090
15500 156 166.318756 0.000000 1000.000000 1.261909 165.056854 0.000000 0.000000 0.000000 0.000000 5.170101
15600 157 173.947556 0.000000 1000.000000 1.320266 172.879028 -0.251742 0.000000 0.000000 0.000000 7.110093
15700 158 165.506134 0.000000 1000.000000 2.372157 163.133972 0.000000 0.000000 0.000000 0.000000 4.588029
15800 159 154.242462 0.000000 1000.000000 0.722206 153.520248 0.000000 0.000000 0.000000 0.000000 6.330702
15900 160 162.193451 0.000000 1000.000000 1.111090 161.082367 0.000000 0.000000 0.000000 0.000000 4.934971
16000 161 153.889557 0.000000 1000.000000 0.826260 153.519653 -0.456362 0.000000 0.000000 0.000000 5.872168
16100 162 175.886566 0.000000 1000.000000 2.425559 173.492126 -0.031111 0.000000 0.000000 0.000000 6.551382
16200 163 164.221008 0.000000 1000.000000 0.932038 163.327927 -0.038952 0.000000 0.000000 0.000000 6.986318
16300 164 179.078720 0.000000 1000.000000 2.800250 176.313660 -0.035189 0.000000 0.000000 0.000000 5.852792
16400 165 177.760010 0.000000 1000.000000 1.125056 178.202072 -1.567126 0.000000 0.000000 0.000000 6.040788
16500 166 167.769516 0.000000 1000.000000 2.247196 165.522324 0.000000 0.000000 0.000000 0.000000 6.165227
16600 167 182.059097 0.000000 1000.000000 1.434268 180.624832 0.000000 0.000000 0.000000 0.000000 4.523553
16700 168 165.959854 0.000000 1000.000000 1.731146 165.132812 -0.904093 0.000000 0.000000 0.000000 3.946556
16800 169 185.379852 0.000000 1000.000000 0.739199 185.151672 -0.511015 0.000000 0.000000 0.000000 4.934751
16900 170 171.669113 0.000000 1000.000000 1.809911 170.024948 -0.165745 0.000000 0.000000 0.000000 5.217941
17000 171 154.916534 0.000000 1000.000000 0.368160 154.548370 0.000000 0.000000 0.000000 0.000000 5.178941
17100 172 152.306702 0.000000 1000.000000 2.215775 151.226334 -1.135403 0.000000 0.000000 0.000000 4.760526
17200 173 182.606247 0.000000 1000.000000 0.834563 183.077942 -1.306260 0.000000 0.000000 0.000000 5.664698
17300 174 170.393326 0.000000 1000.000000 0.764118 169.629211 0.000000 0.000000 0.000000 0.000000 4.291306
17400 175 186.264175 0.000000 1000.000000 3.999541 182.264633 0.000000 0.000000 0.000000 0.000000 4.518101
17500 176 176.597534 0.000000 1000.000000 3.242815 174.591827 -1.237109 0.000000 0.000000 0.000000 5.098669
17600 177 176.006866 0.000000 1000.000000 0.933868 175.206406 -0.133401 0.000000 0.000000 0.000000 6.404969
17700 178 175.699066 0.000000 1000.000000 1.425012 174.274048 0.000000 0.000000 0.000000 0.000000 4.307104
17800 179 178.745636 0.000000 1000.000000 0.567974 178.177658 0.000000 0.000000 0.000000 0.000000 5.666719
17900 180 162.609970 0.000000 1000.000000 1.318334 162.063660 -0.772012 0.000000 0.000000 0.000000 4.835516
18000 181 159.222580 0.000000 1000.000000 0.600112 159.829330 -1.206858 0.000000 0.000000 0.000000 5.623172
18100 182 174.365585 0.000000 1000.000000 0.850222 173.515366 0.000000 0.000000 0.000000 0.000000 6.585531
18200 183 151.323181 0.000000 1000.000000 0.397900 151.999771 -1.074492 0.000000 0.000000 0.000000 5.612754
18300 184 173.125793 0.000000 1000.000000 1.401093 171.724701 0.000000 0.000000 0.000000 0.000000 7.611873
18400 185 171.914719 0.000000 1000.000000 0.173092 171.741623 0.000000 0.000000 0.000000 0.000000 9.790357
18500 186 163.274246 0.000000 1000.000000 1.620273 161.653976 0.000000 0.000000 0.000000 0.000000 8.122375
18600 187 164.085968 0.000000 1000.000000 0.967138 163.118835 0.000000 0.000000 0.000000 0.000000 5.555347
18700 188 158.118896 0.000000 1000.000000 0.874791 158.719879 -1.475765 0.000000 0.000000 0.000000 5.091557
18800 189 160.360657 0.000000 1000.000000 2.643382 158.530167 -0.812898 0.000000 0.000000 0.000000 6.881733
18900 190 170.884827 0.000000 1000.000000 1.813690 169.071136 0.000000 0.000000 0.000000 0.000000 6.428542
19000 191 173.156326 0.000000 1000.000000 0.963824 173.009354 -0.816853 0.000000 0.000000 0.000000 5.694151
19100 192 181.317383 0.000000 1000.000000 0.903267 181.411697 -0.997593 0.000000 0.000000 0.000000 5.630028
19200 193 160.553604 0.000000 1000.000000 2.132667 158.420944 0.000000 0.000000 0.000000 0.000000 3.211574
19300 194 160.188202 0.000000 1000.000000 0.745728 160.560699 -1.118222 0.000000 0.000000 0.000000 4.879131
19400 195 153.628189 0.000000 1000.000000 0.175390 154.943298 -1.490498 0.000000 0.000000 0.000000 6.925539
19500 196 177.303162 0.000000 1000.000000 0.429989 176.873169 0.000000 0.000000 0.000000 0.000000 5.406433
19600 197 164.320831 0.000000 1000.000000 0.355810 166.300644 -2.335615 0.000000 0.000000 0.000000 4.519347
19700 198 164.769211 0.000000 1000.000000 0.520299 164.278168 -0.029255 0.000000 0.000000 0.000000 3.743448
19800 199 166.575409 0.000000 1000.000000 0.860653 165.714752 0.000000 0.000000 0.000000 0.000000 5.613483
19900 200 160.246490 0.000000 1000.000000 0.559580 161.036850 -1.349949 0.000000 0.000000 0.000000 5.280313
20000 201 172.281174 0.000000 1000.000000 1.850179 170.431000 0.000000 0.000000 0.000000 0.000000 5.133548
20100 202 169.162277 0.000000 1000.000000 1.617849 168.713730 -1.169297 0.000000 0.000000 0.000000 3.964963
20200 203 169.077606 0.000000 1000.000000 0.441484 170.578369 -1.942250 0.000000 0.000000 0.000000 5.260437
20300 204 165.395538 0.000000 1000.000000 2.152150 164.896866 -1.653473 0.000000 0.000000 0.000000 5.791194
20400 205 171.824142 0.000000 1000.000000 0.771485 171.625473 -0.572813 0.000000 0.000000 0.000000 5.113603
20500 206 176.253952 0.000000 1000.000000 0.630216 175.801666 -0.177933 0.000000 0.000000 0.000000 6.741682
20600 207 152.232101 0.000000 1000.000000 0.344615 152.004822 -0.117338 0.000000 0.000000 0.000000 5.148203
20700 208 159.701645 0.000000 1000.000000 1.209689 158.721527 -0.229561 0.000000 0.000000 0.000000 5.037301
20800 209 158.720032 0.000000 1000.000000 1.000230 157.719803 0.000000 0.000000 0.000000 0.000000 5.522257
20900 210 151.049438 0.000000 1000.000000 2.221442 149.332153 -0.504149 0.000000 0.000000 0.000000 4.425083
21000 211 138.989685 0.000000 1000.000000 1.836266 142.396469 -2.002124 -3.240931 0.000000 0.000000 4.260923
21100 212 140.377380 0.000000 1000.000000 0.332576 140.221573 -0.176769 0.000000 0.000000 0.000000 5.444060
21200 213 154.740875 0.000000 1000.000000 1.853223 154.112000 -1.224345 0.000000 0.000000 0.000000 4.717041
21300 214 146.534470 0.000000 1000.000000 1.115496 146.649551 -1.230569 0.000000 0.000000 0.000000 4.643912
21400 215 164.400101 0.000000 1000.000000 1.890301 162.509796 0.000000 0.000000 0.000000 0.000000 5.600563
21500 216 148.529999 0.000000 1000.000000 0.617874 149.004837 -1.092707 0.000000 0.000000 0.000000 4.345393
21600 217 157.979370 0.000000 1000.000000 0.491932 158.124069 -0.636620 0.000000 0.000000 0.000000 5.177951
21700 218 151.198364 0.000000 1000.000000 0.327031 150.871338 0.000000 0.000000 0.000000 0.000000 7.888008
21800 219 148.471527 0.000000 1000.000000 1.115398 147.508331 -0.152204 0.000000 0.000000 0.000000 7.506194
21900 220 160.149063 0.000000 1000.000000 0.457178 160.135559 -0.443680 0.000000 0.000000 0.000000 6.217988
22000 221 158.427231 0.000000 1000.000000 0.565753 164.344696 -1.556683 -4.926534 0.000000 0.000000 4.675642
22100 222 155.077850 0.000000 1000.000000 0.951486 154.937851 -0.811489 0.000000 0.000000 0.000000 4.162890
22200 223 161.530746 0.000000 1000.000000 0.778377 160.752365 0.000000 0.000000 0.000000 0.000000 5.821173
22300 224 153.220215 0.000000 1000.000000 0.603196 152.800903 -0.183877 0.000000 0.000000 0.000000 5.215227
22400 225 155.574081 0.000000 1000.000000 0.721599 154.852478 0.000000 0.000000 0.000000 0.000000 5.958416
22500 226 155.938034 0.000000 1000.000000 2.170932 153.951126 -0.184020 0.000000 0.000000 0.000000 4.622342
22600 227 176.043732 0.000000 1000.000000 0.439656 154.580460 -2.044799 23.068417 0.000000 0.000000 3.737812
22700 228 168.850250 0.000000 1000.000000 1.033649 155.450653 -2.098369 14.464328 0.000000 0.000000 5.220418
22800 229 174.313126 0.000000 1000.000000 1.591745 173.491135 -0.769763 0.000000 0.000000 0.000000 3.464986
22900 230 161.298080 0.000000 1000.000000 1.787139 159.510941 0.000000 0.000000 0.000000 0.000000 4.635604
23000 231 154.268509 0.000000 1000.000000 0.303482 154.069473 -0.104446 0.000000 0.000000 0.000000 7.074912
23100 232 187.818863 0.000000 1000.000000 2.444280 185.515839 -0.141258 0.000000 0.000000 0.000000 5.734097
23200 233 156.738281 0.000000 1000.000000 1.734596 155.223755 -0.220060 0.000000 0.000000 0.000000 5.623802
23300 234 161.724777 0.000000 1000.000000 1.042716 160.682068 0.000000 0.000000 0.000000 0.000000 4.920830
23400 235 184.418655 0.000000 1000.000000 1.113209 184.139938 -0.834483 0.000000 0.000000 0.000000 4.319863
23500 236 177.768555 0.000000 1000.000000 0.594871 177.837631 -0.663938 0.000000 0.000000 0.000000 5.239441
23600 237 172.276215 0.000000 1000.000000 1.500021 171.117691 -0.341493 0.000000 0.000000 0.000000 5.422865
23700 238 179.149338 0.000000 1000.000000 0.660816 178.577057 -0.088537 0.000000 0.000000 0.000000 6.319858
23800 239 173.527695 0.000000 1000.000000 1.250417 172.277283 0.000000 0.000000 0.000000 0.000000 4.291384
23900 240 171.959045 0.000000 1000.000000 1.045443 172.113037 -1.199428 0.000000 0.000000 0.000000 3.639258
24000 241 174.239807 0.000000 1000.000000 0.639756 173.926590 -0.326535 0.000000 0.000000 0.000000 4.932501
24100 242 168.295670 0.000000 1000.000000 1.530479 167.414093 -0.648895 0.000000 0.000000 0.000000 6.377185
24200 243 183.858582 0.000000 1000.000000 0.864494 152.632889 -1.789860 32.151062 0.000000 0.000000 4.585981
24300 244 164.042526 0.000000 1000.000000 1.001412 169.837891 -2.031801 -4.764988 0.000000 0.000000 3.689159
24400 245 165.917160 0.000000 1000.000000 0.754425 166.349533 -1.186792 0.000000 0.000000 0.000000 4.584976
24500 246 182.301575 0.000000 1000.000000 0.995340 182.623688 -1.317460 0.000000 0.000000 0.000000 2.914575
24600 247 168.109039 0.000000 1000.000000 1.159612 166.949432 0.000000 0.000000 0.000000 0.000000 3.428363
24700 248 169.520187 0.000000 1000.000000 1.015199 169.415131 -0.910144 0.000000 0.000000 0.000000 4.926225
24800 249 163.735184 0.000000 1000.000000 0.468527 164.063843 -0.797176 0.000000 0.000000 0.000000 4.621975
24900 250 157.909515 0.000000 1000.000000 0.937739 157.606979 -0.635204 0.000000 0.000000 0.000000 4.694009
25000 251 170.586914 0.000000 1000.000000 0.993707 169.593201 0.000000 0.000000 0.000000 0.000000 4.424827
25100 252 154.712967 0.000000 1000.000000 0.846429 154.486862 -0.620332 0.000000 0.000000 0.000000 5.976207
25200 253 290.226044 0.000000 1000.000000 1.963547 155.227722 -1.533721 134.568497 0.000000 0.000000 5.413456
25300 254 147.192749 0.000000 1000.000000 2.402050 144.790695 0.000000 0.000000 0.000000 0.000000 4.942353
25400 255 165.821609 0.000000 1000.000000 1.272658 165.193970 -0.645022 0.000000 0.000000 0.000000 4.851956
25500 256 161.706146 0.000000 1000.000000 0.403603 167.493149 -0.742758 -5.447853 0.000000 0.000000 6.868231
25600 257 162.965485 0.000000 1000.000000 1.196357 161.848602 -0.079471 0.000000 0.000000 0.000000 6.415112
25700 258 153.805145 0.000000 1000.000000 0.259586 153.545563 0.000000 0.000000 0.000000 0.000000 5.723732
25800 259 158.348206 0.000000 1000.000000 0.869137 157.479065 0.000000 0.000000 0.000000 0.000000 5.220234
25900 260 165.477951 0.000000 1000.000000 0.441624 165.036331 0.000000 0.000000 0.000000 0.000000 5.554473
26000 261 155.006409 0.000000 1000.000000 1.028029 154.042252 -0.063876 0.000000 0.000000 0.000000 6.629255
26100 262 151.871246 0.000000 1000.000000 2.297121 149.574127 0.000000 0.000000 0.000000 0.000000 4.474291
26200 263 166.631073 0.000000 1000.000000 2.748306 163.882767 0.000000 0.000000 0.000000 0.000000 7.837727
26300 264 169.055801 0.000000 1000.000000 1.692784 167.363022 0.000000 0.000000 0.000000 0.000000 4.996080
26400 265 158.989243 0.000000 1000.000000 1.227840 158.066986 -0.305586 0.000000 0.000000 0.000000 5.362626
26500 266 163.950378 0.000000 1000.000000 0.556670 163.535416 -0.141713 0.000000 0.000000 0.000000 4.266964
26600 267 166.655441 0.000000 1000.000000 1.130558 165.524887 0.000000 0.000000 0.000000 0.000000 4.159983
26700 268 165.186920 0.000000 1000.000000 1.552358 163.634567 0.000000 0.000000 0.000000 0.000000 4.387800
26800 269 175.294724 0.000000 1000.000000 0.355280 175.123322 -0.183876 0.000000 0.000000 0.000000 5.609902
26900 270 167.317337 0.000000 1000.000000 0.522896 166.794449 0.000000 0.000000 0.000000 0.000000 4.626927
27000 271 147.433533 0.000000 1000.000000 0.698888 146.861008 -0.126353 0.000000 0.000000 0.000000 6.514232
27100 272 170.572372 0.000000 1000.000000 0.806663 170.027405 -0.261684 0.000000 0.000000 0.000000 5.839096
27200 273 164.909042 0.000000 1000.000000 2.648453 162.425125 -0.164538 0.000000 0.000000 0.000000 4.894476
27300 274 159.033417 0.000000 1000.000000 1.030020 158.079437 -0.076041 0.000000 0.000000 0.000000 6.066324
27400 275 157.529312 0.000000 1000.000000 1.088625 156.440689 0.000000 0.000000 0.000000 0.000000 4.655172
27500 276 161.529236 0.000000 1000.000000 1.469235 160.059998 0.000000 0.000000 0.000000 0.000000 4.534278
27600 277 150.417709 0.000000 1000.000000 1.025928 149.391785 0.000000 0.000000 0.000000 0.000000 8.480696
27700 278 151.072174 0.000000 1000.000000 0.754647 150.479904 -0.162384 0.000000 0.000000 0.000000 8.556731
27800 279 162.259781 0.000000 1000.000000 0.836584 161.423203 0.000000 0.000000 0.000000 0.000000 6.083200
27900 280 168.619598 0.000000 1000.000000 0.189687 168.429916 0.000000 0.000000 0.000000 0.000000 6.051236
28000 281 150.536819 0.000000 1000.000000 0.489986 150.525894 -0.479071 0.000000 0.000000 0.000000 4.622111
28100 282 171.701859 0.000000 1000.000000 1.710523 170.067307 -0.075978 0.000000 0.000000 0.000000 4.521346
28200 283 161.818146 0.000000 1000.000000 0.547042 161.271103 0.000000 0.000000 0.000000 0.000000 3.488987
28300 284 195.976303 0.000000 1000.000000 1.530781 154.810104 -1.178861 40.814289 0.000000 0.000000 4.015320
28400 285 153.250610 0.000000 1000.000000 0.756473 152.864197 -0.370060 0.000000 0.000000 0.000000 4.719165
28500 286 164.069565 0.000000 1000.000000 1.764985 165.756577 -1.234298 -2.217700 0.000000 0.000000 6.149040
28600 287 157.380280 0.000000 1000.000000 1.067294 155.645660 -1.461084 2.128411 0.000000 0.000000 6.561258
28700 288 165.039047 0.000000 1000.000000 0.954540 165.057404 -0.972894 0.000000 0.000000 0.000000 5.234007
28800 289 156.438828 0.000000 1000.000000 0.747618 155.859436 -0.168230 0.000000 0.000000 0.000000 6.294597
28900 290 176.518555 0.000000 1000.000000 0.826340 175.839630 -0.147408 0.000000 0.000000 0.000000 4.865882
29000 291 162.026489 0.000000 1000.000000 1.304502 160.721985 0.000000 0.000000 0.000000 0.000000 5.875592
29100 292 162.700119 0.000000 1000.000000 1.328338 162.367828 -0.996051 0.000000 0.000000 0.000000 4.801291
29200 293 162.885086 0.000000 1000.000000 0.720391 163.431335 -1.266652 0.000000 0.000000 0.000000 5.037717
29300 294 199.882477 0.000000 1000.000000 0.507828 199.495712 -0.121068 0.000000 0.000000 0.000000 3.047116
29400 295 156.807358 0.000000 1000.000000 1.482431 155.324921 0.000000 0.000000 0.000000 0.000000 3.650506
29500 296 160.613647 0.000000 1000.000000 0.583843 161.929199 -1.899393 0.000000 0.000000 0.000000 3.844908
29600 297 161.937912 0.000000 1000.000000 0.454683 161.483231 0.000000 0.000000 0.000000 0.000000 4.613050
29700 298 156.696487 0.000000 1000.000000 0.463854 157.385681 -1.153044 0.000000 0.000000 0.000000 4.087272
29800 299 161.663589 0.000000 1000.000000 0.731322 161.369873 -0.437606 0.000000 0.000000 0.000000 3.740788
29900 300 184.128616 0.000000 1000.000000 0.739353 184.088135 -0.698874 0.000000 0.000000 0.000000 3.895200
30000 301 147.761871 0.000000 1000.000000 0.791360 147.294357 -2.306708 1.982853 0.000000 0.000000 4.472424
30100 302 168.387848 0.000000 1000.000000 0.415031 167.809525 -2.205291 2.368597 0.000000 0.000000 5.280534
30200 303 174.153702 0.000000 1000.000000 1.612603 174.335007 -1.793915 0.000000 0.000000 0.000000 4.561800
30300 304 161.506729 0.000000 1000.000000 0.301013 161.279205 -0.073487 0.000000 0.000000 0.000000 3.866374
30400 305 156.385086 0.000000 1000.000000 0.962087 155.423004 0.000000 0.000000 0.000000 0.000000 3.415397
30500 306 167.346725 0.000000 1000.000000 1.004559 166.601196 -0.259032 0.000000 0.000000 0.000000 4.781022
30600 307 147.244431 0.000000 1000.000000 0.783181 147.478836 -1.017592 0.000000 0.000000 0.000000 4.119973
30700 308 176.518738 0.000000 1000.000000 0.720040 176.207962 -0.409275 0.000000 0.000000 0.000000 4.564409
30800 309 160.150528 0.000000 1000.000000 0.487655 159.662872 0.000000 0.000000 0.000000 0.000000 3.952145
30900 310 153.922913 0.000000 1000.000000 0.188653 154.672653 -0.938407 0.000000 0.000000 0.000000 5.968681
31000 311 160.030624 0.000000 1000.000000 0.373198 159.742416 -0.084990 0.000000 0.000000 0.000000 4.314241
31100 312 172.436523 0.000000 1000.000000 2.169861 170.422394 -0.155727 0.000000 0.000000 0.000000 4.444057
31200 313 172.936371 0.000000 1000.000000 0.652981 172.339874 -0.056489 0.000000 0.000000 0.000000 5.167158
31300 314 168.858231 0.000000 1000.000000 0.284730 168.683655 -0.110150 0.000000 0.000000 0.000000 5.668975
31400 315 161.214325 0.000000 1000.000000 1.171618 160.976440 -0.933733 0.000000 0.000000 0.000000 6.703424
31500 316 156.290833 0.000000 1000.000000 0.664144 155.760223 -0.133529 0.000000 0.000000 0.000000 5.307696
31600 317 156.175476 0.000000 1000.000000 0.389093 155.786377 0.000000 0.000000 0.000000 0.000000 5.489693
31700 318 159.583786 0.000000 1000.000000 0.598873 158.984909 0.000000 0.000000 0.000000 0.000000 7.326927
31800 319 178.511368 0.000000 1000.000000 0.494914 178.059952 -0.043506 0.000000 0.000000 0.000000 5.377677
31900 320 167.064651 0.000000 1000.000000 0.317572 167.081589 -0.334509 0.000000 0.000000 0.000000 4.800751
32000 321 166.522400 0.000000 1000.000000 0.420542 166.196915 -0.095067 0.000000 0.000000 0.000000 5.781953
32100 322 166.326050 0.000000 1000.000000 0.370714 165.955338 0.000000 0.000000 0.000000 0.000000 7.060329
32200 323 165.874039 0.000000 1000.000000 0.624555 165.465317 -0.215832 0.000000 0.000000 0.000000 6.061461
32300 324 158.954865 0.000000 1000.000000 1.140096 158.070358 -0.255589 0.000000 0.000000 0.000000 5.617375
32400 325 163.468719 0.000000 1000.000000 0.618485 162.850235 0.000000 0.000000 0.000000 0.000000 5.552763
32500 326 156.072693 0.000000 1000.000000 0.293852 156.253677 -0.474832 0.000000 0.000000 0.000000 4.526817
32600 327 162.306793 0.000000 1000.000000 0.845269 161.777008 -0.315485 0.000000 0.000000 0.000000 3.449738
32700 328 167.048203 0.000000 1000.000000 0.847806 166.453766 -0.253368 0.000000 0.000000 0.000000 4.079604
32800 329 149.169693 0.000000 1000.000000 3.183717 145.985977 0.000000 0.000000 0.000000 0.000000 4.695073
32900 330 149.874527 0.000000 1000.000000 0.790119 149.084412 0.000000 0.000000 0.000000 0.000000 7.059810
33000 331 158.695786 0.000000 1000.000000 0.718712 157.977081 0.000000 0.000000 0.000000 0.000000 5.426711
33100 332 149.937317 0.000000 1000.000000 0.928945 149.094025 -0.085643 0.000000 0.000000 0.000000 6.136327
33200 333 167.761337 0.000000 1000.000000 0.306119 167.455215 0.000000 0.000000 0.000000 0.000000 4.734868
33300 334 163.075668 0.000000 1000.000000 0.326707 162.825912 -0.076943 0.000000 0.000000 0.000000 4.727388
33400 335 159.491745 0.000000 1000.000000 0.662454 158.829285 0.000000 0.000000 0.000000 0.000000 5.392869
33500 336 162.303207 0.000000 1000.000000 0.274236 162.575851 -0.546874 0.000000 0.000000 0.000000 4.652293
33600 337 144.499664 0.000000 1000.000000 0.286738 144.212921 0.000000 0.000000 0.000000 0.000000 3.124082
33700 338 151.944580 0.000000 1000.000000 0.217013 151.727570 0.000000 0.000000 0.000000 0.000000 3.882972
33800 339 159.487961 0.000000 1000.000000 0.592637 158.895325 0.000000 0.000000 0.000000 0.000000 4.501006
33900 340 154.489273 0.000000 1000.000000 0.598076 153.938980 -0.047778 0.000000 0.000000 0.000000 5.070674
34000 341 155.484848 0.000000 1000.000000 2.336840 153.148010 0.000000 0.000000 0.000000 0.000000 3.943442
34100 342 151.946167 0.000000 1000.000000 1.902312 150.368378 -0.324527 0.000000 0.000000 0.000000 4.556595
34200 343 171.085480 0.000000 1000.000000 0.863305 170.222168 0.000000 0.000000 0.000000 0.000000 4.368565
34300 344 157.670868 0.000000 1000.000000 1.266726 156.404144 0.000000 0.000000 0.000000 0.000000 4.448310
34400 345 156.267654 0.000000 1000.000000 0.318528 155.949127 0.000000 0.000000 0.000000 0.000000 6.270297
34500 346 150.019897 0.000000 1000.000000 0.788779 149.231125 0.000000 0.000000 0.000000 0.000000 5.461000
34600 347 154.060196 0.000000 1000.000000 0.312217 153.747986 0.000000 0.000000 0.000000 0.000000 5.837563
34700 348 167.121948 0.000000 1000.000000 0.943550 166.178406 0.000000 0.000000 0.000000 0.000000 6.467622
34800 349 160.520264 0.000000 1000.000000 2.117177 158.403091 0.000000 0.000000 0.000000 0.000000 6.253026
34900 350 159.581543 0.000000 1000.000000 1.539918 158.369705 -0.328075 0.000000 0.000000 0.000000 6.060456
35000 351 162.987106 0.000000 1000.000000 0.679710 162.307404 0.000000 0.000000 0.000000 0.000000 6.223595
35100 352 155.031876 0.000000 1000.000000 0.426233 154.605637 0.000000 0.000000 0.000000 0.000000 5.723585
35200 353 158.377930 0.000000 1000.000000 0.536718 157.841217 0.000000 0.000000 0.000000 0.000000 6.931789
35300 354 142.625046 0.000000 1000.000000 1.260310 141.364731 0.000000 0.000000 0.000000 0.000000 6.933748
35400 355 153.375183 0.000000 1000.000000 1.902434 151.524353 -0.051598 0.000000 0.000000 0.000000 7.253476
35500 356 148.740570 0.000000 1000.000000 2.083208 146.657364 0.000000 0.000000 0.000000 0.000000 10.365034
35600 357 146.465378 0.000000 1000.000000 0.395002 146.070374 0.000000 0.000000 0.000000 0.000000 8.873559
35700 358 152.952362 0.000000 1000.000000 1.315155 151.637207 0.000000 0.000000 0.000000 0.000000 7.634403
35800 359 166.268814 0.000000 1000.000000 2.030705 164.238113 0.000000 0.000000 0.000000 0.000000 5.339098
35900 360 154.683243 0.000000 1000.000000 2.284586 152.398651 0.000000 0.000000 0.000000 0.000000 4.687231
36000 361 143.149429 0.000000 1000.000000 1.231680 142.061951 -0.144203 0.000000 0.000000 0.000000 5.455101
36100 362 161.241440 0.000000 1000.000000 1.413799 159.827637 0.000000 0.000000 0.000000 0.000000 4.627854
36200 363 153.553253 0.000000 1000.000000 0.633549 152.919708 0.000000 0.000000 0.000000 0.000000 6.411400
36300 364 158.680695 0.000000 1000.000000 1.489870 157.190826 0.000000 0.000000 0.000000 0.000000 7.116098
36400 365 166.524979 0.000000 1000.000000 1.030756 165.583267 -0.089047 0.000000 0.000000 0.000000 7.277913
36500 366 149.599884 0.000000 1000.000000 1.691303 148.166061 -0.257481 0.000000 0.000000 0.000000 5.368830
36600 367 146.212021 0.000000 1000.000000 1.593556 144.720383 -0.101915 0.000000 0.000000 0.000000 4.682286
36700 368 147.883209 0.000000 1000.000000 1.048551 147.522293 -0.687639 0.000000 0.000000 0.000000 4.463504
36800 369 160.185394 0.000000 1000.000000 0.444451 159.843399 -0.102463 0.000000 0.000000 0.000000 3.965726
36900 370 143.692947 0.000000 1000.000000 1.652358 142.040588 0.000000 0.000000 0.000000 0.000000 4.513380
37000 371 156.441055 0.000000 1000.000000 1.375570 155.065491 0.000000 0.000000 0.000000 0.000000 4.196532
37100 372 160.721848 0.000000 1000.000000 0.818610 160.091263 -0.188016 0.000000 0.000000 0.000000 5.877060
37200 373 160.484955 0.000000 1000.000000 0.522678 160.025787 -0.063508 0.000000 0.000000 0.000000 6.377565
37300 374 160.301361 0.000000 1000.000000 1.080584 159.247009 -0.026232 0.000000 0.000000 0.000000 5.006465
37400 375 142.013138 0.000000 1000.000000 0.849378 147.226959 -1.004202 -5.059005 0.000000 0.000000 4.483547
37500 376 165.817780 0.000000 1000.000000 0.781751 165.062134 -0.026104 0.000000 0.000000 0.000000 5.191615
37600 377 142.429657 0.000000 1000.000000 1.174348 141.763779 -0.508464 0.000000 0.000000 0.000000 5.845442
37700 378 157.558716 0.000000 1000.000000 0.430518 157.128204 0.000000 0.000000 0.000000 0.000000 3.344961
37800 379 152.741699 0.000000 1000.000000 0.260554 152.560242 -0.079106 0.000000 0.000000 0.000000 5.324996
37900 380 158.613571 0.000000 1000.000000 1.448047 157.165527 0.000000 0.000000 0.000000 0.000000 6.717202
38000 381 160.518997 0.000000 1000.000000 0.230603 160.398499 -0.110114 0.000000 0.000000 0.000000 6.731126
38100 382 157.404739 0.000000 1000.000000 2.347093 155.175720 -0.118077 0.000000 0.000000 0.000000 6.767046
38200 383 161.315048 0.000000 1000.000000 0.793263 160.521790 0.000000 0.000000 0.000000 0.000000 5.405567
38300 384 178.631744 0.000000 1000.000000 3.054562 180.092957 -1.729753 -2.786033 0.000000 0.000000 4.861727
38400 385 176.751312 0.000000 1000.000000 0.328139 176.646408 -0.223239 0.000000 0.000000 0.000000 5.982379
38500 386 173.187698 0.000000 1000.000000 0.309765 173.351181 -0.473252 0.000000 0.000000 0.000000 5.965493
38600 387 153.079086 0.000000 1000.000000 0.682520 152.496902 -0.100346 0.000000 0.000000 0.000000 3.812958
38700 388 158.943939 0.000000 1000.000000 0.270977 159.500290 -0.827336 0.000000 0.000000 0.000000 7.435007
38800 389 164.738022 0.000000 1000.000000 0.459837 164.839645 -0.561458 0.000000 0.000000 0.000000 5.207172
38900 390 165.205887 0.000000 1000.000000 0.469961 172.547943 -2.302714 -5.509289 0.000000 0.000000 4.505750
39000 391 154.703049 0.000000 1000.000000 0.896142 153.806900 0.000000 0.000000 0.000000 0.000000 5.521351
39100 392 158.777176 0.000000 1000.000000 2.472896 156.304276 0.000000 0.000000 0.000000 0.000000 4.224910
39200 393 148.021317 0.000000 1000.000000 0.221872 150.347412 -0.916328 -1.631655 0.000000 0.000000 4.464347
39300 394 147.204254 0.000000 1000.000000 0.328327 146.875931 0.000000 0.000000 0.000000 0.000000 4.650193
39400 395 159.622208 0.000000 1000.000000 0.813889 158.808319 0.000000 0.000000 0.000000 0.000000 7.058574
39500 396 153.299026 0.000000 1000.000000 1.467837 152.021957 -0.190769 0.000000 0.000000 0.000000 9.110594
39600 397 147.121368 0.000000 1000.000000 0.633355 146.610641 -0.122628 0.000000 0.000000 0.000000 5.590907
39700 398 144.877579 0.000000 1000.000000 0.415085 144.462494 0.000000 0.000000 0.000000 0.000000 5.956062
39800 399 158.765961 0.000000 1000.000000 0.440669 158.449585 -0.124299 0.000000 0.000000 0.000000 5.790158
39900 400 157.832474 0.000000 1000.000000 0.675592 157.156876 0.000000 0.000000 0.000000 0.000000 6.572064
40000 401 163.933228 0.000000 1000.000000 1.055070 162.878159 0.000000 0.000000 0.000000 0.000000 7.215776
40100 402 157.473206 0.000000 1000.000000 0.527153 157.092255 -0.146207 0.000000 0.000000 0.000000 4.088149
40200 403 151.254456 0.000000 1000.000000 1.322908 151.139481 -1.207930 0.000000 0.000000 0.000000 4.357979
40300 404 153.085388 0.000000 1000.000000 0.642783 152.556320 -0.113713 0.000000 0.000000 0.000000 4.815718
40400 405 150.601151 0.000000 1000.000000 0.785501 152.836868 -3.021231 0.000000 0.000000 0.000000 5.436181
40500 406 150.672241 0.000000 1000.000000 0.895513 157.631439 -2.388324 -5.466380 0.000000 0.000000 5.766742
40600 407 145.435440 0.000000 1000.000000 0.948743 145.568527 -1.081836 0.000000 0.000000 0.000000 4.149626
40700 408 166.526688 0.000000 1000.000000 0.836796 166.277588 -0.587699 0.000000 0.000000 0.000000 3.777961
40800 409 173.643707 0.000000 1000.000000 0.550249 173.093460 0.000000 0.000000 0.000000 0.000000 4.747669
40900 410 149.884384 0.000000 1000.000000 0.678829 150.899582 -1.694029 0.000000 0.000000 0.000000 4.756255
41000 411 154.486038 0.000000 1000.000000 0.396123 159.707199 -2.776813 -2.840472 0.000000 0.000000 6.343496
41100 412 160.653610 0.000000 1000.000000 1.101173 160.635590 -1.083151 0.000000 0.000000 0.000000 4.097697
41200 413 166.754669 0.000000 1000.000000 0.342723 166.411942 0.000000 0.000000 0.000000 0.000000 4.421314
41300 414 175.791199 0.000000 1000.000000 0.561117 175.385468 -0.155382 0.000000 0.000000 0.000000 6.918564
41400 415 158.761429 0.000000 1000.000000 0.975350 157.961609 -0.175531 0.000000 0.000000 0.000000 4.660654
41500 416 161.852753 0.000000 1000.000000 1.431641 168.179367 -2.952793 -4.805464 0.000000 0.000000 3.040961
41600 417 169.046463 0.000000 1000.000000 0.809763 168.236694 0.000000 0.000000 0.000000 0.000000 3.563750
41700 418 166.433487 0.000000 1000.000000 1.404142 165.762680 -0.733339 0.000000 0.000000 0.000000 5.101144
41800 419 157.552979 0.000000 1000.000000 0.420328 157.272766 -0.140118 0.000000 0.000000 0.000000 6.477988
41900 420 163.761414 0.000000 1000.000000 0.636258 163.125153 0.000000 0.000000 0.000000 0.000000 6.815086
42000 421 172.929840 0.000000 1000.000000 0.934813 173.651733 -1.656701 0.000000 0.000000 0.000000 3.689406
42100 422 170.382462 0.000000 1000.000000 0.380412 170.002045 0.000000 0.000000 0.000000 0.000000 5.898467
42200 423 178.272415 0.000000 1000.000000 1.688970 176.583450 0.000000 0.000000 0.000000 0.000000 4.145641
42300 424 162.802261 0.000000 1000.000000 0.635409 162.166855 0.000000 0.000000 0.000000 0.000000 3.278991
42400 425 170.659042 0.000000 1000.000000 0.461410 175.332199 -1.842544 -3.292019 0.000000 0.000000 3.469480
42500 426 154.163651 0.000000 1000.000000 0.587555 153.576096 0.000000 0.000000 0.000000 0.000000 2.904840
42600 427 150.945801 0.000000 1000.000000 0.741277 155.352997 -1.037717 -4.110756 0.000000 0.000000 3.283930
42700 428 165.905945 0.000000 1000.000000 2.389700 163.617020 -0.100771 0.000000 0.000000 0.000000 7.979051
42800 429 165.446548 0.000000 1000.000000 0.293885 168.101730 -0.734921 -2.214143 0.000000 0.000000 4.878862
42900 430 160.855331 0.000000 1000.000000 0.769390 160.085938 0.000000 0.000000 0.000000 0.000000 4.739294
43000 431 155.907288 0.000000 1000.000000 1.114050 155.144394 -0.351156 0.000000 0.000000 0.000000 6.057293
43100 432 145.867416 0.000000 1000.000000 0.584170 145.430817 -0.147561 0.000000 0.000000 0.000000 6.072773
43200 433 148.513596 0.000000 1000.000000 0.212494 148.628220 -0.327114 0.000000 0.000000 0.000000 3.364656
43300 434 157.909119 0.000000 1000.000000 1.932073 155.977051 0.000000 0.000000 0.000000 0.000000 4.246634
43400 435 139.506744 0.000000 1000.000000 0.545491 144.995239 -1.063058 -4.970924 0.000000 0.000000 4.208338
43500 436 158.797424 0.000000 1000.000000 1.407102 158.360062 -0.969744 0.000000 0.000000 0.000000 3.919138
43600 437 165.591812 0.000000 1000.000000 0.379808 165.502792 -0.290793 0.000000 0.000000 0.000000 6.448389
43700 438 155.913391 0.000000 1000.000000 0.986375 156.274384 -1.347366 0.000000 0.000000 0.000000 4.294161
43800 439 160.862839 0.000000 1000.000000 0.710865 160.689255 -0.537272 0.000000 0.000000 0.000000 3.751754
43900 440 154.996414 0.000000 1000.000000 0.352201 154.644211 0.000000 0.000000 0.000000 0.000000 4.206467
44000 441 164.076859 0.000000 1000.000000 1.508322 163.575104 -1.006555 0.000000 0.000000 0.000000 3.783445
44100 442 150.426239 0.000000 1000.000000 0.912009 149.514236 0.000000 0.000000 0.000000 0.000000 4.305659
44200 443 154.190918 0.000000 1000.000000 1.035645 153.342072 -0.186796 0.000000 0.000000 0.000000 3.340774
44300 444 146.693604 0.000000 1000.000000 0.455219 150.058441 -0.981522 -2.838525 0.000000 0.000000 6.097271
44400 445 144.719742 0.000000 1000.000000 0.493508 144.347305 -0.121076 0.000000 0.000000 0.000000 4.699397
44500 446 149.435699 0.000000 1000.000000 0.193027 149.242676 0.000000 0.000000 0.000000 0.000000 3.799983
44600 447 143.587082 0.000000 1000.000000 0.356780 145.275436 -2.045130 0.000000 0.000000 0.000000 3.722607
44700 448 153.906647 0.000000 1000.000000 1.412888 152.629181 -0.135415 0.000000 0.000000 0.000000 4.396009
44800 449 168.896881 0.000000 1000.000000 1.995791 168.218613 -1.317517 0.000000 0.000000 0.000000 3.549090
44900 450 143.677979 0.000000 1000.000000 0.855400 145.310303 -2.487711 0.000000 0.000000 0.000000 3.711543
45000 451 140.823959 0.000000 1000.000000 0.224245 146.151810 -2.147149 -3.404943 0.000000 0.000000 5.574001
45100 452 143.440689 0.000000 1000.000000 0.506687 143.245895 -0.311884 0.000000 0.000000 0.000000 6.107005
45200 453 154.771072 0.000000 1000.000000 0.783043 153.988037 0.000000 0.000000 0.000000 0.000000 7.000067
45300 454 141.698761 0.000000 1000.000000 0.961557 140.737198 0.000000 0.000000 0.000000 0.000000 5.059431
45400 455 157.333099 0.000000 1000.000000 1.515751 155.988998 -0.171643 0.000000 0.000000 0.000000 6.063782
45500 456 146.696671 0.000000 1000.000000 0.397739 148.526871 -2.227937 0.000000 0.000000 0.000000 4.943607
45600 457 164.809723 0.000000 1000.000000 1.713557 163.096161 0.000000 0.000000 0.000000 0.000000 3.885803
45700 458 141.649521 0.000000 1000.000000 0.714859 140.934662 0.000000 0.000000 0.000000 0.000000 4.285800
45800 459 155.505157 0.000000 1000.000000 0.944600 159.820084 -2.507224 -2.752303 0.000000 0.000000 4.739807
45900 460 155.711761 0.000000 1000.000000 0.233022 155.478745 0.000000 0.000000 0.000000 0.000000 4.816468
46000 461 158.617783 0.000000 1000.000000 0.341730 159.723648 -1.447609 0.000000 0.000000 0.000000 5.088020
46100 462 142.902359 0.000000 1000.000000 1.960312 142.282394 -1.340351 0.000000 0.000000 0.000000 5.473687
46200 463 138.430283 0.000000 1000.000000 0.393281 139.142288 -1.105279 0.000000 0.000000 0.000000 4.622142
46300 464 142.775345 0.000000 1000.000000 0.528397 146.524902 -1.364743 -2.913207 0.000000 0.000000 4.657864
46400 465 144.943832 0.000000 1000.000000 0.697572 146.219208 -1.972942 0.000000 0.000000 0.000000 4.050467
46500 466 145.003448 0.000000 1000.000000 1.808301 143.232498 -0.037348 0.000000 0.000000 0.000000 5.361057
46600 467 145.932281 0.000000 1000.000000 1.311974 144.620300 0.000000 0.000000 0.000000 0.000000 4.214787
46700 468 147.236969 0.000000 1000.000000 0.652258 148.613052 -2.486996 0.458665 0.000000 0.000000 5.885718
46800 469 156.892014 0.000000 1000.000000 1.090345 155.801666 0.000000 0.000000 0.000000 0.000000 5.146463
46900 470 161.278290 0.000000 1000.000000 0.945273 161.721497 -1.388472 0.000000 0.000000 0.000000 4.853016
47000 471 149.940765 0.000000 1000.000000 0.785684 149.155075 0.000000 0.000000 0.000000 0.000000 5.081462
47100 472 153.186386 0.000000 1000.000000 3.254001 149.932388 0.000000 0.000000 0.000000 0.000000 4.808926
47200 473 156.075195 0.000000 1000.000000 1.280114 154.795074 0.000000 0.000000 0.000000 0.000000 7.701168
47300 474 160.482910 0.000000 1000.000000 0.738550 159.744354 0.000000 0.000000 0.000000 0.000000 4.847593
47400 475 168.674561 0.000000 1000.000000 2.791837 165.882721 0.000000 0.000000 0.000000 0.000000 4.383868
47500 476 149.532150 0.000000 1000.000000 1.017172 148.514984 0.000000 0.000000 0.000000 0.000000 4.337554
47600 477 145.969879 0.000000 1000.000000 0.605218 146.077469 -0.712809 0.000000 0.000000 0.000000 4.124726
47700 478 164.266190 0.000000 1000.000000 1.045786 163.710068 -0.489670 0.000000 0.000000 0.000000 5.637464
47800 479 162.530640 0.000000 1000.000000 0.723416 161.807220 0.000000 0.000000 0.000000 0.000000 4.896504
47900 480 157.361938 0.000000 1000.000000 0.820576 157.077667 -0.536293 0.000000 0.000000 0.000000 4.583117
48000 481 150.415848 0.000000 1000.000000 0.197554 150.218292 0.000000 0.000000 0.000000 0.000000 5.669892
48100 482 151.153610 0.000000 1000.000000 0.213830 151.502365 -0.562599 0.000000 0.000000 0.000000 5.598662
48200 483 142.939133 0.000000 1000.000000 0.723768 142.265030 -0.049665 0.000000 0.000000 0.000000 7.657025
48300 484 188.573730 0.000000 1000.000000 0.881410 149.476089 -2.120059 40.336292 0.000000 0.000000 4.949276
48400 485 144.694244 0.000000 1000.000000 0.665603 144.427307 -0.398659 0.000000 0.000000 0.000000 7.470146
48500 486 157.755066 0.000000 1000.000000 1.119257 157.756195 -1.120391 0.000000 0.000000 0.000000 5.736484
48600 487 311.254883 0.000000 1000.000000 4.168713 127.646576 -2.099003 181.538605 0.000000 0.000000 5.115749
48700 488 155.843384 0.000000 1000.000000 0.931671 155.687622 -0.775913 0.000000 0.000000 0.000000 5.242339
48800 489 157.344040 0.000000 1000.000000 0.385324 157.348969 -0.390254 0.000000 0.000000 0.000000 5.993257
48900 490 158.199127 0.000000 1000.000000 0.389060 158.360367 -0.550292 0.000000 0.000000 0.000000 6.975071
49000 491 151.944565 0.000000 1000.000000 0.359535 151.820389 -0.235350 0.000000 0.000000 0.000000 6.603796
49100 492 134.530960 0.000000 1000.000000 0.261729 135.044266 -0.775046 0.000000 0.000000 0.000000 4.357238
49200 493 169.262909 0.000000 1000.000000 0.459333 172.618332 -1.632416 -2.182349 0.000000 0.000000 5.642244
49300 494 175.673386 0.000000 1000.000000 1.998209 174.437424 -0.762260 0.000000 0.000000 0.000000 4.801940
49400 495 169.924454 0.000000 1000.000000 0.314962 170.247009 -0.637514 0.000000 0.000000 0.000000 6.641395
49500 496 146.554138 0.000000 1000.000000 0.254793 146.299347 0.000000 0.000000 0.000000 0.000000 4.802063
49600 497 159.350204 0.000000 1000.000000 0.489746 158.860458 0.000000 0.000000 0.000000 0.000000 4.814014
49700 498 159.043732 0.000000 1000.000000 0.553654 158.490082 0.000000 0.000000 0.000000 0.000000 4.529760
49800 499 158.806183 0.000000 1000.000000 0.948276 157.857910 0.000000 0.000000 0.000000 0.000000 3.761276
49900 500 161.483292 0.000000 1000.000000 0.737749 166.881409 -2.879920 -3.255951 0.000000 0.000000 5.148678
50000 501 172.908112 0.000000 1000.000000 0.563786 178.925522 -1.628235 -4.952963 0.000000 0.000000 5.995062
