1 1 214.289322 0.000000 1000.000000 0.223186 225.859558 -3.319436 -8.473982 0.000000 0.000000 1.451121
100 2 186.565247 0.000000 1000.000000 0.386437 190.151062 -1.201831 -2.770435 0.000000 0.000000 7.718542
200 3 231.306274 0.000000 1000.000000 0.626044 201.326187 -1.034026 30.388075 0.000000 0.000000 9.430393
300 4 188.508972 0.000000 1000.000000 0.483423 188.314651 -0.289116 0.000000 0.000000 0.000000 9.323265
400 5 159.520340 0.000000 1000.000000 0.201836 159.892914 -0.574411 0.000000 0.000000 0.000000 7.709079
500 6 178.659180 0.000000 1000.000000 0.569829 178.521988 -0.432631 0.000000 0.000000 0.000000 8.465458
600 7 158.926071 0.000000 1000.000000 0.606564 162.013260 -0.612402 -3.081356 0.000000 0.000000 8.169553
700 8 191.099823 0.000000 1000.000000 1.402895 190.225006 -0.528080 0.000000 0.000000 0.000000 6.761752
800 9 167.796387 0.000000 1000.000000 2.642366 168.780975 -0.635219 -2.991722 0.000000 0.000000 8.671544
900 10 183.850510 0.000000 1000.000000 0.906152 183.356552 -0.412196 0.000000 0.000000 0.000000 9.449059
1000 11 183.401352 0.000000 1000.000000 0.395354 184.100357 -0.548978 -0.545373 0.000000 0.000000 7.168779
1100 12 185.386703 0.000000 1000.000000 0.611497 184.793686 -0.018475 0.000000 0.000000 0.000000 6.953810
1200 13 188.021149 0.000000 1000.000000 1.943610 186.572250 -0.494711 0.000000 0.000000 0.000000 10.041541
1300 14 192.805054 0.000000 1000.000000 1.088279 192.167923 -0.451136 0.000000 0.000000 0.000000 8.306196
1400 15 174.467667 0.000000 1000.000000 0.455374 177.379074 -0.623112 -2.743670 0.000000 0.000000 6.787507
1500 16 177.077225 0.000000 1000.000000 1.023055 176.234375 -0.180203 0.000000 0.000000 0.000000 6.960610
1600 17 171.972168 0.000000 1000.000000 0.951108 171.627029 -0.605975 0.000000 0.000000 0.000000 5.496944
1700 18 188.591324 0.000000 1000.000000 1.737012 187.468674 -0.614362 0.000000 0.000000 0.000000 4.835085
1800 19 173.909943 0.000000 1000.000000 1.129233 173.274582 -0.493872 0.000000 0.000000 0.000000 5.104105
1900 20 159.411804 0.000000 1000.000000 0.327264 159.084534 0.000000 0.000000 0.000000 0.000000 4.426098
2000 21 188.025482 0.000000 1000.000000 1.479526 186.545959 0.000000 0.000000 0.000000 0.000000 3.228993
2100 22 168.715134 0.000000 1000.000000 0.462060 168.657898 -0.404826 0.000000 0.000000 0.000000 6.434833
2200 23 172.189590 0.000000 1000.000000 0.620840 172.493393 -0.924631 0.000000 0.000000 0.000000 3.734729
2300 24 180.753891 0.000000 1000.000000 1.694440 179.795212 -0.735764 0.000000 0.000000 0.000000 3.868787
2400 25 183.856903 0.000000 1000.000000 1.786228 182.312637 -0.241964 0.000000 0.000000 0.000000 4.662764
2500 26 184.326416 0.000000 1000.000000 0.816728 183.532318 -0.022632 0.000000 0.000000 0.000000 4.548808
2600 27 166.697891 0.000000 1000.000000 1.146997 165.550888 0.000000 0.000000 0.000000 0.000000 6.081249
2700 28 188.830368 0.000000 1000.000000 0.368197 190.591644 -0.460481 -1.668996 0.000000 0.000000 4.626109
2800 29 187.266327 0.000000 1000.000000 1.968126 185.298203 0.000000 0.000000 0.000000 0.000000 3.161908
2900 30 181.869247 0.000000 1000.000000 1.805288 180.766525 -0.702553 0.000000 0.000000 0.000000 4.080780
3000 31 186.036148 0.000000 1000.000000 0.933271 185.102875 0.000000 0.000000 0.000000 0.000000 5.574833
3100 32 187.629227 0.000000 1000.000000 0.677527 187.427200 -0.475496 0.000000 0.000000 0.000000 4.791778
3200 33 173.514023 0.000000 1000.000000 2.585161 172.842117 -1.187609 -0.725653 0.000000 0.000000 3.987969
3300 34 185.023392 0.000000 1000.000000 0.994431 184.028961 0.000000 0.000000 0.000000 0.000000 6.461155
3400 35 182.673737 0.000000 1000.000000 0.994474 181.679260 0.000000 0.000000 0.000000 0.000000 5.369867
3500 36 181.502472 0.000000 1000.000000 0.685193 181.799789 -0.438570 -0.543949 0.000000 0.000000 8.075256
3600 37 219.537979 0.000000 1000.000000 0.409180 199.324921 -0.629235 20.433115 0.000000 0.000000 8.941257
3700 38 169.979126 0.000000 1000.000000 0.287520 169.848602 -0.157000 0.000000 0.000000 0.000000 8.076859
3800 39 181.176849 0.000000 1000.000000 1.485145 179.861588 -0.169877 0.000000 0.000000 0.000000 8.343657
3900 40 186.725952 0.000000 1000.000000 2.593308 184.450150 -0.317510 0.000000 0.000000 0.000000 4.694463
4000 41 182.878906 0.000000 1000.000000 1.075944 181.802963 0.000000 0.000000 0.000000 0.000000 4.659180
4100 42 168.247299 0.000000 1000.000000 1.192118 168.302521 -1.247349 0.000000 0.000000 0.000000 4.220299
4200 43 157.939224 0.000000 1000.000000 0.992433 156.946793 0.000000 0.000000 0.000000 0.000000 4.217902
4300 44 175.347870 0.000000 1000.000000 1.746595 173.983826 -0.382556 0.000000 0.000000 0.000000 3.623760
4400 45 183.028915 0.000000 1000.000000 0.750068 182.685867 -0.407013 0.000000 0.000000 0.000000 4.594337
4500 46 179.291321 0.000000 1000.000000 2.829654 177.486191 -1.024519 0.000000 0.000000 0.000000 3.195768
4600 47 173.156250 0.000000 1000.000000 1.416015 173.168121 -1.427894 0.000000 0.000000 0.000000 5.455365
4700 48 174.710220 0.000000 1000.000000 1.521693 173.188522 0.000000 0.000000 0.000000 0.000000 6.560259
4800 49 180.106598 0.000000 1000.000000 0.434091 165.618484 -2.146668 16.200676 0.000000 0.000000 4.156651
4900 50 192.464966 0.000000 1000.000000 1.023685 191.441284 0.000000 0.000000 0.000000 0.000000 6.409430
5000 51 166.245193 0.000000 1000.000000 0.765618 166.501312 -1.021747 0.000000 0.000000 0.000000 4.019346
5100 52 163.802155 0.000000 1000.000000 0.310051 164.025482 -0.533382 0.000000 0.000000 0.000000 6.387365
5200 53 174.806259 0.000000 1000.000000 2.130325 173.720627 -1.044692 0.000000 0.000000 0.000000 8.507827
5300 54 176.066452 0.000000 1000.000000 1.252612 176.013596 -1.199754 0.000000 0.000000 0.000000 6.433496
5400 55 184.989258 0.000000 1000.000000 1.237746 184.184067 -0.432556 0.000000 0.000000 0.000000 6.461927
5500 56 174.823685 0.000000 1000.000000 1.603089 173.415024 -0.194435 0.000000 0.000000 0.000000 6.851087
5600 57 168.730713 0.000000 1000.000000 0.768632 168.752502 -0.790423 0.000000 0.000000 0.000000 5.130986
5700 58 169.385590 0.000000 1000.000000 1.017571 169.440506 -1.072497 0.000000 0.000000 0.000000 4.760005
5800 59 179.042557 0.000000 1000.000000 0.186702 178.855850 0.000000 0.000000 0.000000 0.000000 5.228218
5900 60 150.879944 0.000000 1000.000000 1.997083 149.091064 -0.208212 0.000000 0.000000 0.000000 6.031435
6000 61 145.558426 0.000000 1000.000000 1.642086 144.055618 -0.139289 0.000000 0.000000 0.000000 6.739098
6100 62 183.103241 0.000000 1000.000000 1.305697 181.931946 -0.134397 0.000000 0.000000 0.000000 9.261890
6200 63 162.100143 0.000000 1000.000000 0.957378 161.245667 -0.102903 0.000000 0.000000 0.000000 8.609415
6300 64 167.553467 0.000000 1000.000000 0.526461 167.055588 -0.028577 0.000000 0.000000 0.000000 9.275826
6400 65 149.142639 0.000000 1000.000000 1.230432 148.045776 -0.133572 0.000000 0.000000 0.000000 10.395397
6500 66 156.130066 0.000000 1000.000000 0.393983 155.892380 -0.156294 0.000000 0.000000 0.000000 10.943965
6600 67 147.651917 0.000000 1000.000000 0.719765 146.970230 -0.038089 0.000000 0.000000 0.000000 9.845636
6700 68 173.968842 0.000000 1000.000000 3.688913 170.469666 -0.189745 0.000000 0.000000 0.000000 8.589458
6800 69 148.431351 0.000000 1000.000000 0.636758 147.824753 -0.030172 0.000000 0.000000 0.000000 7.852921
6900 70 150.883163 0.000000 1000.000000 0.985084 149.931046 -0.032965 0.000000 0.000000 0.000000 6.886052
7000 71 162.261810 0.000000 1000.000000 0.648930 161.942810 -0.329924 0.000000 0.000000 0.000000 7.105045
7100 72 162.134903 0.000000 1000.000000 1.171150 160.998688 -0.034927 0.000000 0.000000 0.000000 5.632683
7200 73 148.764542 0.000000 1000.000000 1.420370 147.377670 -0.033490 0.000000 0.000000 0.000000 8.245025
7300 74 168.505142 0.000000 1000.000000 1.146193 167.358948 0.000000 0.000000 0.000000 0.000000 6.590046
7400 75 162.310089 0.000000 1000.000000 0.840588 161.728928 -0.259436 0.000000 0.000000 0.000000 7.792261
7500 76 142.329453 0.000000 1000.000000 0.432480 141.932144 -0.035166 0.000000 0.000000 0.000000 7.453060
7600 77 147.611786 0.000000 1000.000000 0.240625 147.371155 0.000000 0.000000 0.000000 0.000000 9.049096
7700 78 151.265701 0.000000 1000.000000 0.985551 150.337036 -0.056886 0.000000 0.000000 0.000000 6.126126
7800 79 157.152832 0.000000 1000.000000 0.827209 156.325623 0.000000 0.000000 0.000000 0.000000 6.920914
7900 80 154.722107 0.000000 1000.000000 0.328225 154.393875 0.000000 0.000000 0.000000 0.000000 5.796134
8000 81 158.056213 0.000000 1000.000000 0.563841 157.546600 -0.054235 0.000000 0.000000 0.000000 7.873033
8100 82 157.323776 0.000000 1000.000000 1.082283 156.241501 0.000000 0.000000 0.000000 0.000000 5.847860
8200 83 159.953888 0.000000 1000.000000 0.584246 159.829895 -0.460246 0.000000 0.000000 0.000000 5.561508
8300 84 152.427429 0.000000 1000.000000 0.260681 152.204575 -0.037831 0.000000 0.000000 0.000000 6.117332
8400 85 155.988571 0.000000 1000.000000 0.181135 155.807434 0.000000 0.000000 0.000000 0.000000 6.912544
8500 86 158.624634 0.000000 1000.000000 1.469213 157.155426 0.000000 0.000000 0.000000 0.000000 7.090807
8600 87 167.887970 0.000000 1000.000000 2.901488 164.986481 0.000000 0.000000 0.000000 0.000000 7.742260
8700 88 165.473328 0.000000 1000.000000 1.294620 164.432114 -0.253401 0.000000 0.000000 0.000000 6.082376
8800 89 194.805740 0.000000 1000.000000 0.672126 194.397751 -0.264131 0.000000 0.000000 0.000000 5.783851
8900 90 174.200180 0.000000 1000.000000 2.711768 171.488419 0.000000 0.000000 0.000000 0.000000 4.762591
9000 91 162.444199 0.000000 1000.000000 0.589789 161.854416 0.000000 0.000000 0.000000 0.000000 5.627913
9100 92 156.605743 0.000000 1000.000000 0.882270 155.723480 0.000000 0.000000 0.000000 0.000000 5.474112
9200 93 156.527466 0.000000 1000.000000 0.848531 156.062653 -0.383719 0.000000 0.000000 0.000000 4.466572
9300 94 176.035568 0.000000 1000.000000 2.133864 173.901703 0.000000 0.000000 0.000000 0.000000 5.331314
9400 95 141.856476 0.000000 1000.000000 0.165594 141.690887 0.000000 0.000000 0.000000 0.000000 6.521335
9500 96 145.420425 0.000000 1000.000000 0.823649 144.596771 0.000000 0.000000 0.000000 0.000000 6.696221
9600 97 151.167023 0.000000 1000.000000 0.904370 150.262650 0.000000 0.000000 0.000000 0.000000 6.736119
9700 98 161.506104 0.000000 1000.000000 2.243156 159.289993 -0.027038 0.000000 0.000000 0.000000 6.575958
9800 99 169.756699 0.000000 1000.000000 0.400935 169.436432 -0.080669 0.000000 0.000000 0.000000 6.275277
9900 100 172.877518 0.000000 1000.000000 0.977913 172.072906 -0.173304 0.000000 0.000000 0.000000 7.519975
10000 101 158.310364 0.000000 1000.000000 2.401985 155.908371 0.000000 0.000000 0.000000 0.000000 6.031460
10100 102 170.584274 0.000000 1000.000000 0.572491 170.011780 0.000000 0.000000 0.000000 0.000000 5.918094
10200 103 175.361633 0.000000 1000.000000 1.220918 174.224350 -0.083635 0.000000 0.000000 0.000000 6.416468
10300 104 149.115952 0.000000 1000.000000 2.179933 146.936020 0.000000 0.000000 0.000000 0.000000 5.838711
10400 105 159.718323 0.000000 1000.000000 1.388727 158.608719 -0.279124 0.000000 0.000000 0.000000 5.215488
10500 106 155.460831 0.000000 1000.000000 0.652024 154.888626 -0.079814 0.000000 0.000000 0.000000 6.138882
10600 107 179.976715 0.000000 1000.000000 2.557568 177.419144 0.000000 0.000000 0.000000 0.000000 3.901356
10700 108 155.923859 0.000000 1000.000000 0.334990 155.765121 -0.176255 0.000000 0.000000 0.000000 5.219144
10800 109 149.693375 0.000000 1000.000000 1.922123 147.771255 0.000000 0.000000 0.000000 0.000000 5.059092
10900 110 149.125153 0.000000 1000.000000 0.463218 148.661942 0.000000 0.000000 0.000000 0.000000 5.320349
11000 111 165.806992 0.000000 1000.000000 1.833146 164.253387 -0.279546 0.000000 0.000000 0.000000 6.340107
11100 112 183.604813 0.000000 1000.000000 1.367457 182.558777 -0.321432 0.000000 0.000000 0.000000 5.782591
11200 113 151.451874 0.000000 1000.000000 0.476393 150.975479 0.000000 0.000000 0.000000 0.000000 5.003201
11300 114 178.804794 0.000000 1000.000000 1.219269 177.966507 -0.380988 0.000000 0.000000 0.000000 5.217823
11400 115 158.606842 0.000000 1000.000000 2.076302 156.530533 0.000000 0.000000 0.000000 0.000000 5.203896
11500 116 174.829727 0.000000 1000.000000 1.761150 173.092621 -0.024054 0.000000 0.000000 0.000000 5.848203
11600 117 155.652740 0.000000 1000.000000 1.874103 153.778641 0.000000 0.000000 0.000000 0.000000 6.441335
11700 118 162.127411 0.000000 1000.000000 0.910182 161.573242 -0.356022 0.000000 0.000000 0.000000 6.530378
11800 119 166.289536 0.000000 1000.000000 2.489195 164.213715 -0.413371 0.000000 0.000000 0.000000 6.337500
11900 120 155.404892 0.000000 1000.000000 1.218291 154.438812 -0.252218 0.000000 0.000000 0.000000 8.211275
12000 121 149.912888 0.000000 1000.000000 1.262138 148.679001 -0.028241 0.000000 0.000000 0.000000 6.901827
12100 122 156.670288 0.000000 1000.000000 1.934666 155.002258 -0.266632 0.000000 0.000000 0.000000 5.461868
12200 123 136.733688 0.000000 1000.000000 2.158117 135.100098 -0.524517 0.000000 0.000000 0.000000 5.070649
12300 124 138.672318 0.000000 1000.000000 1.695229 137.022705 -0.045601 0.000000 0.000000 0.000000 6.251929
12400 125 156.159546 0.000000 1000.000000 0.725124 155.953827 -0.519411 0.000000 0.000000 0.000000 5.941789
12500 126 156.139572 0.000000 1000.000000 0.859539 155.280029 0.000000 0.000000 0.000000 0.000000 7.160741
12600 127 141.239227 0.000000 1000.000000 0.508293 141.116058 -0.385113 0.000000 0.000000 0.000000 6.875962
12700 128 158.350479 0.000000 1000.000000 2.382500 156.147339 -0.179369 0.000000 0.000000 0.000000 8.105335
12800 129 152.352844 0.000000 1000.000000 1.347892 151.004959 0.000000 0.000000 0.000000 0.000000 7.333037
12900 130 158.182999 0.000000 1000.000000 0.815531 157.482773 -0.115309 0.000000 0.000000 0.000000 8.246231
13000 131 164.947662 0.000000 1000.000000 2.240479 162.707184 0.000000 0.000000 0.000000 0.000000 8.812701
13100 132 155.733002 0.000000 1000.000000 0.356568 155.376434 0.000000 0.000000 0.000000 0.000000 10.791583
13200 133 153.418823 0.000000 1000.000000 0.535825 152.882996 0.000000 0.000000 0.000000 0.000000 11.102095
13300 134 176.180908 0.000000 1000.000000 1.542766 174.638138 0.000000 0.000000 0.000000 0.000000 6.319361
13400 135 151.149841 0.000000 1000.000000 0.866620 150.283218 0.000000 0.000000 0.000000 0.000000 7.014756
13500 136 159.507309 0.000000 1000.000000 0.231725 159.275589 0.000000 0.000000 0.000000 0.000000 9.037571
13600 137 159.897049 0.000000 1000.000000 0.917220 159.023834 -0.044011 0.000000 0.000000 0.000000 9.151029
13700 138 154.852402 0.000000 1000.000000 0.521259 154.331146 0.000000 0.000000 0.000000 0.000000 11.957920
13800 139 153.032135 0.000000 1000.000000 2.157229 150.874908 0.000000 0.000000 0.000000 0.000000 9.097893
13900 140 149.276474 0.000000 1000.000000 0.308092 149.008347 -0.039960 0.000000 0.000000 0.000000 8.894108
14000 141 149.060226 0.000000 1000.000000 1.485588 147.973618 -0.398975 0.000000 0.000000 0.000000 8.982267
14100 142 168.341339 0.000000 1000.000000 2.352240 166.022476 -0.033368 0.000000 0.000000 0.000000 7.008469
14200 143 157.180023 0.000000 1000.000000 2.474939 154.777145 -0.072073 0.000000 0.000000 0.000000 6.036041
14300 144 158.031921 0.000000 1000.000000 1.144244 156.887680 0.000000 0.000000 0.000000 0.000000 5.475382
14400 145 170.738663 0.000000 1000.000000 0.589268 170.488571 -0.339179 0.000000 0.000000 0.000000 5.868587
14500 146 151.009933 0.000000 1000.000000 1.127367 149.882568 0.000000 0.000000 0.000000 0.000000 5.488522
14600 147 152.185745 0.000000 1000.000000 1.060310 151.423523 -0.298103 0.000000 0.000000 0.000000 4.965489
14700 148 142.210861 0.000000 1000.000000 1.946904 140.263962 0.000000 0.000000 0.000000 0.000000 4.891617
14800 149 165.326416 0.000000 1000.000000 0.581451 165.093719 -0.348752 0.000000 0.000000 0.000000 4.213894
14900 150 146.176270 0.000000 1000.000000 0.594993 145.620743 -0.039459 0.000000 0.000000 0.000000 4.613101
15000 151 148.373276 0.000000 1000.000000 0.553014 148.045258 -0.224997 0.000000 0.000000 0.000000 4.811748
15100 152 143.028336 0.000000 1000.000000 0.437724 142.816254 -0.225648 0.000000 0.000000 0.000000 4.835335
15200 153 165.427094 0.000000 1000.000000 0.671139 164.801224 -0.045274 0.000000 0.000000 0.000000 7.979599
15300 154 139.404099 0.000000 1000.000000 0.226640 139.177460 0.000000 0.000000 0.000000 0.000000 7.567076
15400 155 161.494064 0.000000 1000.000000 0.780042 160.714020 0.000000 0.000000 0.000000 0.000000 5.383614
15500 156 154.488541 0.000000 1000.000000 0.672584 153.815964 0.000000 0.000000 0.000000 0.000000 7.164112
15600 157 157.767792 0.000000 1000.000000 1.496919 156.305237 -0.034365 0.000000 0.000000 0.000000 5.281194
15700 158 159.828552 0.000000 1000.000000 2.178791 157.649765 0.000000 0.000000 0.000000 0.000000 6.663116
15800 159 146.454102 0.000000 1000.000000 0.901758 146.009262 -0.456932 0.000000 0.000000 0.000000 4.647538
15900 160 156.299881 0.000000 1000.000000 1.054250 155.245636 0.000000 0.000000 0.000000 0.000000 6.875474
16000 161 162.587265 0.000000 1000.000000 0.782930 162.320541 -0.516199 0.000000 0.000000 0.000000 5.445046
16100 162 143.520355 0.000000 1000.000000 0.750329 143.379211 -0.609193 0.000000 0.000000 0.000000 5.200879
16200 163 144.411469 0.000000 1000.000000 2.067705 142.343765 0.000000 0.000000 0.000000 0.000000 7.716012
16300 164 150.027817 0.000000 1000.000000 0.299942 150.038635 -0.310764 0.000000 0.000000 0.000000 6.825331
16400 165 135.075027 0.000000 1000.000000 0.171348 135.061203 -0.157511 0.000000 0.000000 0.000000 6.702893
16500 166 133.077774 0.000000 1000.000000 0.353225 132.724548 0.000000 0.000000 0.000000 0.000000 7.474680
16600 167 126.239342 0.000000 1000.000000 1.065813 125.328812 -0.155283 0.000000 0.000000 0.000000 7.779233
16700 168 147.289139 0.000000 1000.000000 0.491079 146.843414 -0.045352 0.000000 0.000000 0.000000 7.309138
16800 169 152.218872 0.000000 1000.000000 0.313771 151.905106 0.000000 0.000000 0.000000 0.000000 5.229847
16900 170 132.928146 0.000000 1000.000000 0.440713 132.487427 0.000000 0.000000 0.000000 0.000000 7.232699
17000 171 141.799683 0.000000 1000.000000 0.223341 141.614365 -0.038018 0.000000 0.000000 0.000000 6.428362
17100 172 133.811722 0.000000 1000.000000 0.387769 133.423950 0.000000 0.000000 0.000000 0.000000 8.899367
17200 173 154.357178 0.000000 1000.000000 0.691497 153.708527 -0.042849 0.000000 0.000000 0.000000 6.287655
17300 174 152.601730 0.000000 1000.000000 0.516115 152.126129 -0.040511 0.000000 0.000000 0.000000 7.262572
17400 175 170.314880 0.000000 1000.000000 1.296719 169.267502 -0.249342 0.000000 0.000000 0.000000 6.635594
17500 176 172.502823 0.000000 1000.000000 1.419016 171.083801 0.000000 0.000000 0.000000 0.000000 5.846249
17600 177 151.179382 0.000000 1000.000000 1.563676 149.650940 -0.035226 0.000000 0.000000 0.000000 6.097602
17700 178 164.027069 0.000000 1000.000000 0.228042 164.213577 -0.414552 0.000000 0.000000 0.000000 5.688575
17800 179 143.926132 0.000000 1000.000000 0.796925 143.423203 -0.293990 0.000000 0.000000 0.000000 5.563246
17900 180 158.859146 0.000000 1000.000000 0.473280 158.456879 -0.071019 0.000000 0.000000 0.000000 6.560604
18000 181 140.419266 0.000000 1000.000000 0.383324 140.214157 -0.178224 0.000000 0.000000 0.000000 6.202725
18100 182 150.878067 0.000000 1000.000000 0.627659 150.250412 0.000000 0.000000 0.000000 0.000000 5.812083
18200 183 154.890594 0.000000 1000.000000 1.026908 153.863693 0.000000 0.000000 0.000000 0.000000 5.078134
18300 184 141.903137 0.000000 1000.000000 1.274809 140.628326 0.000000 0.000000 0.000000 0.000000 7.142853
18400 185 143.783783 0.000000 1000.000000 0.134426 144.102509 -0.453156 0.000000 0.000000 0.000000 9.717967
18500 186 157.492279 0.000000 1000.000000 0.904575 156.676865 -0.089160 0.000000 0.000000 0.000000 8.001773
18600 187 140.689590 0.000000 1000.000000 2.072611 139.364136 -0.747161 0.000000 0.000000 0.000000 8.033252
18700 188 157.044113 0.000000 1000.000000 1.567633 155.566833 -0.090345 0.000000 0.000000 0.000000 8.508133
18800 189 173.454468 0.000000 1000.000000 2.973941 170.886963 -0.406428 0.000000 0.000000 0.000000 8.033010
18900 190 148.130447 0.000000 1000.000000 0.620771 147.509674 0.000000 0.000000 0.000000 0.000000 7.233729
19000 191 144.203659 0.000000 1000.000000 1.600834 142.860977 -0.258152 0.000000 0.000000 0.000000 8.475465
19100 192 149.390930 0.000000 1000.000000 0.174347 149.451218 -0.234629 0.000000 0.000000 0.000000 6.299781
19200 193 151.272293 0.000000 1000.000000 0.759109 150.565781 -0.052592 0.000000 0.000000 0.000000 7.367950
19300 194 146.409164 0.000000 1000.000000 1.822793 144.586365 0.000000 0.000000 0.000000 0.000000 6.167280
19400 195 157.794037 0.000000 1000.000000 0.930477 157.464600 -0.601037 0.000000 0.000000 0.000000 6.238028
19500 196 165.679230 0.000000 1000.000000 2.161608 163.981277 -0.463647 0.000000 0.000000 0.000000 6.015207
19600 197 165.058762 0.000000 1000.000000 1.131381 164.419785 -0.492402 0.000000 0.000000 0.000000 7.195664
19700 198 154.671219 0.000000 1000.000000 0.805034 153.866180 0.000000 0.000000 0.000000 0.000000 5.001998
19800 199 159.001602 0.000000 1000.000000 2.182302 157.346329 -0.527021 0.000000 0.000000 0.000000 5.394917
19900 200 181.959900 0.000000 1000.000000 1.731539 180.228363 0.000000 0.000000 0.000000 0.000000 8.531736
20000 201 165.969452 0.000000 1000.000000 1.223147 164.746307 0.000000 0.000000 0.000000 0.000000 5.770360
20100 202 156.161865 0.000000 1000.000000 0.622865 155.539001 0.000000 0.000000 0.000000 0.000000 5.926201
20200 203 141.850250 0.000000 1000.000000 1.636591 140.543747 -0.330095 0.000000 0.000000 0.000000 6.338553
20300 204 143.613617 0.000000 1000.000000 0.706242 143.484283 -0.576897 0.000000 0.000000 0.000000 5.042771
20400 205 145.172195 0.000000 1000.000000 1.464005 143.708191 0.000000 0.000000 0.000000 0.000000 4.549997
20500 206 168.071594 0.000000 1000.000000 0.729905 167.341690 0.000000 0.000000 0.000000 0.000000 5.243424
20600 207 170.999222 0.000000 1000.000000 0.455298 166.850983 -1.143198 4.836156 0.000000 0.000000 6.542812
20700 208 172.054443 0.000000 1000.000000 0.692478 171.844299 -0.482325 0.000000 0.000000 0.000000 4.338814
20800 209 165.350601 0.000000 1000.000000 1.369957 164.544632 -0.563973 0.000000 0.000000 0.000000 4.506952
20900 210 160.497070 0.000000 1000.000000 0.356745 160.140320 0.000000 0.000000 0.000000 0.000000 5.510845
21000 211 161.523026 0.000000 1000.000000 0.608205 160.914825 0.000000 0.000000 0.000000 0.000000 4.330331
21100 212 152.549866 0.000000 1000.000000 1.357337 151.192535 0.000000 0.000000 0.000000 0.000000 5.034295
21200 213 146.386414 0.000000 1000.000000 0.591192 145.795227 0.000000 0.000000 0.000000 0.000000 4.350054
21300 214 158.123352 0.000000 1000.000000 0.832506 157.290848 0.000000 0.000000 0.000000 0.000000 8.319809
21400 215 147.616058 0.000000 1000.000000 0.347364 147.268692 0.000000 0.000000 0.000000 0.000000 6.140815
21500 216 156.945999 0.000000 1000.000000 3.301171 153.644821 0.000000 0.000000 0.000000 0.000000 5.330755
21600 217 150.495438 0.000000 1000.000000 0.655179 150.019638 -0.179380 0.000000 0.000000 0.000000 4.905863
21700 218 164.960190 0.000000 1000.000000 0.714152 164.577774 -0.331743 0.000000 0.000000 0.000000 7.375418
21800 219 141.535706 0.000000 1000.000000 1.156518 140.379181 0.000000 0.000000 0.000000 0.000000 7.969723
21900 220 162.806656 0.000000 1000.000000 1.626464 161.180191 0.000000 0.000000 0.000000 0.000000 3.879945
22000 221 186.485199 0.000000 1000.000000 2.964097 183.521103 0.000000 0.000000 0.000000 0.000000 8.391014
22100 222 149.927933 0.000000 1000.000000 1.029509 149.369507 -0.471091 0.000000 0.000000 0.000000 4.597487
22200 223 161.452347 0.000000 1000.000000 0.142952 161.775909 -0.466522 0.000000 0.000000 0.000000 4.040955
22300 224 161.653442 0.000000 1000.000000 2.349797 159.303650 0.000000 0.000000 0.000000 0.000000 6.709583
22400 225 170.389328 0.000000 1000.000000 0.523425 169.865906 0.000000 0.000000 0.000000 0.000000 4.212797
22500 226 161.903030 0.000000 1000.000000 1.106318 161.216507 -0.419798 0.000000 0.000000 0.000000 4.547229
22600 227 152.217133 0.000000 1000.000000 0.242553 151.974579 0.000000 0.000000 0.000000 0.000000 3.944703
22700 228 155.921173 0.000000 1000.000000 0.979840 154.941330 0.000000 0.000000 0.000000 0.000000 5.305253
22800 229 145.994339 0.000000 1000.000000 0.906257 145.172348 -0.084256 0.000000 0.000000 0.000000 3.874152
22900 230 154.689392 0.000000 1000.000000 0.439626 154.249771 0.000000 0.000000 0.000000 0.000000 3.396144
23000 231 142.638199 0.000000 1000.000000 1.196276 141.562332 -0.120411 0.000000 0.000000 0.000000 4.319066
23100 232 164.502197 0.000000 1000.000000 1.332374 163.169830 0.000000 0.000000 0.000000 0.000000 7.751044
23200 233 156.226318 0.000000 1000.000000 0.797158 155.429153 0.000000 0.000000 0.000000 0.000000 4.990257
23300 234 145.900131 0.000000 1000.000000 1.744860 144.548233 -0.392954 0.000000 0.000000 0.000000 2.982708
23400 235 146.132568 0.000000 1000.000000 0.322961 145.809601 0.000000 0.000000 0.000000 0.000000 6.341526
23500 236 149.995529 0.000000 1000.000000 1.341679 148.653854 0.000000 0.000000 0.000000 0.000000 5.965899
23600 237 145.047882 0.000000 1000.000000 0.760687 144.287201 0.000000 0.000000 0.000000 0.000000 8.802594
23700 238 155.874786 0.000000 1000.000000 0.731833 155.502640 -0.359676 0.000000 0.000000 0.000000 7.787225
23800 239 145.564041 0.000000 1000.000000 1.669850 144.473923 -0.579727 0.000000 0.000000 0.000000 7.986692
23900 240 147.074966 0.000000 1000.000000 0.895551 146.628311 -0.448903 0.000000 0.000000 0.000000 5.562354
24000 241 134.104141 0.000000 1000.000000 0.669758 133.654037 -0.219655 0.000000 0.000000 0.000000 3.478793
24100 242 146.911484 0.000000 1000.000000 1.560164 145.828506 -0.477193 0.000000 0.000000 0.000000 4.897204
24200 243 163.035309 0.000000 1000.000000 3.550862 159.777634 -0.293185 0.000000 0.000000 0.000000 4.403027
24300 244 145.636749 0.000000 1000.000000 0.440885 145.247238 -0.051374 0.000000 0.000000 0.000000 5.029356
24400 245 171.750931 0.000000 1000.000000 1.052357 171.046371 -0.347791 0.000000 0.000000 0.000000 4.823108
24500 246 155.929199 0.000000 1000.000000 2.412290 153.917648 -0.400743 0.000000 0.000000 0.000000 3.428171
24600 247 150.598511 0.000000 1000.000000 2.024873 154.345200 -1.261045 -4.510519 0.000000 0.000000 4.799587
24700 248 165.179581 0.000000 1000.000000 1.722477 163.457108 0.000000 0.000000 0.000000 0.000000 6.044703
24800 249 156.184692 0.000000 1000.000000 1.036098 155.148590 0.000000 0.000000 0.000000 0.000000 5.795044
24900 250 146.761017 0.000000 1000.000000 1.152792 145.995773 -0.387539 0.000000 0.000000 0.000000 3.138807
25000 251 150.156830 0.000000 1000.000000 3.205522 147.444977 -0.493668 0.000000 0.000000 0.000000 3.100189
25100 252 161.337845 0.000000 1000.000000 1.438247 160.137131 -0.237532 0.000000 0.000000 0.000000 5.674948
25200 253 141.359299 0.000000 1000.000000 0.405551 141.494324 -0.540574 0.000000 0.000000 0.000000 4.015563
25300 254 152.090820 0.000000 1000.000000 0.881782 151.638138 -0.429097 0.000000 0.000000 0.000000 4.105879
25400 255 139.059357 0.000000 1000.000000 0.334190 144.672394 -0.485622 -5.461597 0.000000 0.000000 5.297338
25500 256 152.686066 0.000000 1000.000000 2.397032 150.289032 0.000000 0.000000 0.000000 0.000000 3.629322
25600 257 147.524338 0.000000 1000.000000 1.324152 146.200180 0.000000 0.000000 0.000000 0.000000 3.884051
25700 258 181.344604 0.000000 1000.000000 1.063614 148.296631 -0.864092 32.848450 0.000000 0.000000 5.653967
25800 259 156.163116 0.000000 1000.000000 0.671065 155.492050 0.000000 0.000000 0.000000 0.000000 6.109122
25900 260 167.818665 0.000000 1000.000000 2.089497 166.052765 -0.323592 0.000000 0.000000 0.000000 4.396676
26000 261 166.410019 0.000000 1000.000000 2.048595 164.591507 -0.230090 0.000000 0.000000 0.000000 5.755788
26100 262 154.594421 0.000000 1000.000000 0.932297 153.975357 -0.313234 0.000000 0.000000 0.000000 7.238795
26200 263 166.666321 0.000000 1000.000000 0.907347 166.458130 -0.699156 0.000000 0.000000 0.000000 5.846415
26300 264 151.087418 0.000000 1000.000000 0.735193 150.352219 0.000000 0.000000 0.000000 0.000000 4.930267
26400 265 157.199081 0.000000 1000.000000 1.034050 156.722534 -0.557504 0.000000 0.000000 0.000000 4.176927
26500 266 154.749756 0.000000 1000.000000 1.931820 153.158432 -0.340505 0.000000 0.000000 0.000000 5.614340
26600 267 166.493179 0.000000 1000.000000 0.432339 166.106888 -0.046050 0.000000 0.000000 0.000000 7.833615
26700 268 149.713181 0.000000 1000.000000 0.393373 149.370148 -0.050344 0.000000 0.000000 0.000000 7.361954
26800 269 167.017670 0.000000 1000.000000 0.399708 166.617966 0.000000 0.000000 0.000000 0.000000 6.895279
26900 270 175.550613 0.000000 1000.000000 0.511742 175.038864 0.000000 0.000000 0.000000 0.000000 7.196320
27000 271 143.966476 0.000000 1000.000000 1.447160 142.550308 -0.030993 0.000000 0.000000 0.000000 6.608356
27100 272 133.710403 0.000000 1000.000000 1.716583 132.119293 -0.125474 0.000000 0.000000 0.000000 8.938971
27200 273 148.843063 0.000000 1000.000000 1.356007 147.487061 0.000000 0.000000 0.000000 0.000000 7.786552
27300 274 160.278076 0.000000 1000.000000 0.479602 159.798477 0.000000 0.000000 0.000000 0.000000 6.823225
27400 275 153.643524 0.000000 1000.000000 0.308255 153.335266 0.000000 0.000000 0.000000 0.000000 7.350129
27500 276 153.896927 0.000000 1000.000000 1.559928 152.337006 0.000000 0.000000 0.000000 0.000000 5.881205
27600 277 147.259811 0.000000 1000.000000 0.952761 146.307053 0.000000 0.000000 0.000000 0.000000 8.108317
27700 278 161.813812 0.000000 1000.000000 2.040964 159.772842 0.000000 0.000000 0.000000 0.000000 7.001194
27800 279 138.125641 0.000000 1000.000000 1.403917 136.721725 0.000000 0.000000 0.000000 0.000000 10.474994
27900 280 181.009094 0.000000 1000.000000 0.629741 149.642273 -0.766643 31.503725 0.000000 0.000000 6.828978
28000 281 156.617371 0.000000 1000.000000 1.174853 155.654312 -0.211786 0.000000 0.000000 0.000000 7.630225
28100 282 165.010071 0.000000 1000.000000 0.418462 164.591614 0.000000 0.000000 0.000000 0.000000 6.036086
28200 283 133.814835 0.000000 1000.000000 0.740596 133.245605 -0.171371 0.000000 0.000000 0.000000 6.689177
28300 284 152.010681 0.000000 1000.000000 1.824357 150.553711 -0.367378 0.000000 0.000000 0.000000 6.161954
28400 285 149.226822 0.000000 1000.000000 1.180315 148.428986 -0.382481 0.000000 0.000000 0.000000 3.954499
28500 286 153.685913 0.000000 1000.000000 0.542000 153.143906 0.000000 0.000000 0.000000 0.000000 7.094491
28600 287 162.133148 0.000000 1000.000000 0.832402 161.376495 -0.075749 0.000000 0.000000 0.000000 7.506557
28700 288 141.818787 0.000000 1000.000000 0.440893 141.480698 -0.102804 0.000000 0.000000 0.000000 6.814689
28800 289 156.037842 0.000000 1000.000000 0.219399 161.308289 -1.547619 -3.942233 0.000000 0.000000 7.987121
28900 290 137.913254 0.000000 1000.000000 0.347663 138.468445 -0.902844 0.000000 0.000000 0.000000 5.950127
29000 291 155.966324 0.000000 1000.000000 0.443431 156.113922 -0.591031 0.000000 0.000000 0.000000 7.392267
29100 292 140.970047 0.000000 1000.000000 1.122184 141.376251 -1.528388 0.000000 0.000000 0.000000 7.846925
29200 293 151.203583 0.000000 1000.000000 0.826310 152.140778 -1.763510 0.000000 0.000000 0.000000 7.331484
29300 294 157.316513 0.000000 1000.000000 1.093111 156.397171 -0.173760 0.000000 0.000000 0.000000 13.523779
29400 295 147.988678 0.000000 1000.000000 1.400961 146.587723 0.000000 0.000000 0.000000 0.000000 8.176210
29500 296 132.252228 0.000000 1000.000000 0.873635 131.378586 0.000000 0.000000 0.000000 0.000000 9.035374
29600 297 134.138306 0.000000 1000.000000 0.316491 134.380936 -0.559131 0.000000 0.000000 0.000000 7.775579
29700 298 167.291245 0.000000 1000.000000 0.995853 166.487137 -0.191743 0.000000 0.000000 0.000000 6.971185
29800 299 149.560059 0.000000 1000.000000 0.731564 148.923492 -0.095004 0.000000 0.000000 0.000000 8.922652
29900 300 166.502304 0.000000 1000.000000 1.257853 165.346680 -0.102232 0.000000 0.000000 0.000000 9.859830
30000 301 135.741653 0.000000 1000.000000 0.286879 135.526855 -0.072083 0.000000 0.000000 0.000000 9.588800
30100 302 154.182144 0.000000 1000.000000 1.905331 152.311584 -0.034782 0.000000 0.000000 0.000000 11.372008
30200 303 145.982712 0.000000 1000.000000 0.467158 146.364182 -0.848639 0.000000 0.000000 0.000000 7.093346
30300 304 164.594955 0.000000 1000.000000 0.748424 164.153931 -0.307411 0.000000 0.000000 0.000000 8.072340
30400 305 142.461090 0.000000 1000.000000 0.443277 147.937744 -0.927992 -4.991936 0.000000 0.000000 11.365722
30500 306 135.201462 0.000000 1000.000000 1.321814 134.491348 -0.611687 0.000000 0.000000 0.000000 8.961514
30600 307 154.887619 0.000000 1000.000000 0.516167 155.182739 -0.811300 0.000000 0.000000 0.000000 8.071209
30700 308 140.653076 0.000000 1000.000000 0.841161 139.849777 -0.037856 0.000000 0.000000 0.000000 10.152615
30800 309 147.517761 0.000000 1000.000000 1.239644 146.278122 0.000000 0.000000 0.000000 0.000000 9.172318
30900 310 143.800690 0.000000 1000.000000 0.369467 144.726807 -1.295570 0.000000 0.000000 0.000000 9.294720
31000 311 159.692123 0.000000 1000.000000 1.383573 158.993515 -0.684960 0.000000 0.000000 0.000000 9.274325
31100 312 139.697357 0.000000 1000.000000 0.344918 135.476273 -2.432707 6.308864 0.000000 0.000000 10.803053
31200 313 138.592987 0.000000 1000.000000 0.325767 147.246490 -2.116081 -6.863196 0.000000 0.000000 7.417769
31300 314 134.776138 0.000000 1000.000000 0.258223 141.908691 -2.990910 -4.399876 0.000000 0.000000 7.390916
31400 315 141.219238 0.000000 1000.000000 1.278156 139.941086 0.000000 0.000000 0.000000 0.000000 8.672476
31500 316 131.137360 0.000000 1000.000000 0.279457 131.227325 -0.369412 0.000000 0.000000 0.000000 8.394903
31600 317 132.299652 0.000000 1000.000000 0.379168 132.103729 -0.183237 0.000000 0.000000 0.000000 8.266348
31700 318 141.914841 0.000000 1000.000000 0.787528 141.154785 -0.027466 0.000000 0.000000 0.000000 9.793736
31800 319 132.363831 0.000000 1000.000000 1.074925 132.216599 -0.927685 0.000000 0.000000 0.000000 7.896515
31900 320 142.654770 0.000000 1000.000000 0.408026 143.990860 -1.744115 0.000000 0.000000 0.000000 8.367538
32000 321 132.112564 0.000000 1000.000000 2.236221 131.314621 -1.438282 0.000000 0.000000 0.000000 7.218756
32100 322 143.035355 0.000000 1000.000000 0.534764 145.218246 -2.717652 0.000000 0.000000 0.000000 8.035556
32200 323 147.569260 0.000000 1000.000000 0.354377 148.553101 -1.338217 0.000000 0.000000 0.000000 6.540307
32300 324 143.076782 0.000000 1000.000000 0.943832 142.494888 -0.361939 0.000000 0.000000 0.000000 5.450833
32400 325 135.482559 0.000000 1000.000000 0.567904 135.905090 -0.990427 0.000000 0.000000 0.000000 6.480247
32500 326 136.153687 0.000000 1000.000000 1.137753 135.305511 -0.289587 0.000000 0.000000 0.000000 5.260592
32600 327 148.260590 0.000000 1000.000000 1.446321 147.103287 -0.289024 0.000000 0.000000 0.000000 5.790441
32700 328 139.095505 0.000000 1000.000000 1.478413 138.966949 -1.349855 0.000000 0.000000 0.000000 5.716797
32800 329 165.388336 0.000000 1000.000000 0.773765 165.283310 -0.668726 0.000000 0.000000 0.000000 6.735221
32900 330 156.103546 0.000000 1000.000000 1.336374 154.767166 0.000000 0.000000 0.000000 0.000000 7.124786
33000 331 161.536041 0.000000 1000.000000 1.273395 160.779694 -0.517038 0.000000 0.000000 0.000000 6.361804
33100 332 158.586044 0.000000 1000.000000 1.043942 158.498291 -0.956186 0.000000 0.000000 0.000000 5.708076
33200 333 162.416412 0.000000 1000.000000 0.510197 161.906219 0.000000 0.000000 0.000000 0.000000 7.081031
33300 334 149.189224 0.000000 1000.000000 0.677216 148.770462 -0.258456 0.000000 0.000000 0.000000 6.162229
33400 335 149.799088 0.000000 1000.000000 0.890763 150.045395 -1.137075 0.000000 0.000000 0.000000 4.681520
33500 336 150.528839 0.000000 1000.000000 0.226382 150.806808 -0.504351 0.000000 0.000000 0.000000 7.016824
33600 337 142.296051 0.000000 1000.000000 0.604107 141.988297 -0.296356 0.000000 0.000000 0.000000 6.477898
33700 338 133.037186 0.000000 1000.000000 0.800493 132.990311 -0.753614 0.000000 0.000000 0.000000 5.504708
33800 339 145.268982 0.000000 1000.000000 0.994164 149.316101 -1.815096 -3.226193 0.000000 0.000000 4.872351
33900 340 157.768051 0.000000 1000.000000 0.926247 156.897232 -0.055436 0.000000 0.000000 0.000000 5.176992
34000 341 164.478912 0.000000 1000.000000 0.571741 163.907166 0.000000 0.000000 0.000000 0.000000 6.787551
34100 342 146.054337 0.000000 1000.000000 0.577073 145.477264 0.000000 0.000000 0.000000 0.000000 10.752581
34200 343 154.429581 0.000000 1000.000000 2.536260 153.036453 -1.143120 0.000000 0.000000 0.000000 6.326271
34300 344 162.480850 0.000000 1000.000000 1.479577 161.624252 -0.622987 0.000000 0.000000 0.000000 4.401495
34400 345 152.669998 0.000000 1000.000000 0.591368 154.047989 -1.969356 0.000000 0.000000 0.000000 5.957198
34500 346 139.824875 0.000000 1000.000000 1.826614 139.567947 -1.569680 0.000000 0.000000 0.000000 4.471198
34600 347 154.150620 0.000000 1000.000000 2.555520 151.646927 -0.051832 0.000000 0.000000 0.000000 6.799131
34700 348 171.453690 0.000000 1000.000000 1.615353 152.636185 -1.530026 18.732180 0.000000 0.000000 7.469180
34800 349 149.504349 0.000000 1000.000000 2.101146 147.403198 0.000000 0.000000 0.000000 0.000000 7.000205
34900 350 151.325592 0.000000 1000.000000 0.788377 150.986450 -0.449227 0.000000 0.000000 0.000000 7.784670
35000 351 154.391373 0.000000 1000.000000 1.311161 153.787537 -0.707324 0.000000 0.000000 0.000000 6.438808
35100 352 168.914673 0.000000 1000.000000 1.768884 165.610596 -1.484188 3.019371 0.000000 0.000000 5.485246
35200 353 168.107468 0.000000 1000.000000 0.698736 167.492386 -0.083650 0.000000 0.000000 0.000000 6.225758
35300 354 156.392014 0.000000 1000.000000 1.661491 154.730530 0.000000 0.000000 0.000000 0.000000 6.304433
35400 355 162.649353 0.000000 1000.000000 0.806478 162.656784 -0.813902 0.000000 0.000000 0.000000 6.742595
35500 356 261.707214 0.000000 1000.000000 2.144549 157.943909 -1.786529 103.405281 0.000000 0.000000 6.039080
35600 357 148.854294 0.000000 1000.000000 1.094708 147.946747 -0.187164 0.000000 0.000000 0.000000 5.815408
35700 358 142.340424 0.000000 1000.000000 0.437613 141.991226 -0.088403 0.000000 0.000000 0.000000 7.604609
35800 359 153.170288 0.000000 1000.000000 0.505940 152.664352 0.000000 0.000000 0.000000 0.000000 6.335035
35900 360 177.993149 0.000000 1000.000000 1.057601 177.078476 -0.142929 0.000000 0.000000 0.000000 6.653848
36000 361 164.888794 0.000000 1000.000000 0.866602 164.151978 -0.129790 0.000000 0.000000 0.000000 8.554818
36100 362 152.195312 0.000000 1000.000000 0.915658 153.174377 -1.894724 0.000000 0.000000 0.000000 7.188622
36200 363 143.421326 0.000000 1000.000000 0.707459 142.916473 -0.202604 0.000000 0.000000 0.000000 8.933989
36300 364 141.274963 0.000000 1000.000000 0.622112 140.652847 0.000000 0.000000 0.000000 0.000000 10.938320
36400 365 172.240356 0.000000 1000.000000 0.847168 172.232971 -0.839780 0.000000 0.000000 0.000000 8.479836
36500 366 153.396332 0.000000 1000.000000 0.529750 156.800735 -1.880025 -2.054135 0.000000 0.000000 6.601961
36600 367 158.369034 0.000000 1000.000000 0.679701 158.103043 -0.413709 0.000000 0.000000 0.000000 9.145754
36700 368 143.640549 0.000000 1000.000000 1.542994 143.253448 -1.155896 0.000000 0.000000 0.000000 6.366728
36800 369 155.371689 0.000000 1000.000000 1.768862 153.821213 -0.218390 0.000000 0.000000 0.000000 7.021953
36900 370 164.140335 0.000000 1000.000000 0.839660 164.200333 -0.899654 0.000000 0.000000 0.000000 9.456533
37000 371 153.119110 0.000000 1000.000000 1.401277 152.842712 -1.124876 0.000000 0.000000 0.000000 9.039954
37100 372 153.820435 0.000000 1000.000000 1.773186 152.047241 0.000000 0.000000 0.000000 0.000000 7.430094
37200 373 143.116684 0.000000 1000.000000 0.269609 142.847076 0.000000 0.000000 0.000000 0.000000 8.595669
37300 374 141.163559 0.000000 1000.000000 0.688688 140.843155 -0.368290 0.000000 0.000000 0.000000 6.624219
37400 375 149.222565 0.000000 1000.000000 0.804246 148.418320 0.000000 0.000000 0.000000 0.000000 7.970460
37500 376 134.428619 0.000000 1000.000000 1.452330 134.274872 -1.298585 0.000000 0.000000 0.000000 6.780379
37600 377 163.926575 0.000000 1000.000000 0.485110 164.072922 -0.631456 0.000000 0.000000 0.000000 10.844133
37700 378 166.630920 0.000000 1000.000000 0.559892 166.071030 0.000000 0.000000 0.000000 0.000000 10.591320
37800 379 145.424530 0.000000 1000.000000 0.786763 144.637772 0.000000 0.000000 0.000000 0.000000 10.430165
37900 380 141.819519 0.000000 1000.000000 0.987214 140.997635 -0.165327 0.000000 0.000000 0.000000 11.374823
38000 381 138.376755 0.000000 1000.000000 0.865008 138.585342 -1.073586 0.000000 0.000000 0.000000 9.708965
38100 382 157.885590 0.000000 1000.000000 1.420839 157.678833 -0.919950 -0.294126 0.000000 0.000000 8.913022
38200 383 138.953491 0.000000 1000.000000 2.274866 138.620255 -0.859750 -1.081886 0.000000 0.000000 10.017486
38300 384 149.829269 0.000000 1000.000000 1.700728 149.105881 -0.977342 0.000000 0.000000 0.000000 9.627723
38400 385 141.849045 0.000000 1000.000000 0.782262 141.416702 -0.349915 0.000000 0.000000 0.000000 9.979506
38500 386 162.145523 0.000000 1000.000000 1.623073 160.589340 -0.066901 0.000000 0.000000 0.000000 10.010090
38600 387 159.810181 0.000000 1000.000000 1.044284 159.528336 -0.762437 0.000000 0.000000 0.000000 10.217234
38700 388 153.990173 0.000000 1000.000000 0.797896 153.192276 0.000000 0.000000 0.000000 0.000000 10.612984
38800 389 145.774048 0.000000 1000.000000 0.234022 146.039688 -0.499668 0.000000 0.000000 0.000000 11.430617
38900 390 143.362152 0.000000 1000.000000 0.405689 143.601852 -0.645380 0.000000 0.000000 0.000000 9.335363
39000 391 142.745789 0.000000 1000.000000 0.211435 142.534348 0.000000 0.000000 0.000000 0.000000 9.927601
39100 392 149.606674 0.000000 1000.000000 0.350694 149.255981 0.000000 0.000000 0.000000 0.000000 8.598698
39200 393 140.020096 0.000000 1000.000000 0.515098 139.505005 0.000000 0.000000 0.000000 0.000000 9.996491
39300 394 153.097748 0.000000 1000.000000 0.654101 152.443649 0.000000 0.000000 0.000000 0.000000 10.416478
39400 395 141.314209 0.000000 1000.000000 0.297593 141.016617 0.000000 0.000000 0.000000 0.000000 8.965905
39500 396 142.891190 0.000000 1000.000000 0.959358 142.156815 -0.224983 0.000000 0.000000 0.000000 9.027571
39600 397 150.094543 0.000000 1000.000000 2.312923 147.781616 0.000000 0.000000 0.000000 0.000000 8.867939
39700 398 136.829895 0.000000 1000.000000 1.452454 136.045044 -0.667596 0.000000 0.000000 0.000000 9.340741
39800 399 132.268219 0.000000 1000.000000 0.474819 131.793396 0.000000 0.000000 0.000000 0.000000 9.534658
39900 400 141.864120 0.000000 1000.000000 0.517976 141.346146 0.000000 0.000000 0.000000 0.000000 9.660416
40000 401 135.029831 0.000000 1000.000000 1.535568 133.626007 -0.131747 0.000000 0.000000 0.000000 7.856092
40100 402 140.608871 0.000000 1000.000000 1.066319 139.860519 -0.317970 0.000000 0.000000 0.000000 10.219573
40200 403 144.997559 0.000000 1000.000000 0.978672 144.452881 -0.433986 0.000000 0.000000 0.000000 7.779734
40300 404 142.220901 0.000000 1000.000000 2.416239 139.804657 0.000000 0.000000 0.000000 0.000000 7.653880
40400 405 151.868591 0.000000 1000.000000 2.400056 150.191391 -0.722859 0.000000 0.000000 0.000000 7.753915
40500 406 159.349503 0.000000 1000.000000 2.659320 157.417862 -0.727675 0.000000 0.000000 0.000000 7.639466
40600 407 154.293213 0.000000 1000.000000 0.850090 153.876923 -0.433804 0.000000 0.000000 0.000000 6.642991
40700 408 143.637283 0.000000 1000.000000 0.486781 143.703934 -0.553440 0.000000 0.000000 0.000000 7.289443
40800 409 157.660904 0.000000 1000.000000 2.104513 156.189453 -0.633064 0.000000 0.000000 0.000000 6.651781
40900 410 128.148880 0.000000 1000.000000 1.485519 126.760109 -0.096738 0.000000 0.000000 0.000000 9.161475
41000 411 139.092056 0.000000 1000.000000 0.345376 138.875641 -0.128972 0.000000 0.000000 0.000000 7.504318
41100 412 155.725021 0.000000 1000.000000 0.843610 154.932388 -0.050982 0.000000 0.000000 0.000000 7.393089
41200 413 141.950089 0.000000 1000.000000 1.813238 140.330078 -0.193216 0.000000 0.000000 0.000000 8.834766
41300 414 140.579376 0.000000 1000.000000 0.554955 143.954895 -0.826564 -3.103916 0.000000 0.000000 8.339291
41400 415 130.447922 0.000000 1000.000000 0.312693 130.588501 -0.453270 0.000000 0.000000 0.000000 8.998086
41500 416 157.722839 0.000000 1000.000000 0.265400 158.407837 -0.950395 0.000000 0.000000 0.000000 8.570626
41600 417 142.904938 0.000000 1000.000000 1.272245 141.748077 -0.115389 0.000000 0.000000 0.000000 11.669168
41700 418 144.213760 0.000000 1000.000000 1.321577 142.892181 0.000000 0.000000 0.000000 0.000000 9.566268
41800 419 130.537689 0.000000 1000.000000 0.443239 130.426575 -0.332125 0.000000 0.000000 0.000000 8.857843
41900 420 147.289886 0.000000 1000.000000 0.362600 146.927292 0.000000 0.000000 0.000000 0.000000 10.176700
42000 421 145.637772 0.000000 1000.000000 0.383591 145.718582 -0.464394 0.000000 0.000000 0.000000 9.930046
42100 422 147.396835 0.000000 1000.000000 0.433110 147.325180 -0.361443 0.000000 0.000000 0.000000 8.659297
42200 423 152.352722 0.000000 1000.000000 0.827055 152.007950 -0.482278 0.000000 0.000000 0.000000 8.611405
42300 424 153.396027 0.000000 1000.000000 0.253170 153.513336 -0.370477 0.000000 0.000000 0.000000 7.217779
42400 425 127.838020 0.000000 1000.000000 0.591103 127.511322 -0.264398 0.000000 0.000000 0.000000 9.941968
42500 426 136.521301 0.000000 1000.000000 0.489004 136.032303 0.000000 0.000000 0.000000 0.000000 9.399352
42600 427 142.715424 0.000000 1000.000000 1.182928 141.532501 0.000000 0.000000 0.000000 0.000000 8.096623
42700 428 141.405624 0.000000 1000.000000 0.626945 140.935242 -0.156562 0.000000 0.000000 0.000000 6.807972
42800 429 128.283600 0.000000 1000.000000 0.354186 128.030197 -0.100785 0.000000 0.000000 0.000000 8.595564
42900 430 136.780350 0.000000 1000.000000 0.737245 136.043106 0.000000 0.000000 0.000000 0.000000 9.021227
43000 431 131.794067 0.000000 1000.000000 0.485379 131.308685 0.000000 0.000000 0.000000 0.000000 7.686009
43100 432 140.210220 0.000000 1000.000000 0.611039 139.758392 -0.159205 0.000000 0.000000 0.000000 6.561346
43200 433 144.396790 0.000000 1000.000000 0.329593 144.796585 -0.729379 0.000000 0.000000 0.000000 6.219796
43300 434 154.090591 0.000000 1000.000000 0.504127 153.586472 0.000000 0.000000 0.000000 0.000000 6.208408
43400 435 144.156448 0.000000 1000.000000 0.526521 143.629929 0.000000 0.000000 0.000000 0.000000 7.747164
43500 436 154.758102 0.000000 1000.000000 0.714425 154.436752 -0.393078 0.000000 0.000000 0.000000 6.571355
43600 437 147.077011 0.000000 1000.000000 0.958427 146.118591 0.000000 0.000000 0.000000 0.000000 6.556015
43700 438 141.840500 0.000000 1000.000000 0.590519 142.499802 -1.249813 0.000000 0.000000 0.000000 8.231693
43800 439 172.287247 0.000000 1000.000000 0.439252 172.825836 -0.977848 0.000000 0.000000 0.000000 6.794872
43900 440 143.244263 0.000000 1000.000000 0.497786 143.608871 -0.862396 0.000000 0.000000 0.000000 7.445886
44000 441 118.316757 0.000000 1000.000000 0.456009 117.860748 0.000000 0.000000 0.000000 0.000000 8.942748
44100 442 133.002121 0.000000 1000.000000 0.939097 132.232788 -0.169775 0.000000 0.000000 0.000000 8.625256
44200 443 130.546188 0.000000 1000.000000 2.016422 129.181595 -0.651824 0.000000 0.000000 0.000000 10.889178
44300 444 128.440262 0.000000 1000.000000 0.508661 127.931602 0.000000 0.000000 0.000000 0.000000 10.261763
44400 445 139.927231 0.000000 1000.000000 0.094234 140.041870 -0.208880 0.000000 0.000000 0.000000 8.755575
44500 446 137.190308 0.000000 1000.000000 0.386537 136.803772 0.000000 0.000000 0.000000 0.000000 8.949099
44600 447 142.519257 0.000000 1000.000000 1.347574 141.374527 -0.202851 0.000000 0.000000 0.000000 10.812363
44700 448 119.928192 0.000000 1000.000000 0.970723 119.152611 -0.195142 0.000000 0.000000 0.000000 12.016564
44800 449 128.766708 0.000000 1000.000000 0.235040 129.117172 -0.585510 0.000000 0.000000 0.000000 7.928894
44900 450 119.877853 0.000000 1000.000000 0.473394 119.404457 0.000000 0.000000 0.000000 0.000000 9.328262
45000 451 137.025345 0.000000 1000.000000 0.370009 136.655334 0.000000 0.000000 0.000000 0.000000 10.263139
45100 452 132.256683 0.000000 1000.000000 0.498784 131.757904 0.000000 0.000000 0.000000 0.000000 10.665388
45200 453 123.366226 0.000000 1000.000000 0.247966 123.118263 0.000000 0.000000 0.000000 0.000000 8.574421
45300 454 119.200935 0.000000 1000.000000 0.331265 119.002876 -0.133210 0.000000 0.000000 0.000000 9.719736
45400 455 122.911217 0.000000 1000.000000 0.307999 122.603218 0.000000 0.000000 0.000000 0.000000 7.965185
45500 456 124.116310 0.000000 1000.000000 0.107654 124.248535 -0.239876 0.000000 0.000000 0.000000 9.910532
45600 457 140.129028 0.000000 1000.000000 0.956480 139.172546 0.000000 0.000000 0.000000 0.000000 7.473249
45700 458 120.153381 0.000000 1000.000000 0.431318 119.722061 0.000000 0.000000 0.000000 0.000000 10.608178
45800 459 124.409218 0.000000 1000.000000 0.474604 123.934616 0.000000 0.000000 0.000000 0.000000 10.468925
45900 460 134.885941 0.000000 1000.000000 0.842550 134.303574 -0.260182 0.000000 0.000000 0.000000 8.551909
46000 461 121.680077 0.000000 1000.000000 1.516953 120.163124 0.000000 0.000000 0.000000 0.000000 10.881703
46100 462 123.482552 0.000000 1000.000000 0.088984 123.393570 0.000000 0.000000 0.000000 0.000000 8.496428
46200 463 149.533539 0.000000 1000.000000 0.719166 148.814377 0.000000 0.000000 0.000000 0.000000 8.657347
46300 464 128.709991 0.000000 1000.000000 0.833085 128.136826 -0.259924 0.000000 0.000000 0.000000 8.849872
46400 465 128.857147 0.000000 1000.000000 1.297383 127.798828 -0.239065 0.000000 0.000000 0.000000 9.036885
46500 466 124.996658 0.000000 1000.000000 0.671878 124.324783 0.000000 0.000000 0.000000 0.000000 9.433250
46600 467 124.203613 0.000000 1000.000000 0.382166 124.626083 -0.804631 0.000000 0.000000 0.000000 10.117014
46700 468 135.959824 0.000000 1000.000000 0.370401 135.842987 -0.253573 0.000000 0.000000 0.000000 7.954212
46800 469 144.294800 0.000000 1000.000000 0.930597 144.441269 -1.077071 0.000000 0.000000 0.000000 11.550426
46900 470 148.924072 0.000000 1000.000000 0.403382 149.333771 -0.813087 0.000000 0.000000 0.000000 9.283909
47000 471 122.114670 0.000000 1000.000000 1.470347 121.051041 -0.406715 0.000000 0.000000 0.000000 9.966255
47100 472 137.129913 0.000000 1000.000000 0.266726 137.020218 -0.157029 0.000000 0.000000 0.000000 11.828898
47200 473 126.788795 0.000000 1000.000000 0.659959 126.128838 0.000000 0.000000 0.000000 0.000000 11.642725
47300 474 125.899246 0.000000 1000.000000 0.381066 125.518181 0.000000 0.000000 0.000000 0.000000 10.927588
47400 475 138.940002 0.000000 1000.000000 0.374565 139.249374 -0.683924 0.000000 0.000000 0.000000 8.886076
47500 476 135.394257 0.000000 1000.000000 0.295611 135.098648 0.000000 0.000000 0.000000 0.000000 9.649195
47600 477 141.066849 0.000000 1000.000000 0.513016 141.637436 -1.083608 0.000000 0.000000 0.000000 7.820232
47700 478 150.107590 0.000000 1000.000000 0.414312 150.924728 -1.231447 0.000000 0.000000 0.000000 7.421675
47800 479 139.985062 0.000000 1000.000000 0.758274 141.211761 -1.984969 0.000000 0.000000 0.000000 9.753095
47900 480 131.814209 0.000000 1000.000000 0.792415 131.392670 -0.370885 0.000000 0.000000 0.000000 9.912186
48000 481 138.482254 0.000000 1000.000000 0.232779 139.703781 -1.454302 0.000000 0.000000 0.000000 9.634878
48100 482 120.821480 0.000000 1000.000000 0.255485 122.309570 -1.743574 0.000000 0.000000 0.000000 8.229418
48200 483 130.261429 0.000000 1000.000000 0.168564 134.964981 -2.028573 -2.843533 0.000000 0.000000 9.306225
48300 484 133.617142 0.000000 1000.000000 0.204844 140.196976 -1.670398 -5.114291 0.000000 0.000000 7.970733
48400 485 135.789688 0.000000 1000.000000 1.211915 134.709747 -0.131975 0.000000 0.000000 0.000000 10.402556
48500 486 120.960205 0.000000 1000.000000 1.543005 119.671967 -0.254767 0.000000 0.000000 0.000000 10.198886
48600 487 135.220428 0.000000 1000.000000 0.176979 135.668015 -0.624559 0.000000 0.000000 0.000000 7.896828
48700 488 144.251282 0.000000 1000.000000 0.585270 143.957169 -0.291153 0.000000 0.000000 0.000000 7.963229
48800 489 124.977364 0.000000 1000.000000 0.354038 125.800018 -1.176690 0.000000 0.000000 0.000000 9.100745
48900 490 120.736107 0.000000 1000.000000 0.425935 120.551071 -0.240896 0.000000 0.000000 0.000000 10.207526
49000 491 125.138000 0.000000 1000.000000 0.581371 125.136879 -0.580247 0.000000 0.000000 0.000000 11.025228
49100 492 146.156143 0.000000 1000.000000 0.271992 145.884155 0.000000 0.000000 0.000000 0.000000 8.751230
49200 493 116.359016 0.000000 1000.000000 0.402203 115.956818 0.000000 0.000000 0.000000 0.000000 8.494285
49300 494 129.694305 0.000000 1000.000000 0.603550 129.856430 -0.765676 0.000000 0.000000 0.000000 10.184484
49400 495 130.256668 0.000000 1000.000000 0.423944 130.213318 -0.380594 0.000000 0.000000 0.000000 7.671749
49500 496 143.457474 0.000000 1000.000000 0.508979 143.172775 -0.224267 0.000000 0.000000 0.000000 9.515026
49600 497 160.434219 0.000000 1000.000000 0.476733 160.102676 -0.145181 0.000000 0.000000 0.000000 7.798776
49700 498 122.413727 0.000000 1000.000000 0.209930 122.203796 0.000000 0.000000 0.000000 0.000000 7.817764
49800 499 147.542282 0.000000 1000.000000 0.339755 147.313965 -0.111442 0.000000 0.000000 0.000000 6.840338
49900 500 162.658234 0.000000 1000.000000 0.433598 162.224640 0.000000 0.000000 0.000000 0.000000 6.844301
50000 501 142.838806 0.000000 1000.000000 0.413879 142.543564 -0.118634 0.000000 0.000000 0.000000 7.854167
