1 1 195.445587 0.000000 1000.000000 0.114479 213.174011 -3.390885 -14.452028 0.000000 0.000000 1.545178
100 2 217.923386 0.000000 1000.000000 2.467606 215.455780 0.000000 0.000000 0.000000 0.000000 6.119498
200 3 184.829819 0.000000 1000.000000 1.484546 183.418396 -0.073127 0.000000 0.000000 0.000000 9.573926
300 4 196.982986 0.000000 1000.000000 1.118135 200.085571 -1.141531 -3.079191 0.000000 0.000000 6.379968
400 5 184.628357 0.000000 1000.000000 2.097142 182.923080 -0.391866 0.000000 0.000000 0.000000 8.323009
500 6 179.885300 0.000000 1000.000000 2.227902 178.491592 -0.834192 0.000000 0.000000 0.000000 11.840544
600 7 181.371506 0.000000 1000.000000 1.267401 180.546173 -0.442058 0.000000 0.000000 0.000000 8.101675
700 8 197.868835 0.000000 1000.000000 1.092927 196.798584 -0.022679 0.000000 0.000000 0.000000 7.365289
800 9 206.886429 0.000000 1000.000000 1.627361 205.259064 0.000000 0.000000 0.000000 0.000000 6.661711
900 10 186.300980 0.000000 1000.000000 3.116732 183.687683 -0.503437 0.000000 0.000000 0.000000 8.808764
1000 11 203.421539 0.000000 1000.000000 1.384897 209.738480 -2.350571 -5.351279 0.000000 0.000000 7.923938
1100 12 185.120468 0.000000 1000.000000 0.816917 184.326279 -0.022715 0.000000 0.000000 0.000000 7.516037
1200 13 169.764618 0.000000 1000.000000 0.655901 169.997192 -0.888472 0.000000 0.000000 0.000000 7.845307
1300 14 189.982529 0.000000 1000.000000 0.880540 191.602371 -0.658938 -1.841452 0.000000 0.000000 7.236681
1400 15 179.176743 0.000000 1000.000000 1.101614 183.947800 -0.916372 -4.956298 0.000000 0.000000 5.073777
1500 16 159.920761 0.000000 1000.000000 0.523881 163.776855 -1.216422 -3.163564 0.000000 0.000000 7.932298
1600 17 174.381531 0.000000 1000.000000 1.136557 173.672287 -0.427314 0.000000 0.000000 0.000000 8.319767
1700 18 175.212555 0.000000 1000.000000 1.075568 174.977509 -0.840514 0.000000 0.000000 0.000000 7.517400
1800 19 189.088806 0.000000 1000.000000 1.629733 187.853409 -0.394340 0.000000 0.000000 0.000000 7.868435
1900 20 202.677216 0.000000 1000.000000 0.964277 188.932312 -0.471088 13.251708 0.000000 0.000000 10.773082
2000 21 198.503555 0.000000 1000.000000 1.447484 199.531708 -0.939961 -1.535678 0.000000 0.000000 7.868021
2100 22 271.463928 0.000000 1000.000000 1.536996 178.995865 -0.923830 91.854904 0.000000 0.000000 9.293517
2200 23 182.754868 0.000000 1000.000000 0.416055 183.081406 -0.742606 0.000000 0.000000 0.000000 10.151995
2300 24 191.608734 0.000000 1000.000000 0.455148 192.084396 -0.930821 0.000000 0.000000 0.000000 9.564349
2400 25 174.600403 0.000000 1000.000000 0.844864 173.755539 0.000000 0.000000 0.000000 0.000000 11.049883
2500 26 183.542694 0.000000 1000.000000 1.602824 181.939865 0.000000 0.000000 0.000000 0.000000 7.737996
2600 27 187.423950 0.000000 1000.000000 1.342363 184.145981 -1.392352 3.327963 0.000000 0.000000 5.939918
2700 28 186.379074 0.000000 1000.000000 1.189650 185.772675 -0.583254 0.000000 0.000000 0.000000 6.471772
2800 29 198.783310 0.000000 1000.000000 2.265429 196.517883 0.000000 0.000000 0.000000 0.000000 6.832323
2900 30 179.804901 0.000000 1000.000000 0.821702 186.450089 -1.414112 -6.052778 0.000000 0.000000 5.664443
3000 31 165.380203 0.000000 1000.000000 1.076776 165.173706 -0.870278 0.000000 0.000000 0.000000 5.924048
3100 32 184.690948 0.000000 1000.000000 1.954566 182.736389 0.000000 0.000000 0.000000 0.000000 8.987067
3200 33 168.475418 0.000000 1000.000000 0.804066 167.671356 0.000000 0.000000 0.000000 0.000000 8.612363
3300 34 199.339767 0.000000 1000.000000 1.321697 198.419373 -0.401306 0.000000 0.000000 0.000000 6.733708
3400 35 182.052322 0.000000 1000.000000 2.757074 179.295242 0.000000 0.000000 0.000000 0.000000 7.296647
3500 36 170.597961 0.000000 1000.000000 0.633716 170.968658 -1.004408 0.000000 0.000000 0.000000 5.802355
3600 37 182.453735 0.000000 1000.000000 0.437576 182.655426 -0.639270 0.000000 0.000000 0.000000 5.946503
3700 38 178.898117 0.000000 1000.000000 0.393374 175.808304 -2.075213 4.771652 0.000000 0.000000 5.266838
3800 39 188.438385 0.000000 1000.000000 0.319255 188.210846 -0.091723 0.000000 0.000000 0.000000 6.655075
3900 40 195.372009 0.000000 1000.000000 0.249580 195.194611 -0.072172 0.000000 0.000000 0.000000 5.869117
4000 41 170.234344 0.000000 1000.000000 0.381280 170.191742 -0.338679 0.000000 0.000000 0.000000 6.207169
4100 42 166.918015 0.000000 1000.000000 0.697855 166.220154 0.000000 0.000000 0.000000 0.000000 7.710744
4200 43 165.779709 0.000000 1000.000000 1.244465 165.768158 -1.232905 0.000000 0.000000 0.000000 7.029847
4300 44 158.542603 0.000000 1000.000000 1.474714 158.328354 -1.260463 0.000000 0.000000 0.000000 5.373179
4400 45 167.014954 0.000000 1000.000000 0.807403 166.789047 -0.581496 0.000000 0.000000 0.000000 7.487099
4500 46 166.289307 0.000000 1000.000000 0.371591 166.639526 -0.721821 0.000000 0.000000 0.000000 6.633080
4600 47 167.285461 0.000000 1000.000000 0.972464 166.313004 0.000000 0.000000 0.000000 0.000000 5.864916
4700 48 170.598938 0.000000 1000.000000 0.799672 170.817139 -1.017863 0.000000 0.000000 0.000000 5.752937
4800 49 157.955612 0.000000 1000.000000 0.750809 158.114090 -0.909290 0.000000 0.000000 0.000000 6.703306
4900 50 172.562027 0.000000 1000.000000 0.551800 172.589676 -0.579445 0.000000 0.000000 0.000000 6.533703
5000 51 160.273773 0.000000 1000.000000 0.668131 159.605637 0.000000 0.000000 0.000000 0.000000 7.098847
5100 52 165.492493 0.000000 1000.000000 0.185494 165.738968 -0.431972 0.000000 0.000000 0.000000 6.707018
5200 53 181.173508 0.000000 1000.000000 0.086794 181.913223 -0.826506 0.000000 0.000000 0.000000 6.327938
5300 54 183.663361 0.000000 1000.000000 0.975047 183.316055 -0.627751 0.000000 0.000000 0.000000 6.432263
5400 55 174.899643 0.000000 1000.000000 1.134833 173.764816 0.000000 0.000000 0.000000 0.000000 7.878589
5500 56 164.976730 0.000000 1000.000000 0.757968 165.001556 -0.782791 0.000000 0.000000 0.000000 6.080025
5600 57 176.224243 0.000000 1000.000000 1.060438 180.494873 -1.668423 -3.662649 0.000000 0.000000 6.473719
5700 58 183.194595 0.000000 1000.000000 0.172358 183.324982 -0.302756 0.000000 0.000000 0.000000 6.185300
5800 59 179.206131 0.000000 1000.000000 0.467118 179.244171 -0.505152 0.000000 0.000000 0.000000 5.822894
5900 60 183.906555 0.000000 1000.000000 0.856534 183.050018 0.000000 0.000000 0.000000 0.000000 7.610957
6000 61 152.104538 0.000000 1000.000000 0.741620 152.058090 -0.695179 0.000000 0.000000 0.000000 4.931426
6100 62 187.634750 0.000000 1000.000000 2.027303 186.170990 -0.563530 0.000000 0.000000 0.000000 8.647484
6200 63 153.782623 0.000000 1000.000000 0.301868 156.990433 -1.419121 -2.090540 0.000000 0.000000 4.507972
6300 64 175.351776 0.000000 1000.000000 0.946361 179.412750 -2.158377 -2.848973 0.000000 0.000000 5.161424
6400 65 179.991165 0.000000 1000.000000 0.812507 182.340820 -2.124965 -1.037187 0.000000 0.000000 10.388817
6500 66 156.425842 0.000000 1000.000000 0.309023 159.583908 -0.722936 -2.744157 0.000000 0.000000 6.126296
6600 67 178.127182 0.000000 1000.000000 0.882126 177.718597 -0.473538 0.000000 0.000000 0.000000 6.481475
6700 68 170.703522 0.000000 1000.000000 0.388554 170.314972 0.000000 0.000000 0.000000 0.000000 6.690151
6800 69 165.478714 0.000000 1000.000000 1.176480 168.622757 -1.049798 -3.270715 0.000000 0.000000 5.635096
6900 70 178.814285 0.000000 1000.000000 0.454392 178.742493 -0.382604 0.000000 0.000000 0.000000 7.443331
7000 71 163.058548 0.000000 1000.000000 0.955016 162.446686 -0.343156 0.000000 0.000000 0.000000 5.445984
7100 72 174.544907 0.000000 1000.000000 0.390273 174.154633 0.000000 0.000000 0.000000 0.000000 8.287766
7200 73 190.036880 0.000000 1000.000000 0.229467 189.807419 0.000000 0.000000 0.000000 0.000000 5.615193
7300 74 167.157425 0.000000 1000.000000 0.592736 167.401611 -0.836926 0.000000 0.000000 0.000000 6.050304
7400 75 182.978806 0.000000 1000.000000 1.814234 175.890564 -0.779796 6.053805 0.000000 0.000000 5.527761
7500 76 184.337662 0.000000 1000.000000 0.430545 184.284042 -0.376928 0.000000 0.000000 0.000000 5.552683
7600 77 186.781708 0.000000 1000.000000 0.562601 186.219101 0.000000 0.000000 0.000000 0.000000 6.368176
7700 78 183.200531 0.000000 1000.000000 0.964852 182.235672 0.000000 0.000000 0.000000 0.000000 7.153290
7800 79 175.649597 0.000000 1000.000000 0.192273 175.457321 0.000000 0.000000 0.000000 0.000000 8.246522
7900 80 199.790817 0.000000 1000.000000 0.402563 199.658920 -0.270661 0.000000 0.000000 0.000000 6.631780
8000 81 173.996750 0.000000 1000.000000 0.623029 173.870453 -0.496739 0.000000 0.000000 0.000000 6.508017
8100 82 170.739807 0.000000 1000.000000 1.808823 168.930984 0.000000 0.000000 0.000000 0.000000 7.263252
8200 83 179.795273 0.000000 1000.000000 0.254898 179.540375 0.000000 0.000000 0.000000 0.000000 9.939555
8300 84 194.194809 0.000000 1000.000000 1.677530 193.206100 -0.688823 0.000000 0.000000 0.000000 5.896176
8400 85 182.401672 0.000000 1000.000000 0.243252 182.698730 -0.540306 0.000000 0.000000 0.000000 6.317759
8500 86 161.270142 0.000000 1000.000000 0.612454 165.411331 -1.612249 -3.141399 0.000000 0.000000 4.956092
8600 87 173.163086 0.000000 1000.000000 1.233284 176.114426 -1.427706 -2.756932 0.000000 0.000000 4.420204
8700 88 180.817932 0.000000 1000.000000 0.477890 181.458878 -0.806923 -0.311927 0.000000 0.000000 7.749608
8800 89 179.175186 0.000000 1000.000000 1.764183 177.727066 -0.316062 0.000000 0.000000 0.000000 6.219140
8900 90 193.788513 0.000000 1000.000000 1.112846 193.315918 -0.640239 0.000000 0.000000 0.000000 8.926230
9000 91 158.302338 0.000000 1000.000000 0.213329 162.325912 -1.497548 -2.739359 0.000000 0.000000 6.691211
9100 92 174.306396 0.000000 1000.000000 0.725266 173.581131 0.000000 0.000000 0.000000 0.000000 8.557951
9200 93 191.175201 0.000000 1000.000000 0.723804 192.776031 -0.818323 -1.506299 0.000000 0.000000 5.050591
9300 94 194.894653 0.000000 1000.000000 1.044113 194.262726 -0.412180 0.000000 0.000000 0.000000 6.853786
9400 95 180.951584 0.000000 1000.000000 0.611261 180.880295 -0.539984 0.000000 0.000000 0.000000 8.740985
9500 96 194.011307 0.000000 1000.000000 0.441937 194.159805 -0.590435 0.000000 0.000000 0.000000 6.551197
9600 97 215.808762 0.000000 1000.000000 0.927629 207.758804 -1.680166 8.802493 0.000000 0.000000 5.668087
9700 98 180.519577 0.000000 1000.000000 0.863037 180.048859 -0.392315 0.000000 0.000000 0.000000 7.655454
9800 99 188.052551 0.000000 1000.000000 0.444606 187.607941 0.000000 0.000000 0.000000 0.000000 7.840842
9900 100 169.256104 0.000000 1000.000000 1.064075 168.270691 -0.078665 0.000000 0.000000 0.000000 8.505898
10000 101 184.161331 0.000000 1000.000000 3.526845 180.634491 0.000000 0.000000 0.000000 0.000000 5.413522
10100 102 177.904266 0.000000 1000.000000 0.927406 176.976868 0.000000 0.000000 0.000000 0.000000 5.680409
10200 103 191.508987 0.000000 1000.000000 0.894771 191.089539 -0.475326 0.000000 0.000000 0.000000 6.555119
10300 104 189.223053 0.000000 1000.000000 0.797033 188.426025 0.000000 0.000000 0.000000 0.000000 6.625615
10400 105 175.030426 0.000000 1000.000000 0.414950 174.728729 -0.113249 0.000000 0.000000 0.000000 7.069348
10500 106 175.307968 0.000000 1000.000000 1.050553 174.257416 0.000000 0.000000 0.000000 0.000000 6.230296
10600 107 184.871765 0.000000 1000.000000 0.282241 184.991287 -0.401765 0.000000 0.000000 0.000000 5.837653
10700 108 177.373749 0.000000 1000.000000 0.510306 176.863449 0.000000 0.000000 0.000000 0.000000 7.934384
10800 109 171.549301 0.000000 1000.000000 1.440251 171.734497 -0.693681 -0.931766 0.000000 0.000000 6.922880
10900 110 156.076675 0.000000 1000.000000 0.406249 156.091660 -0.421236 0.000000 0.000000 0.000000 6.935259
11000 111 160.802353 0.000000 1000.000000 1.556915 159.832642 -0.587211 0.000000 0.000000 0.000000 10.684792
11100 112 167.017960 0.000000 1000.000000 0.421345 166.979645 -0.383032 0.000000 0.000000 0.000000 8.799959
11200 113 143.194839 0.000000 1000.000000 0.205120 145.707443 -0.671461 -2.046265 0.000000 0.000000 6.188457
11300 114 172.837875 0.000000 1000.000000 0.203843 172.634033 0.000000 0.000000 0.000000 0.000000 6.184656
11400 115 148.794144 0.000000 1000.000000 0.493207 148.300934 0.000000 0.000000 0.000000 0.000000 7.757756
11500 116 173.097244 0.000000 1000.000000 0.281470 172.815781 0.000000 0.000000 0.000000 0.000000 7.769545
11600 117 164.496048 0.000000 1000.000000 0.569967 164.074127 -0.148038 0.000000 0.000000 0.000000 7.828597
11700 118 223.911942 0.000000 1000.000000 1.349158 168.626022 -0.974368 54.911133 0.000000 0.000000 9.037666
11800 119 166.841507 0.000000 1000.000000 0.253169 167.340897 -0.752564 0.000000 0.000000 0.000000 6.234892
11900 120 168.263123 0.000000 1000.000000 0.692466 168.241928 -0.671263 0.000000 0.000000 0.000000 8.941828
12000 121 170.369690 0.000000 1000.000000 0.334628 170.660263 -0.625192 0.000000 0.000000 0.000000 7.097603
12100 122 167.794312 0.000000 1000.000000 1.596384 167.059265 -0.861337 0.000000 0.000000 0.000000 5.852301
12200 123 189.119293 0.000000 1000.000000 0.572024 188.547272 0.000000 0.000000 0.000000 0.000000 6.614397
12300 124 167.433151 0.000000 1000.000000 1.463870 165.969284 0.000000 0.000000 0.000000 0.000000 6.289778
12400 125 183.601639 0.000000 1000.000000 2.460177 177.253067 -1.149067 5.037467 0.000000 0.000000 8.141932
12500 126 163.996735 0.000000 1000.000000 0.745228 163.934875 -0.683370 0.000000 0.000000 0.000000 5.844737
12600 127 162.982300 0.000000 1000.000000 0.368611 167.526123 -1.175508 -3.736921 0.000000 0.000000 5.882642
12700 128 172.818832 0.000000 1000.000000 1.918014 170.900818 0.000000 0.000000 0.000000 0.000000 6.212231
12800 129 154.658813 0.000000 1000.000000 0.445100 154.499878 -0.286162 0.000000 0.000000 0.000000 5.843027
12900 130 159.212555 0.000000 1000.000000 0.398814 159.304092 -0.490354 0.000000 0.000000 0.000000 7.125486
13000 131 174.771576 0.000000 1000.000000 0.403139 175.229568 -0.861132 0.000000 0.000000 0.000000 5.389044
13100 132 186.120743 0.000000 1000.000000 0.772006 186.050323 -0.701587 0.000000 0.000000 0.000000 4.199835
13200 133 184.122452 0.000000 1000.000000 0.528594 184.150757 -0.556899 0.000000 0.000000 0.000000 4.632594
13300 134 187.676422 0.000000 1000.000000 2.673994 186.065170 -1.062750 0.000000 0.000000 0.000000 4.306398
13400 135 170.357056 0.000000 1000.000000 0.386946 170.624939 -0.654838 0.000000 0.000000 0.000000 6.355528
13500 136 168.487976 0.000000 1000.000000 1.088790 167.665512 -0.266330 0.000000 0.000000 0.000000 9.279826
13600 137 170.373123 0.000000 1000.000000 0.339005 173.785263 -0.839340 -2.911803 0.000000 0.000000 6.203568
13700 138 171.130188 0.000000 1000.000000 0.339382 176.194031 -1.324842 -4.078388 0.000000 0.000000 4.985599
13800 139 176.481415 0.000000 1000.000000 1.150346 175.331070 0.000000 0.000000 0.000000 0.000000 6.866673
13900 140 175.023743 0.000000 1000.000000 0.675381 174.348358 0.000000 0.000000 0.000000 0.000000 5.535363
14000 141 179.685776 0.000000 1000.000000 1.360316 178.325455 0.000000 0.000000 0.000000 0.000000 5.801540
14100 142 172.418549 0.000000 1000.000000 0.377594 173.286057 -1.245104 0.000000 0.000000 0.000000 5.866289
14200 143 169.063477 0.000000 1000.000000 1.698490 162.983978 -2.279921 6.660932 0.000000 0.000000 6.291992
14300 144 168.911774 0.000000 1000.000000 0.892960 168.633652 -0.614842 0.000000 0.000000 0.000000 6.205716
14400 145 172.322876 0.000000 1000.000000 0.213338 172.109543 0.000000 0.000000 0.000000 0.000000 7.745876
14500 146 177.650833 0.000000 1000.000000 0.464553 179.501068 -0.910685 -1.404103 0.000000 0.000000 6.288454
14600 147 193.400635 0.000000 1000.000000 0.877498 196.706711 -0.918578 -3.264997 0.000000 0.000000 6.038678
14700 148 182.505280 0.000000 1000.000000 0.777843 185.085114 -1.301299 -2.056377 0.000000 0.000000 6.367330
14800 149 165.044159 0.000000 1000.000000 1.343334 164.415863 -0.715044 0.000000 0.000000 0.000000 6.414680
14900 150 182.169800 0.000000 1000.000000 2.288598 179.881195 0.000000 0.000000 0.000000 0.000000 8.407287
15000 151 191.729980 0.000000 1000.000000 1.111950 193.203903 -1.817033 -0.768841 0.000000 0.000000 6.971819
15100 152 185.212067 0.000000 1000.000000 0.556830 185.534241 -0.878991 0.000000 0.000000 0.000000 8.445246
15200 153 187.984833 0.000000 1000.000000 0.787783 188.467560 -1.270515 0.000000 0.000000 0.000000 5.021115
15300 154 167.815979 0.000000 1000.000000 0.386647 167.429337 0.000000 0.000000 0.000000 0.000000 5.163867
15400 155 172.887939 0.000000 1000.000000 0.702526 172.185410 0.000000 0.000000 0.000000 0.000000 6.672364
15500 156 184.792419 0.000000 1000.000000 0.870203 184.846985 -0.924771 0.000000 0.000000 0.000000 4.756878
15600 157 178.738358 0.000000 1000.000000 0.742956 178.681747 -0.686335 0.000000 0.000000 0.000000 6.974008
15700 158 184.973221 0.000000 1000.000000 1.027561 184.954926 -1.009259 0.000000 0.000000 0.000000 6.350877
15800 159 200.557343 0.000000 1000.000000 0.528780 176.951447 -1.651840 24.728952 0.000000 0.000000 5.529967
15900 160 172.324509 0.000000 1000.000000 0.267474 173.063354 -1.006325 0.000000 0.000000 0.000000 6.153617
16000 161 192.473648 0.000000 1000.000000 1.075693 192.390213 -0.992261 0.000000 0.000000 0.000000 6.798767
16100 162 194.394424 0.000000 1000.000000 1.231048 193.163376 0.000000 0.000000 0.000000 0.000000 7.328328
16200 163 184.133041 0.000000 1000.000000 0.600698 184.003281 -0.470926 0.000000 0.000000 0.000000 7.788453
16300 164 189.115082 0.000000 1000.000000 1.238516 187.876572 0.000000 0.000000 0.000000 0.000000 7.549014
16400 165 170.855652 0.000000 1000.000000 0.469260 179.005859 -1.320092 -7.299366 0.000000 0.000000 7.327442
16500 166 193.469315 0.000000 1000.000000 1.848109 192.518600 -0.897397 0.000000 0.000000 0.000000 4.934596
16600 167 179.778854 0.000000 1000.000000 1.404033 178.374817 0.000000 0.000000 0.000000 0.000000 6.479094
16700 168 191.865372 0.000000 1000.000000 1.643534 187.390640 -1.602509 4.433708 0.000000 0.000000 5.469322
16800 169 186.831589 0.000000 1000.000000 0.440502 187.090744 -0.699658 0.000000 0.000000 0.000000 5.899957
16900 170 187.934708 0.000000 1000.000000 0.498159 188.266953 -0.830396 0.000000 0.000000 0.000000 4.606078
17000 171 205.152786 0.000000 1000.000000 1.779966 197.171234 -1.565044 7.766634 0.000000 0.000000 6.230165
17100 172 178.427856 0.000000 1000.000000 0.949952 177.552597 -0.074697 0.000000 0.000000 0.000000 6.882362
17200 173 173.829681 0.000000 1000.000000 0.399744 177.869354 -1.667087 -2.772344 0.000000 0.000000 6.671115
17300 174 171.864700 0.000000 1000.000000 0.381986 172.195633 -0.712919 0.000000 0.000000 0.000000 7.338522
17400 175 180.806503 0.000000 1000.000000 0.418623 180.387878 0.000000 0.000000 0.000000 0.000000 7.346551
17500 176 167.286041 0.000000 1000.000000 0.612374 167.084000 -0.410337 0.000000 0.000000 0.000000 7.417193
17600 177 171.044540 0.000000 1000.000000 0.448632 170.926666 -0.330760 0.000000 0.000000 0.000000 9.156277
17700 178 188.062561 0.000000 1000.000000 0.600310 187.462250 0.000000 0.000000 0.000000 0.000000 8.538752
17800 179 174.118454 0.000000 1000.000000 0.300790 173.864090 -0.046431 0.000000 0.000000 0.000000 10.038332
17900 180 189.961441 0.000000 1000.000000 0.342384 189.619064 0.000000 0.000000 0.000000 0.000000 10.084627
18000 181 183.165817 0.000000 1000.000000 0.232628 182.933197 0.000000 0.000000 0.000000 0.000000 7.921209
18100 182 174.769653 0.000000 1000.000000 0.432676 174.376404 -0.039435 0.000000 0.000000 0.000000 8.241811
18200 183 180.308762 0.000000 1000.000000 0.403661 179.905106 0.000000 0.000000 0.000000 0.000000 6.436811
18300 184 193.958740 0.000000 1000.000000 0.671728 193.558334 -0.271320 0.000000 0.000000 0.000000 7.125787
18400 185 171.670410 0.000000 1000.000000 1.056218 170.684692 -0.070489 0.000000 0.000000 0.000000 8.562037
18500 186 161.070404 0.000000 1000.000000 0.425605 160.644806 0.000000 0.000000 0.000000 0.000000 7.965004
18600 187 169.878632 0.000000 1000.000000 1.055515 169.810364 -0.987243 0.000000 0.000000 0.000000 5.686768
18700 188 170.664337 0.000000 1000.000000 0.650036 170.014297 0.000000 0.000000 0.000000 0.000000 7.920727
18800 189 173.497375 0.000000 1000.000000 0.950101 172.547272 0.000000 0.000000 0.000000 0.000000 7.127372
18900 190 161.021698 0.000000 1000.000000 0.722673 160.299026 0.000000 0.000000 0.000000 0.000000 5.398183
19000 191 177.683823 0.000000 1000.000000 0.907716 176.776108 0.000000 0.000000 0.000000 0.000000 6.729709
19100 192 159.333725 0.000000 1000.000000 0.635907 158.697815 0.000000 0.000000 0.000000 0.000000 8.269951
19200 193 173.212112 0.000000 1000.000000 0.965114 172.282150 -0.035153 0.000000 0.000000 0.000000 6.463975
19300 194 179.130890 0.000000 1000.000000 0.953196 178.177689 0.000000 0.000000 0.000000 0.000000 6.389196
19400 195 160.982391 0.000000 1000.000000 1.302746 159.679642 0.000000 0.000000 0.000000 0.000000 9.639367
19500 196 160.808273 0.000000 1000.000000 1.488898 159.319382 0.000000 0.000000 0.000000 0.000000 8.598982
19600 197 168.903122 0.000000 1000.000000 0.759975 168.143143 0.000000 0.000000 0.000000 0.000000 8.208673
19700 198 156.567047 0.000000 1000.000000 0.474606 156.709106 -0.616674 0.000000 0.000000 0.000000 6.218248
19800 199 162.504272 0.000000 1000.000000 0.479172 162.025101 0.000000 0.000000 0.000000 0.000000 5.991913
19900 200 172.495361 0.000000 1000.000000 0.633296 172.641174 -0.779117 0.000000 0.000000 0.000000 8.114792
20000 201 148.486298 0.000000 1000.000000 0.257752 148.228546 0.000000 0.000000 0.000000 0.000000 10.342336
20100 202 171.011627 0.000000 1000.000000 0.486091 170.525543 0.000000 0.000000 0.000000 0.000000 8.125339
20200 203 170.288147 0.000000 1000.000000 1.979743 168.505798 -0.197386 0.000000 0.000000 0.000000 7.728690
20300 204 181.275131 0.000000 1000.000000 1.518694 179.798569 -0.042127 0.000000 0.000000 0.000000 5.318436
20400 205 171.269928 0.000000 1000.000000 1.657958 169.792694 -0.180727 0.000000 0.000000 0.000000 7.041361
20500 206 164.427979 0.000000 1000.000000 1.140591 163.762680 -0.475300 0.000000 0.000000 0.000000 6.387776
20600 207 176.681808 0.000000 1000.000000 0.340924 176.340881 0.000000 0.000000 0.000000 0.000000 5.654911
20700 208 168.703033 0.000000 1000.000000 0.662241 168.446899 -0.406107 0.000000 0.000000 0.000000 6.706822
20800 209 164.075638 0.000000 1000.000000 0.214556 163.861084 0.000000 0.000000 0.000000 0.000000 6.844187
20900 210 179.403610 0.000000 1000.000000 1.276852 178.810547 -0.683799 0.000000 0.000000 0.000000 6.211600
21000 211 170.253494 0.000000 1000.000000 0.564135 170.362198 -0.672832 0.000000 0.000000 0.000000 7.853395
21100 212 161.571899 0.000000 1000.000000 1.369768 160.202133 0.000000 0.000000 0.000000 0.000000 8.280156
21200 213 186.920364 0.000000 1000.000000 1.259611 185.660751 0.000000 0.000000 0.000000 0.000000 7.828068
21300 214 193.911102 0.000000 1000.000000 1.846609 191.731644 -0.680923 1.013780 0.000000 0.000000 7.690321
21400 215 182.828049 0.000000 1000.000000 0.431044 182.445847 -0.048849 0.000000 0.000000 0.000000 8.539503
21500 216 178.547546 0.000000 1000.000000 0.493699 178.053848 0.000000 0.000000 0.000000 0.000000 10.308714
21600 217 176.054733 0.000000 1000.000000 0.666344 182.427734 -1.028989 -6.010363 0.000000 0.000000 10.092051
21700 218 171.645615 0.000000 1000.000000 0.306558 170.741852 -1.254575 1.851777 0.000000 0.000000 8.066740
21800 219 182.583664 0.000000 1000.000000 1.441976 181.141693 0.000000 0.000000 0.000000 0.000000 9.021837
21900 220 164.296219 0.000000 1000.000000 1.036891 163.361908 -0.102584 0.000000 0.000000 0.000000 7.584618
22000 221 172.902954 0.000000 1000.000000 0.610212 172.292740 0.000000 0.000000 0.000000 0.000000 8.911472
22100 222 182.571259 0.000000 1000.000000 2.049342 183.367783 -0.398208 -2.447670 0.000000 0.000000 10.353551
22200 223 181.349564 0.000000 1000.000000 0.976425 180.373138 0.000000 0.000000 0.000000 0.000000 8.833545
22300 224 175.154877 0.000000 1000.000000 0.263509 174.891373 0.000000 0.000000 0.000000 0.000000 9.090311
22400 225 170.660919 0.000000 1000.000000 0.671236 169.989685 0.000000 0.000000 0.000000 0.000000 8.778166
22500 226 165.107193 0.000000 1000.000000 1.321907 163.865158 -0.079883 0.000000 0.000000 0.000000 13.850374
22600 227 170.889679 0.000000 1000.000000 0.865839 170.198837 -0.175000 0.000000 0.000000 0.000000 10.725590
22700 228 176.277634 0.000000 1000.000000 0.462357 175.935440 -0.120167 0.000000 0.000000 0.000000 8.953531
22800 229 182.455475 0.000000 1000.000000 0.418774 182.036697 0.000000 0.000000 0.000000 0.000000 8.431079
22900 230 189.246338 0.000000 1000.000000 1.418068 187.828262 0.000000 0.000000 0.000000 0.000000 6.106215
23000 231 159.239548 0.000000 1000.000000 1.028197 158.211349 0.000000 0.000000 0.000000 0.000000 7.096464
23100 232 164.603897 0.000000 1000.000000 0.526204 164.077698 0.000000 0.000000 0.000000 0.000000 7.287199
23200 233 167.264435 0.000000 1000.000000 2.067826 165.567291 -0.370685 0.000000 0.000000 0.000000 6.254436
23300 234 175.844131 0.000000 1000.000000 2.485518 170.821533 -1.020566 3.557643 0.000000 0.000000 6.462276
23400 235 153.213501 0.000000 1000.000000 0.780982 152.432526 0.000000 0.000000 0.000000 0.000000 8.119947
23500 236 142.581528 0.000000 1000.000000 0.876182 141.705353 0.000000 0.000000 0.000000 0.000000 7.802499
23600 237 159.776566 0.000000 1000.000000 0.842926 159.180054 -0.246412 0.000000 0.000000 0.000000 8.841702
23700 238 151.173737 0.000000 1000.000000 0.493758 150.679977 0.000000 0.000000 0.000000 0.000000 7.485076
23800 239 161.771912 0.000000 1000.000000 0.828655 160.980225 -0.036974 0.000000 0.000000 0.000000 7.411076
23900 240 142.279587 0.000000 1000.000000 0.223125 142.056458 0.000000 0.000000 0.000000 0.000000 7.677814
24000 241 160.112442 0.000000 1000.000000 0.441679 159.670761 0.000000 0.000000 0.000000 0.000000 10.182302
24100 242 153.214844 0.000000 1000.000000 0.295448 152.919403 0.000000 0.000000 0.000000 0.000000 9.878987
24200 243 138.346741 0.000000 1000.000000 0.202898 138.183411 -0.039571 0.000000 0.000000 0.000000 10.005613
24300 244 144.190491 0.000000 1000.000000 0.287630 144.162201 -0.259336 0.000000 0.000000 0.000000 8.669879
24400 245 153.684250 0.000000 1000.000000 1.327342 152.356903 0.000000 0.000000 0.000000 0.000000 10.128028
24500 246 157.416504 0.000000 1000.000000 0.650256 156.766251 0.000000 0.000000 0.000000 0.000000 6.702975
24600 247 145.013290 0.000000 1000.000000 0.618863 144.484833 -0.090410 0.000000 0.000000 0.000000 9.469776
24700 248 150.549011 0.000000 1000.000000 0.731764 149.853561 -0.036319 0.000000 0.000000 0.000000 7.192242
24800 249 154.749313 0.000000 1000.000000 2.457328 152.291992 0.000000 0.000000 0.000000 0.000000 6.935765
24900 250 145.931992 0.000000 1000.000000 0.318709 145.857269 -0.243994 0.000000 0.000000 0.000000 7.330707
25000 251 150.602768 0.000000 1000.000000 2.816668 147.815323 -0.029223 0.000000 0.000000 0.000000 6.600885
25100 252 138.979614 0.000000 1000.000000 1.587109 137.392502 0.000000 0.000000 0.000000 0.000000 8.551233
25200 253 145.323578 0.000000 1000.000000 1.767333 143.556244 0.000000 0.000000 0.000000 0.000000 9.951930
25300 254 146.708221 0.000000 1000.000000 0.546809 146.781723 -0.620319 0.000000 0.000000 0.000000 6.222795
25400 255 174.679169 0.000000 1000.000000 0.414575 174.264587 0.000000 0.000000 0.000000 0.000000 7.462428
25500 256 150.887421 0.000000 1000.000000 0.932442 149.954971 0.000000 0.000000 0.000000 0.000000 5.854578
25600 257 151.100616 0.000000 1000.000000 0.847815 150.252808 0.000000 0.000000 0.000000 0.000000 5.853251
25700 258 149.892471 0.000000 1000.000000 0.966046 148.926422 0.000000 0.000000 0.000000 0.000000 6.279441
25800 259 162.375183 0.000000 1000.000000 0.341518 162.033661 0.000000 0.000000 0.000000 0.000000 8.135294
25900 260 147.562958 0.000000 1000.000000 0.342559 147.220398 0.000000 0.000000 0.000000 0.000000 8.321226
26000 261 149.213562 0.000000 1000.000000 0.469812 149.012268 -0.268531 0.000000 0.000000 0.000000 8.984636
26100 262 150.449722 0.000000 1000.000000 0.546503 149.903214 0.000000 0.000000 0.000000 0.000000 7.158918
26200 263 166.818008 0.000000 1000.000000 0.928179 165.889832 0.000000 0.000000 0.000000 0.000000 10.646198
26300 264 143.968094 0.000000 1000.000000 0.702641 143.265457 0.000000 0.000000 0.000000 0.000000 7.190203
26400 265 156.178833 0.000000 1000.000000 0.485339 156.088135 -0.394643 0.000000 0.000000 0.000000 5.489834
26500 266 149.352142 0.000000 1000.000000 0.707095 148.645050 0.000000 0.000000 0.000000 0.000000 7.841034
26600 267 147.030563 0.000000 1000.000000 1.302342 149.127975 -1.000003 -2.399745 0.000000 0.000000 6.746073
26700 268 132.801941 0.000000 1000.000000 0.446867 132.355072 0.000000 0.000000 0.000000 0.000000 6.923480
26800 269 165.111328 0.000000 1000.000000 2.834677 162.276657 0.000000 0.000000 0.000000 0.000000 7.711404
26900 270 163.588776 0.000000 1000.000000 1.649082 162.912247 -0.972552 0.000000 0.000000 0.000000 5.995834
27000 271 144.577377 0.000000 1000.000000 0.439771 144.436432 -0.298827 0.000000 0.000000 0.000000 7.574808
27100 272 158.872360 0.000000 1000.000000 0.555371 158.619583 -0.302594 0.000000 0.000000 0.000000 6.809483
27200 273 152.869415 0.000000 1000.000000 0.947111 152.285828 -0.363523 0.000000 0.000000 0.000000 5.147593
27300 274 151.856842 0.000000 1000.000000 0.441777 153.085083 -1.670007 0.000000 0.000000 0.000000 7.387949
27400 275 152.819626 0.000000 1000.000000 0.308849 153.192123 -0.681357 0.000000 0.000000 0.000000 6.107813
27500 276 143.312973 0.000000 1000.000000 2.124234 141.188736 0.000000 0.000000 0.000000 0.000000 7.110865
27600 277 158.007599 0.000000 1000.000000 0.256781 157.750824 0.000000 0.000000 0.000000 0.000000 8.903790
27700 278 164.658112 0.000000 1000.000000 0.553729 164.104385 0.000000 0.000000 0.000000 0.000000 6.665197
27800 279 165.545288 0.000000 1000.000000 0.648053 165.582687 -0.685462 0.000000 0.000000 0.000000 6.699627
27900 280 140.089355 0.000000 1000.000000 1.327683 138.761673 0.000000 0.000000 0.000000 0.000000 6.729414
28000 281 150.569748 0.000000 1000.000000 0.855608 149.714142 0.000000 0.000000 0.000000 0.000000 6.466948
28100 282 153.550629 0.000000 1000.000000 0.538984 153.011642 0.000000 0.000000 0.000000 0.000000 8.320970
28200 283 144.572891 0.000000 1000.000000 0.849358 144.230743 -0.507218 0.000000 0.000000 0.000000 4.857179
28300 284 156.014221 0.000000 1000.000000 2.045708 153.968506 0.000000 0.000000 0.000000 0.000000 4.994638
28400 285 156.361664 0.000000 1000.000000 0.679865 155.710663 -0.028868 0.000000 0.000000 0.000000 5.373410
28500 286 165.070801 0.000000 1000.000000 1.220844 163.880692 -0.030724 0.000000 0.000000 0.000000 5.590780
28600 287 154.964905 0.000000 1000.000000 0.902938 155.134613 -1.072653 0.000000 0.000000 0.000000 4.884743
28700 288 150.444290 0.000000 1000.000000 0.699216 150.707321 -0.962251 0.000000 0.000000 0.000000 6.377546
28800 289 138.037170 0.000000 1000.000000 1.877715 137.598587 -1.439128 0.000000 0.000000 0.000000 7.261653
28900 290 165.627365 0.000000 1000.000000 0.441115 165.840302 -0.654056 0.000000 0.000000 0.000000 6.465056
29000 291 133.706360 0.000000 1000.000000 0.407925 133.420776 -0.122341 0.000000 0.000000 0.000000 7.445176
29100 292 149.624054 0.000000 1000.000000 0.610151 156.030457 -1.958314 -5.058236 0.000000 0.000000 9.071726
29200 293 164.956100 0.000000 1000.000000 2.268276 162.687820 0.000000 0.000000 0.000000 0.000000 5.479961
29300 294 152.553085 0.000000 1000.000000 0.770395 151.933960 -0.151269 0.000000 0.000000 0.000000 7.487744
29400 295 171.167542 0.000000 1000.000000 1.400884 170.268387 -0.501720 0.000000 0.000000 0.000000 8.227377
29500 296 149.393906 0.000000 1000.000000 0.976690 148.417221 0.000000 0.000000 0.000000 0.000000 6.744711
29600 297 154.177429 0.000000 1000.000000 1.153475 153.023956 0.000000 0.000000 0.000000 0.000000 7.906922
29700 298 160.859802 0.000000 1000.000000 0.314022 160.579880 -0.034101 0.000000 0.000000 0.000000 5.653619
29800 299 167.109924 0.000000 1000.000000 2.126158 164.983765 0.000000 0.000000 0.000000 0.000000 5.179665
29900 300 152.197144 0.000000 1000.000000 0.786833 151.903427 -0.493125 0.000000 0.000000 0.000000 5.345866
30000 301 154.992966 0.000000 1000.000000 0.725608 154.584946 -0.317581 0.000000 0.000000 0.000000 6.127631
30100 302 155.322723 0.000000 1000.000000 2.837505 152.485214 0.000000 0.000000 0.000000 0.000000 8.077906
30200 303 152.569061 0.000000 1000.000000 0.810822 152.011398 -0.253164 0.000000 0.000000 0.000000 5.459373
30300 304 149.399963 0.000000 1000.000000 0.204450 149.917786 -0.722273 0.000000 0.000000 0.000000 6.421786
30400 305 142.552277 0.000000 1000.000000 0.286573 144.016174 -1.750467 0.000000 0.000000 0.000000 6.098068
30500 306 147.518112 0.000000 1000.000000 0.224177 151.880096 -2.492348 -2.093812 0.000000 0.000000 6.317127
30600 307 142.106354 0.000000 1000.000000 0.794903 141.515915 -0.204465 0.000000 0.000000 0.000000 6.706908
30700 308 154.807404 0.000000 1000.000000 0.334772 157.301270 -2.330748 -0.497895 0.000000 0.000000 5.623479
30800 309 151.204620 0.000000 1000.000000 0.208321 150.996292 0.000000 0.000000 0.000000 0.000000 7.375171
30900 310 181.270645 0.000000 1000.000000 0.905380 164.795181 -2.974720 18.544804 0.000000 0.000000 6.359267
31000 311 150.746964 0.000000 1000.000000 0.686608 150.419418 -0.359075 0.000000 0.000000 0.000000 7.086792
31100 312 164.132858 0.000000 1000.000000 0.710409 163.850998 -0.428547 0.000000 0.000000 0.000000 9.037434
31200 313 123.010475 0.000000 1000.000000 0.360576 124.732185 -2.082280 0.000000 0.000000 0.000000 10.537588
31300 314 145.663132 0.000000 1000.000000 0.922387 144.740738 0.000000 0.000000 0.000000 0.000000 7.694582
31400 315 156.173370 0.000000 1000.000000 2.227590 155.371475 -1.425690 0.000000 0.000000 0.000000 5.444360
31500 316 161.210663 0.000000 1000.000000 0.343200 161.429214 -0.561754 0.000000 0.000000 0.000000 6.065812
31600 317 170.868790 0.000000 1000.000000 0.564872 170.478516 -0.174589 0.000000 0.000000 0.000000 7.179852
31700 318 155.640213 0.000000 1000.000000 1.075059 155.010162 -0.445000 0.000000 0.000000 0.000000 8.260009
31800 319 163.387161 0.000000 1000.000000 0.688457 133.803574 -1.574749 30.469881 0.000000 0.000000 7.553173
31900 320 154.581192 0.000000 1000.000000 0.183001 154.864624 -0.466436 0.000000 0.000000 0.000000 7.935784
32000 321 139.977081 0.000000 1000.000000 0.478193 139.498886 0.000000 0.000000 0.000000 0.000000 5.348016
32100 322 151.048477 0.000000 1000.000000 1.589756 150.914062 -1.455343 0.000000 0.000000 0.000000 8.057636
32200 323 148.464890 0.000000 1000.000000 0.647227 148.053543 -0.235891 0.000000 0.000000 0.000000 6.696647
32300 324 139.046844 0.000000 1000.000000 0.235583 138.811264 0.000000 0.000000 0.000000 0.000000 5.416849
32400 325 144.857742 0.000000 1000.000000 0.525579 144.546677 -0.214513 0.000000 0.000000 0.000000 7.610544
32500 326 161.505951 0.000000 1000.000000 1.030775 160.748459 -0.273286 0.000000 0.000000 0.000000 7.077188
32600 327 161.638092 0.000000 1000.000000 1.201600 161.263641 -0.827154 0.000000 0.000000 0.000000 4.689425
32700 328 151.066147 0.000000 1000.000000 0.299094 152.115372 -1.348305 0.000000 0.000000 0.000000 4.167933
32800 329 175.158295 0.000000 1000.000000 0.617126 175.315918 -0.774754 0.000000 0.000000 0.000000 5.183658
32900 330 156.386398 0.000000 1000.000000 0.353172 156.643158 -0.609928 0.000000 0.000000 0.000000 6.681527
33000 331 153.388474 0.000000 1000.000000 0.450109 153.627502 -0.689134 0.000000 0.000000 0.000000 5.521956
33100 332 152.290268 0.000000 1000.000000 0.306013 151.984253 0.000000 0.000000 0.000000 0.000000 5.629200
33200 333 158.160416 0.000000 1000.000000 0.465848 158.172134 -0.477571 0.000000 0.000000 0.000000 6.915339
33300 334 153.419281 0.000000 1000.000000 1.451754 152.516205 -0.548673 0.000000 0.000000 0.000000 7.128327
33400 335 142.455215 0.000000 1000.000000 0.517635 141.937576 0.000000 0.000000 0.000000 0.000000 8.169596
33500 336 139.596588 0.000000 1000.000000 0.889563 139.414352 -0.707328 0.000000 0.000000 0.000000 7.090667
33600 337 151.746521 0.000000 1000.000000 0.463775 153.161316 -1.878567 0.000000 0.000000 0.000000 6.446979
33700 338 136.205399 0.000000 1000.000000 0.277623 136.782928 -0.855148 0.000000 0.000000 0.000000 5.048155
33800 339 152.639282 0.000000 1000.000000 0.422012 153.280701 -1.063426 0.000000 0.000000 0.000000 5.984320
33900 340 160.269485 0.000000 1000.000000 1.162754 159.417313 -0.310582 0.000000 0.000000 0.000000 7.814484
34000 341 146.503799 0.000000 1000.000000 0.339672 146.164124 0.000000 0.000000 0.000000 0.000000 7.517076
34100 342 139.925278 0.000000 1000.000000 0.285951 139.870316 -0.230985 0.000000 0.000000 0.000000 5.386211
34200 343 154.781876 0.000000 1000.000000 0.758428 154.023453 0.000000 0.000000 0.000000 0.000000 5.244754
34300 344 164.912613 0.000000 1000.000000 0.357994 164.554626 0.000000 0.000000 0.000000 0.000000 6.152869
34400 345 137.378143 0.000000 1000.000000 0.603920 136.774216 0.000000 0.000000 0.000000 0.000000 7.416059
34500 346 164.186935 0.000000 1000.000000 0.475033 163.838715 -0.126820 0.000000 0.000000 0.000000 7.795959
34600 347 148.200180 0.000000 1000.000000 0.551840 150.375183 -2.726831 0.000000 0.000000 0.000000 7.418223
34700 348 151.858475 0.000000 1000.000000 0.195179 153.124069 -1.460776 0.000000 0.000000 0.000000 8.702077
34800 349 153.395309 0.000000 1000.000000 0.289528 153.494308 -0.388530 0.000000 0.000000 0.000000 10.779228
34900 350 151.844574 0.000000 1000.000000 0.886867 153.114014 -2.156318 0.000000 0.000000 0.000000 6.959835
35000 351 167.393555 0.000000 1000.000000 1.119952 168.204819 -1.931221 0.000000 0.000000 0.000000 7.355399
35100 352 166.559601 0.000000 1000.000000 0.365754 166.914444 -0.720601 0.000000 0.000000 0.000000 9.118538
35200 353 182.836411 0.000000 1000.000000 0.487080 152.566177 -2.380415 32.163574 0.000000 0.000000 6.676075
35300 354 147.280762 0.000000 1000.000000 0.433238 153.332947 -1.976491 -4.508942 0.000000 0.000000 7.652185
35400 355 162.325989 0.000000 1000.000000 0.335351 163.085861 -1.095235 0.000000 0.000000 0.000000 7.905189
35500 356 161.786728 0.000000 1000.000000 0.243475 161.738846 -0.195587 0.000000 0.000000 0.000000 9.375834
35600 357 155.633789 0.000000 1000.000000 0.322408 155.372238 -0.060850 0.000000 0.000000 0.000000 9.407079
35700 358 139.665848 0.000000 1000.000000 0.626296 139.121368 -0.081812 0.000000 0.000000 0.000000 8.101351
35800 359 141.555756 0.000000 1000.000000 0.551858 141.003891 0.000000 0.000000 0.000000 0.000000 5.882087
35900 360 150.759430 0.000000 1000.000000 0.274595 150.580185 -0.095357 0.000000 0.000000 0.000000 8.848240
36000 361 155.451279 0.000000 1000.000000 0.521332 155.522415 -0.592468 0.000000 0.000000 0.000000 10.940390
36100 362 141.637665 0.000000 1000.000000 0.324867 141.359711 -0.046920 0.000000 0.000000 0.000000 11.896271
36200 363 148.714355 0.000000 1000.000000 0.187235 148.527115 0.000000 0.000000 0.000000 0.000000 10.109365
36300 364 157.745544 0.000000 1000.000000 0.815681 156.929871 0.000000 0.000000 0.000000 0.000000 7.245829
36400 365 164.332138 0.000000 1000.000000 1.023428 165.435059 -2.126340 0.000000 0.000000 0.000000 7.433951
36500 366 152.445694 0.000000 1000.000000 0.371041 152.130753 -0.056103 0.000000 0.000000 0.000000 9.762201
36600 367 144.297440 0.000000 1000.000000 0.196575 144.268234 -0.167373 0.000000 0.000000 0.000000 10.164377
36700 368 139.934921 0.000000 1000.000000 0.542642 139.882736 -0.490457 0.000000 0.000000 0.000000 8.227854
36800 369 154.876434 0.000000 1000.000000 0.324043 154.948196 -0.395801 0.000000 0.000000 0.000000 8.071562
36900 370 165.364334 0.000000 1000.000000 0.426034 164.938293 0.000000 0.000000 0.000000 0.000000 7.462905
37000 371 147.783432 0.000000 1000.000000 0.577784 147.952103 -0.746455 0.000000 0.000000 0.000000 7.628189
37100 372 161.383591 0.000000 1000.000000 0.372621 162.446243 -1.435265 0.000000 0.000000 0.000000 7.381184
37200 373 141.041870 0.000000 1000.000000 0.701180 142.048782 -1.708106 0.000000 0.000000 0.000000 7.072227
37300 374 150.318527 0.000000 1000.000000 0.315313 150.003220 0.000000 0.000000 0.000000 0.000000 7.765259
37400 375 146.376526 0.000000 1000.000000 0.549250 145.927414 -0.100142 0.000000 0.000000 0.000000 7.058636
37500 376 145.930908 0.000000 1000.000000 0.987451 145.412155 -0.468705 0.000000 0.000000 0.000000 8.106276
37600 377 148.293396 0.000000 1000.000000 0.298229 147.995163 0.000000 0.000000 0.000000 0.000000 6.983193
37700 378 298.872681 0.000000 1000.000000 2.514308 126.783821 -1.927902 171.502457 0.000000 0.000000 7.735592
37800 379 142.192963 0.000000 1000.000000 0.372024 143.025436 -1.204501 0.000000 0.000000 0.000000 6.799451
37900 380 141.709396 0.000000 1000.000000 0.828980 142.834839 -1.954422 0.000000 0.000000 0.000000 6.457761
38000 381 135.414932 0.000000 1000.000000 0.307957 136.416107 -1.309122 0.000000 0.000000 0.000000 7.885999
38100 382 134.974045 0.000000 1000.000000 0.795097 134.239578 -0.060630 0.000000 0.000000 0.000000 7.515795
38200 383 153.277313 0.000000 1000.000000 1.389130 152.084564 -0.196384 0.000000 0.000000 0.000000 6.468655
38300 384 140.926712 0.000000 1000.000000 0.471281 143.986816 -1.216587 -2.314800 0.000000 0.000000 8.198715
38400 385 137.497208 0.000000 1000.000000 0.294056 137.400513 -0.197352 0.000000 0.000000 0.000000 8.487534
38500 386 147.297501 0.000000 1000.000000 2.188697 145.168350 -0.059534 0.000000 0.000000 0.000000 7.711432
38600 387 143.190308 0.000000 1000.000000 0.582808 142.607498 0.000000 0.000000 0.000000 0.000000 7.555186
38700 388 136.205505 0.000000 1000.000000 0.644726 135.928329 -0.367547 0.000000 0.000000 0.000000 6.235041
38800 389 199.937714 0.000000 1000.000000 0.879384 136.906540 -1.461206 63.613007 0.000000 0.000000 6.929884
38900 390 141.433563 0.000000 1000.000000 0.932022 141.136658 -0.635124 0.000000 0.000000 0.000000 7.230584
39000 391 135.006470 0.000000 1000.000000 2.560802 132.741302 -0.295637 0.000000 0.000000 0.000000 6.139717
39100 392 144.774490 0.000000 1000.000000 0.703814 144.507843 -0.437158 0.000000 0.000000 0.000000 5.067724
39200 393 136.850006 0.000000 1000.000000 0.379940 137.917328 -1.447268 0.000000 0.000000 0.000000 6.992874
39300 394 121.816109 0.000000 1000.000000 0.732935 122.388115 -1.304938 0.000000 0.000000 0.000000 7.318475
39400 395 131.218735 0.000000 1000.000000 0.819907 130.398834 0.000000 0.000000 0.000000 0.000000 10.144814
39500 396 137.207092 0.000000 1000.000000 0.340555 136.970276 -0.103745 0.000000 0.000000 0.000000 6.535295
39600 397 142.536057 0.000000 1000.000000 1.771564 140.866760 -0.102260 0.000000 0.000000 0.000000 6.472108
39700 398 132.492111 0.000000 1000.000000 0.455502 134.423111 -2.386507 0.000000 0.000000 0.000000 5.677599
39800 399 144.812271 0.000000 1000.000000 0.495148 145.133286 -0.816155 0.000000 0.000000 0.000000 7.095827
39900 400 172.239807 0.000000 1000.000000 1.307063 170.932739 0.000000 0.000000 0.000000 0.000000 7.432896
40000 401 145.035675 0.000000 1000.000000 0.644187 145.011414 -0.619922 0.000000 0.000000 0.000000 7.281065
40100 402 132.815887 0.000000 1000.000000 0.203392 132.612488 0.000000 0.000000 0.000000 0.000000 6.239990
40200 403 146.466766 0.000000 1000.000000 0.427682 146.240738 -0.201662 0.000000 0.000000 0.000000 7.345193
40300 404 135.155624 0.000000 1000.000000 0.264790 135.337677 -0.446831 0.000000 0.000000 0.000000 7.567801
40400 405 134.382950 0.000000 1000.000000 0.197147 134.185806 0.000000 0.000000 0.000000 0.000000 8.722147
40500 406 148.599670 0.000000 1000.000000 0.736941 148.495956 -0.633228 0.000000 0.000000 0.000000 6.655006
40600 407 154.239120 0.000000 1000.000000 0.237128 154.624420 -0.622426 0.000000 0.000000 0.000000 9.362930
40700 408 140.613480 0.000000 1000.000000 0.067513 141.052017 -0.506056 0.000000 0.000000 0.000000 4.696760
40800 409 150.461975 0.000000 1000.000000 0.622699 150.226028 -0.386742 0.000000 0.000000 0.000000 7.080747
40900 410 147.120026 0.000000 1000.000000 1.180504 146.354553 -0.415037 0.000000 0.000000 0.000000 6.149605
41000 411 152.007263 0.000000 1000.000000 0.830270 151.500885 -0.323891 0.000000 0.000000 0.000000 5.439039
41100 412 138.845734 0.000000 1000.000000 0.706226 139.324280 -1.184768 0.000000 0.000000 0.000000 8.080518
41200 413 133.069427 0.000000 1000.000000 0.337486 132.731949 0.000000 0.000000 0.000000 0.000000 6.015951
41300 414 142.370758 0.000000 1000.000000 1.496191 143.189880 -2.315315 0.000000 0.000000 0.000000 7.728031
41400 415 133.791351 0.000000 1000.000000 0.361809 137.201721 -1.244054 -2.528143 0.000000 0.000000 6.519449
41500 416 161.485001 0.000000 1000.000000 0.583415 161.199921 -0.298340 0.000000 0.000000 0.000000 5.986744
41600 417 155.904297 0.000000 1000.000000 0.464366 160.640762 -2.195976 -3.004867 0.000000 0.000000 6.259092
41700 418 141.010925 0.000000 1000.000000 0.279403 142.967438 -2.235915 0.000000 0.000000 0.000000 6.244288
41800 419 153.698395 0.000000 1000.000000 0.849639 152.906631 -0.057871 0.000000 0.000000 0.000000 6.982846
41900 420 155.216324 0.000000 1000.000000 0.162142 160.351440 -1.777783 -3.519475 0.000000 0.000000 6.958122
42000 421 132.575119 0.000000 1000.000000 0.352318 132.311920 -0.089131 0.000000 0.000000 0.000000 6.779763
42100 422 149.641678 0.000000 1000.000000 0.212112 151.718140 -2.288570 0.000000 0.000000 0.000000 7.128154
42200 423 139.694214 0.000000 1000.000000 0.702568 143.756454 -1.845294 -2.919529 0.000000 0.000000 7.322439
42300 424 156.931717 0.000000 1000.000000 1.374304 156.454636 -0.897223 0.000000 0.000000 0.000000 8.233337
42400 425 153.494980 0.000000 1000.000000 0.661941 152.833038 0.000000 0.000000 0.000000 0.000000 8.285263
42500 426 151.469238 0.000000 1000.000000 0.333535 151.135696 0.000000 0.000000 0.000000 0.000000 8.941890
42600 427 149.766113 0.000000 1000.000000 0.208172 149.557938 0.000000 0.000000 0.000000 0.000000 7.996964
42700 428 134.031219 0.000000 1000.000000 0.328326 139.883286 -2.386919 -3.793479 0.000000 0.000000 8.611268
42800 429 149.848267 0.000000 1000.000000 0.137741 149.710526 0.000000 0.000000 0.000000 0.000000 10.454985
42900 430 141.085526 0.000000 1000.000000 0.166066 141.105804 -0.186344 0.000000 0.000000 0.000000 8.684712
43000 431 144.254288 0.000000 1000.000000 0.276073 145.248093 -1.269878 0.000000 0.000000 0.000000 9.049412
43100 432 154.300385 0.000000 1000.000000 0.754431 155.685913 -2.139951 0.000000 0.000000 0.000000 7.835366
43200 433 120.410255 0.000000 1000.000000 0.227287 125.487625 -2.491046 -2.813613 0.000000 0.000000 11.088650
43300 434 130.801636 0.000000 1000.000000 0.172768 132.586899 -1.958039 0.000000 0.000000 0.000000 8.735149
43400 435 162.978973 0.000000 1000.000000 0.301750 164.164413 -1.487186 0.000000 0.000000 0.000000 11.618721
43500 436 150.747604 0.000000 1000.000000 0.267018 144.826813 -1.748602 7.402371 0.000000 0.000000 10.736126
43600 437 151.789703 0.000000 1000.000000 1.500645 151.258484 -0.969415 0.000000 0.000000 0.000000 8.890841
43700 438 170.730392 0.000000 1000.000000 1.350208 171.619614 -2.239428 0.000000 0.000000 0.000000 7.482547
43800 439 164.201691 0.000000 1000.000000 0.481530 163.720154 0.000000 0.000000 0.000000 0.000000 9.886105
43900 440 150.627167 0.000000 1000.000000 0.790809 150.050293 -0.213930 0.000000 0.000000 0.000000 10.773186
44000 441 149.046082 0.000000 1000.000000 0.337838 149.460266 -0.752030 0.000000 0.000000 0.000000 11.782979
44100 442 185.172501 0.000000 1000.000000 1.265189 184.534302 -0.626981 0.000000 0.000000 0.000000 8.249894
44200 443 137.224289 0.000000 1000.000000 0.401177 136.823105 0.000000 0.000000 0.000000 0.000000 8.800249
44300 444 127.933418 0.000000 1000.000000 0.147343 133.429153 -2.533745 -3.109322 0.000000 0.000000 7.116773
44400 445 136.647263 0.000000 1000.000000 0.711917 136.329865 -0.394514 0.000000 0.000000 0.000000 8.804495
44500 446 140.361786 0.000000 1000.000000 0.508431 142.260757 -2.407406 0.000000 0.000000 0.000000 8.761029
44600 447 144.437958 0.000000 1000.000000 0.212375 144.407883 -0.182302 0.000000 0.000000 0.000000 8.320977
44700 448 158.453995 0.000000 1000.000000 1.257910 157.196091 0.000000 0.000000 0.000000 0.000000 7.908707
44800 449 149.554108 0.000000 1000.000000 0.260850 149.519531 -0.226277 0.000000 0.000000 0.000000 7.461119
44900 450 160.583008 0.000000 1000.000000 0.253567 160.329437 0.000000 0.000000 0.000000 0.000000 5.991839
45000 451 153.898056 0.000000 1000.000000 0.491400 153.652206 -0.245540 0.000000 0.000000 0.000000 8.058807
45100 452 159.102905 0.000000 1000.000000 0.480377 158.622528 0.000000 0.000000 0.000000 0.000000 6.150762
45200 453 145.445816 0.000000 1000.000000 0.443075 145.002747 0.000000 0.000000 0.000000 0.000000 6.643317
45300 454 143.241547 0.000000 1000.000000 0.269267 145.466797 -2.494515 0.000000 0.000000 0.000000 7.930074
45400 455 149.921585 0.000000 1000.000000 0.359100 150.022751 -0.460261 0.000000 0.000000 0.000000 6.369721
45500 456 150.502884 0.000000 1000.000000 0.203084 154.074051 -2.989725 -0.784514 0.000000 0.000000 6.645632
45600 457 181.135620 0.000000 1000.000000 0.890467 180.688324 -0.443174 0.000000 0.000000 0.000000 6.012845
45700 458 158.900726 0.000000 1000.000000 0.347578 158.634460 -3.503892 3.422573 0.000000 0.000000 5.809461
45800 459 154.492355 0.000000 1000.000000 1.011188 142.640167 -2.487144 13.328135 0.000000 0.000000 6.815773
45900 460 147.892944 0.000000 1000.000000 0.412982 151.762207 -3.110542 -1.171685 0.000000 0.000000 7.121578
46000 461 148.843185 0.000000 1000.000000 1.016903 148.964066 -1.137782 0.000000 0.000000 0.000000 8.139336
46100 462 152.996017 0.000000 1000.000000 0.382715 152.613297 0.000000 0.000000 0.000000 0.000000 6.973177
46200 463 146.138306 0.000000 1000.000000 0.268704 147.813904 -1.944306 0.000000 0.000000 0.000000 7.380310
46300 464 140.952408 0.000000 1000.000000 0.887069 142.004013 -1.938677 0.000000 0.000000 0.000000 8.961697
46400 465 154.422501 0.000000 1000.000000 0.655861 155.753357 -1.986722 0.000000 0.000000 0.000000 7.101516
46500 466 151.375763 0.000000 1000.000000 1.311025 151.850662 -1.785926 0.000000 0.000000 0.000000 7.876904
46600 467 143.704666 0.000000 1000.000000 0.167890 143.536774 0.000000 0.000000 0.000000 0.000000 7.368595
46700 468 158.223923 0.000000 1000.000000 0.546780 159.464615 -1.787482 0.000000 0.000000 0.000000 6.545701
46800 469 142.464722 0.000000 1000.000000 0.185643 143.757324 -1.478241 0.000000 0.000000 0.000000 6.017689
46900 470 162.375183 0.000000 1000.000000 0.509591 162.060516 -0.194930 0.000000 0.000000 0.000000 6.262670
47000 471 153.076462 0.000000 1000.000000 0.466433 152.610031 0.000000 0.000000 0.000000 0.000000 7.671621
47100 472 148.074066 0.000000 1000.000000 0.603499 147.470566 0.000000 0.000000 0.000000 0.000000 6.623544
47200 473 162.550308 0.000000 1000.000000 1.247937 152.484436 -2.325337 11.143265 0.000000 0.000000 7.098927
47300 474 161.892502 0.000000 1000.000000 0.801189 161.608612 -0.517301 0.000000 0.000000 0.000000 9.706451
47400 475 144.836563 0.000000 1000.000000 0.863122 146.020752 -2.047323 0.000000 0.000000 0.000000 6.575646
47500 476 165.226501 0.000000 1000.000000 0.823484 172.159805 -2.712908 -5.043892 0.000000 0.000000 6.646152
47600 477 189.372589 0.000000 1000.000000 0.871200 189.666916 -1.165528 0.000000 0.000000 0.000000 6.071766
47700 478 156.191635 0.000000 1000.000000 0.446720 156.145096 -0.400183 0.000000 0.000000 0.000000 7.611468
47800 479 144.172134 0.000000 1000.000000 1.053481 145.095596 -1.976938 0.000000 0.000000 0.000000 7.789154
47900 480 159.100784 0.000000 1000.000000 0.303883 160.081116 -1.284217 0.000000 0.000000 0.000000 6.722910
48000 481 138.002869 0.000000 1000.000000 0.296700 138.636475 -0.930310 0.000000 0.000000 0.000000 6.859396
48100 482 145.766052 0.000000 1000.000000 1.121739 144.890915 -0.246597 0.000000 0.000000 0.000000 7.295147
48200 483 158.554855 0.000000 1000.000000 0.310906 158.991669 -0.747722 0.000000 0.000000 0.000000 5.983270
48300 484 140.304245 0.000000 1000.000000 0.752096 139.800049 -0.247898 0.000000 0.000000 0.000000 7.657788
48400 485 153.943558 0.000000 1000.000000 0.728766 154.469666 -1.254865 0.000000 0.000000 0.000000 7.985868
48500 486 132.181091 0.000000 1000.000000 0.468680 133.759552 -2.047133 0.000000 0.000000 0.000000 6.237065
48600 487 148.394699 0.000000 1000.000000 0.298475 149.605759 -1.509538 0.000000 0.000000 0.000000 6.865116
48700 488 138.757385 0.000000 1000.000000 0.641838 138.551346 -0.435803 0.000000 0.000000 0.000000 9.283910
48800 489 153.275131 0.000000 1000.000000 0.502054 152.773071 0.000000 0.000000 0.000000 0.000000 7.129350
48900 490 129.524658 0.000000 1000.000000 0.833460 128.691193 0.000000 0.000000 0.000000 0.000000 6.674750
49000 491 137.184280 0.000000 1000.000000 0.463405 137.143799 -0.422933 0.000000 0.000000 0.000000 7.798251
49100 492 165.315491 0.000000 1000.000000 2.892012 162.423477 0.000000 0.000000 0.000000 0.000000 7.866786
49200 493 150.254578 0.000000 1000.000000 1.205922 151.270950 -2.222293 0.000000 0.000000 0.000000 8.016638
49300 494 146.657196 0.000000 1000.000000 0.723706 145.933487 0.000000 0.000000 0.000000 0.000000 7.408297
49400 495 145.096405 0.000000 1000.000000 0.221776 144.874634 0.000000 0.000000 0.000000 0.000000 7.549099
49500 496 144.801498 0.000000 1000.000000 0.715598 151.485748 -2.308548 -5.091295 0.000000 0.000000 6.433077
49600 497 141.832230 0.000000 1000.000000 1.360608 140.718307 -0.246694 0.000000 0.000000 0.000000 7.147734
49700 498 137.232773 0.000000 1000.000000 0.458091 137.657990 -3.656404 2.773105 0.000000 0.000000 6.509995
49800 499 135.744278 0.000000 1000.000000 0.631473 136.212341 -1.099539 0.000000 0.000000 0.000000 7.360315
49900 500 151.644089 0.000000 1000.000000 0.381288 146.155518 -2.779963 7.887247 0.000000 0.000000 8.666017
50000 501 136.714371 0.000000 1000.000000 0.487339 141.663040 -3.123924 -2.312088 0.000000 0.000000 7.290842
