1 1 218.452148 0.000000 1000.000000 0.228380 219.895523 -1.671758 0.000000 0.000000 0.000000 1.663337
100 2 205.012985 0.000000 1000.000000 0.322133 208.193405 -0.714436 -2.788110 0.000000 0.000000 7.108949
200 3 180.504303 0.000000 1000.000000 0.325882 180.895844 -0.438181 -0.279232 0.000000 0.000000 7.519921
300 4 205.466553 0.000000 1000.000000 3.766126 201.972595 -0.272166 0.000000 0.000000 0.000000 5.797334
400 5 204.376144 0.000000 1000.000000 1.669413 202.706726 0.000000 0.000000 0.000000 0.000000 9.941582
500 6 204.559296 0.000000 1000.000000 0.438110 204.121185 0.000000 0.000000 0.000000 0.000000 10.142988
600 7 185.109329 0.000000 1000.000000 1.174755 183.934570 0.000000 0.000000 0.000000 0.000000 6.520991
700 8 175.240707 0.000000 1000.000000 0.289057 182.161072 -1.814257 -5.395175 0.000000 0.000000 5.390038
800 9 199.253311 0.000000 1000.000000 0.636624 199.675751 -1.059061 0.000000 0.000000 0.000000 7.887951
900 10 178.263916 0.000000 1000.000000 0.162364 182.269897 -1.477465 -2.690892 0.000000 0.000000 6.256909
1000 11 175.634644 0.000000 1000.000000 0.657709 174.976929 0.000000 0.000000 0.000000 0.000000 4.634800
1100 12 190.535645 0.000000 1000.000000 1.199730 190.190475 -0.854561 0.000000 0.000000 0.000000 9.557320
1200 13 170.389786 0.000000 1000.000000 0.934752 169.455032 0.000000 0.000000 0.000000 0.000000 6.230019
1300 14 183.273590 0.000000 1000.000000 3.430493 179.843094 0.000000 0.000000 0.000000 0.000000 4.884669
1400 15 212.067444 0.000000 1000.000000 0.666919 212.317657 -0.917127 0.000000 0.000000 0.000000 4.449282
1500 16 198.072800 0.000000 1000.000000 0.329384 197.743408 0.000000 0.000000 0.000000 0.000000 5.204159
1600 17 188.942535 0.000000 1000.000000 0.764787 193.123505 -1.282917 -3.662844 0.000000 0.000000 4.170731
1700 18 180.057877 0.000000 1000.000000 2.164494 181.664993 -0.731560 -3.040032 0.000000 0.000000 5.365232
1800 19 189.007645 0.000000 1000.000000 0.654338 188.353302 0.000000 0.000000 0.000000 0.000000 5.138231
1900 20 192.487015 0.000000 1000.000000 0.605235 191.904388 -0.022614 0.000000 0.000000 0.000000 9.084411
2000 21 174.072037 0.000000 1000.000000 1.751270 172.629288 -0.308518 0.000000 0.000000 0.000000 6.079432
2100 22 167.664337 0.000000 1000.000000 0.721827 170.880798 -1.799413 -2.138882 0.000000 0.000000 5.451403
2200 23 176.070251 0.000000 1000.000000 0.401463 175.668793 0.000000 0.000000 0.000000 0.000000 5.786127
2300 24 160.274918 0.000000 1000.000000 0.376763 160.435165 -0.537024 0.000000 0.000000 0.000000 6.034404
2400 25 175.211899 0.000000 1000.000000 0.417475 175.232971 -0.438558 0.000000 0.000000 0.000000 3.659941
2500 26 166.635315 0.000000 1000.000000 0.617983 167.128906 -1.111579 0.000000 0.000000 0.000000 3.928987
2600 27 170.589859 0.000000 1000.000000 0.145654 170.444199 0.000000 0.000000 0.000000 0.000000 4.892470
2700 28 157.114548 0.000000 1000.000000 2.095098 159.760605 -1.753711 -2.987442 0.000000 0.000000 3.952760
2800 29 166.910660 0.000000 1000.000000 0.596203 166.314453 0.000000 0.000000 0.000000 0.000000 5.988694
2900 30 167.024902 0.000000 1000.000000 1.203543 166.078430 -0.257061 0.000000 0.000000 0.000000 4.863238
3000 31 172.523346 0.000000 1000.000000 0.356916 172.166428 0.000000 0.000000 0.000000 0.000000 4.929087
3100 32 172.647293 0.000000 1000.000000 0.979598 172.380905 -0.713212 0.000000 0.000000 0.000000 4.224527
3200 33 173.053146 0.000000 1000.000000 0.251577 172.801575 0.000000 0.000000 0.000000 0.000000 6.786207
3300 34 216.999023 0.000000 1000.000000 2.024457 159.651337 -2.212311 57.535545 0.000000 0.000000 6.816047
3400 35 171.308578 0.000000 1000.000000 2.450727 169.802155 -0.944308 0.000000 0.000000 0.000000 7.721594
3500 36 163.709488 0.000000 1000.000000 1.270117 163.881409 -1.442029 0.000000 0.000000 0.000000 6.022819
3600 37 185.843140 0.000000 1000.000000 0.326703 187.325638 -1.809205 0.000000 0.000000 0.000000 6.859389
3700 38 173.055298 0.000000 1000.000000 0.488962 172.566330 0.000000 0.000000 0.000000 0.000000 6.832135
3800 39 166.121582 0.000000 1000.000000 0.204915 165.916672 0.000000 0.000000 0.000000 0.000000 6.825079
3900 40 160.233673 0.000000 1000.000000 1.093099 159.140579 0.000000 0.000000 0.000000 0.000000 6.568145
4000 41 169.510239 0.000000 1000.000000 0.887623 169.218735 -0.596116 0.000000 0.000000 0.000000 6.619527
4100 42 181.239944 0.000000 1000.000000 2.287522 179.629105 -0.676685 0.000000 0.000000 0.000000 6.844517
4200 43 186.367981 0.000000 1000.000000 0.713935 187.673340 -2.019283 0.000000 0.000000 0.000000 6.128809
4300 44 177.780319 0.000000 1000.000000 2.926172 174.883789 -0.029650 0.000000 0.000000 0.000000 6.097984
4400 45 168.007446 0.000000 1000.000000 1.810882 167.002518 -0.805955 0.000000 0.000000 0.000000 5.416685
4500 46 201.925369 0.000000 1000.000000 0.825830 201.099533 0.000000 0.000000 0.000000 0.000000 7.695106
4600 47 172.829681 0.000000 1000.000000 2.348790 171.028015 -0.547122 0.000000 0.000000 0.000000 5.983603
4700 48 188.295029 0.000000 1000.000000 1.631324 186.702316 -0.038600 0.000000 0.000000 0.000000 4.917217
4800 49 183.676407 0.000000 1000.000000 2.187695 182.470078 -0.981372 0.000000 0.000000 0.000000 7.701435
4900 50 170.083557 0.000000 1000.000000 2.524628 167.592575 -0.033645 0.000000 0.000000 0.000000 7.377822
5000 51 180.697678 0.000000 1000.000000 3.122377 177.695160 -0.119861 0.000000 0.000000 0.000000 7.184913
5100 52 169.129120 0.000000 1000.000000 1.182355 167.946762 0.000000 0.000000 0.000000 0.000000 8.097595
5200 53 184.588959 0.000000 1000.000000 1.985025 184.600327 -1.996392 0.000000 0.000000 0.000000 7.959166
5300 54 316.696045 0.000000 1000.000000 2.376751 172.352234 -2.098515 144.065582 0.000000 0.000000 7.227718
5400 55 166.665161 0.000000 1000.000000 3.954214 162.710953 0.000000 0.000000 0.000000 0.000000 5.756999
5500 56 186.799591 0.000000 1000.000000 1.898004 189.564743 -1.898968 -2.764192 0.000000 0.000000 4.843909
5600 57 159.568939 0.000000 1000.000000 1.377233 158.724075 -0.532367 0.000000 0.000000 0.000000 7.859158
5700 58 175.497528 0.000000 1000.000000 1.790505 174.280945 -0.573926 0.000000 0.000000 0.000000 5.999127
5800 59 160.872009 0.000000 1000.000000 4.442348 156.662918 -0.233265 0.000000 0.000000 0.000000 6.089851
5900 60 153.743286 0.000000 1000.000000 1.160146 153.261398 -0.678257 0.000000 0.000000 0.000000 8.591269
6000 61 163.724991 0.000000 1000.000000 0.977441 163.825302 -1.077763 0.000000 0.000000 0.000000 6.871821
6100 62 155.606079 0.000000 1000.000000 0.358560 156.551132 -1.303617 0.000000 0.000000 0.000000 5.855835
6200 63 151.729034 0.000000 1000.000000 1.750777 150.679367 -0.701104 0.000000 0.000000 0.000000 5.382635
6300 64 163.342010 0.000000 1000.000000 0.433924 169.225510 -1.286268 -5.031164 0.000000 0.000000 5.605601
6400 65 152.761627 0.000000 1000.000000 0.292399 152.805862 -0.336646 0.000000 0.000000 0.000000 4.687867
6500 66 146.805466 0.000000 1000.000000 1.518661 145.912170 -0.625360 0.000000 0.000000 0.000000 5.178935
6600 67 155.824249 0.000000 1000.000000 1.036666 155.059433 -0.271856 0.000000 0.000000 0.000000 8.251887
6700 68 147.728424 0.000000 1000.000000 1.858991 148.113052 -2.243615 0.000000 0.000000 0.000000 4.986234
6800 69 150.085220 0.000000 1000.000000 1.388898 150.126678 -1.430365 0.000000 0.000000 0.000000 4.144484
6900 70 152.391006 0.000000 1000.000000 0.741662 152.435196 -0.785852 0.000000 0.000000 0.000000 6.885436
7000 71 147.773087 0.000000 1000.000000 2.132077 145.641006 0.000000 0.000000 0.000000 0.000000 6.032491
7100 72 147.307739 0.000000 1000.000000 1.448912 146.068558 -0.209732 0.000000 0.000000 0.000000 7.020759
7200 73 160.048355 0.000000 1000.000000 1.746823 158.357758 -0.056226 0.000000 0.000000 0.000000 7.923749
7300 74 173.330093 0.000000 1000.000000 0.835624 172.938934 -0.444460 0.000000 0.000000 0.000000 5.152229
7400 75 165.503357 0.000000 1000.000000 0.861003 164.706482 -0.064132 0.000000 0.000000 0.000000 3.900472
7500 76 148.065750 0.000000 1000.000000 0.541646 148.234467 -0.710353 0.000000 0.000000 0.000000 4.973088
7600 77 156.707642 0.000000 1000.000000 0.307580 157.514145 -1.114094 0.000000 0.000000 0.000000 4.366239
7700 78 157.567978 0.000000 1000.000000 0.673534 157.330002 -0.435558 0.000000 0.000000 0.000000 5.735791
7800 79 151.295135 0.000000 1000.000000 1.057215 150.237915 0.000000 0.000000 0.000000 0.000000 8.578033
7900 80 159.655930 0.000000 1000.000000 0.627225 159.540024 -0.511318 0.000000 0.000000 0.000000 4.374738
8000 81 211.709808 0.000000 1000.000000 0.997574 194.169083 -0.785875 17.329027 0.000000 0.000000 4.611201
8100 82 169.971176 0.000000 1000.000000 0.629376 169.950150 -0.608349 0.000000 0.000000 0.000000 5.458930
8200 83 186.831436 0.000000 1000.000000 0.903344 180.442902 -0.929023 6.414197 0.000000 0.000000 4.317241
8300 84 169.131317 0.000000 1000.000000 1.080308 164.692932 -1.124817 4.482892 0.000000 0.000000 4.201007
8400 85 164.308121 0.000000 1000.000000 0.584465 164.985825 -1.262170 0.000000 0.000000 0.000000 3.495094
8500 86 169.000275 0.000000 1000.000000 0.259800 168.740479 0.000000 0.000000 0.000000 0.000000 4.312801
8600 87 172.906982 0.000000 1000.000000 0.432923 173.099823 -0.625762 0.000000 0.000000 0.000000 3.577554
8700 88 180.064774 0.000000 1000.000000 0.984728 179.726990 -0.646936 0.000000 0.000000 0.000000 4.844385
8800 89 166.701187 0.000000 1000.000000 2.367519 164.992935 -0.659276 0.000000 0.000000 0.000000 6.030355
8900 90 155.595123 0.000000 1000.000000 0.259857 155.535492 -0.200233 0.000000 0.000000 0.000000 5.473628
9000 91 154.554901 0.000000 1000.000000 0.948160 154.922958 -1.316230 0.000000 0.000000 0.000000 4.732986
9100 92 162.203278 0.000000 1000.000000 0.836180 165.178925 -1.903142 -1.908695 0.000000 0.000000 5.158459
9200 93 172.305206 0.000000 1000.000000 2.606709 173.820114 -2.196103 -1.925507 0.000000 0.000000 4.765672
9300 94 166.676727 0.000000 1000.000000 0.594345 166.499985 -0.417595 0.000000 0.000000 0.000000 4.577275
9400 95 190.242401 0.000000 1000.000000 0.685407 190.004715 -0.447724 0.000000 0.000000 0.000000 4.727014
9500 96 160.109177 0.000000 1000.000000 0.912298 160.239426 -1.042540 0.000000 0.000000 0.000000 4.310848
9600 97 169.866959 0.000000 1000.000000 1.546308 168.320648 0.000000 0.000000 0.000000 0.000000 4.713325
9700 98 183.489594 0.000000 1000.000000 0.997294 182.492294 0.000000 0.000000 0.000000 0.000000 6.273745
9800 99 174.372742 0.000000 1000.000000 1.230084 173.197281 -0.054630 0.000000 0.000000 0.000000 5.392776
9900 100 167.204254 0.000000 1000.000000 0.731634 166.655075 -0.182451 0.000000 0.000000 0.000000 5.556892
10000 101 166.359238 0.000000 1000.000000 1.328458 165.521484 -0.490711 0.000000 0.000000 0.000000 6.202413
10100 102 170.143723 0.000000 1000.000000 1.698391 168.586472 -0.141146 0.000000 0.000000 0.000000 6.303115
10200 103 163.584076 0.000000 1000.000000 0.891013 163.030258 -0.337181 0.000000 0.000000 0.000000 5.709026
10300 104 162.774872 0.000000 1000.000000 0.494531 168.324295 -1.108087 -4.935862 0.000000 0.000000 4.848743
10400 105 143.554153 0.000000 1000.000000 2.455309 148.488434 -2.484932 -4.904648 0.000000 0.000000 4.318183
10500 106 136.531769 0.000000 1000.000000 2.066478 138.790787 -2.227914 -2.097586 0.000000 0.000000 4.682633
10600 107 177.178879 0.000000 1000.000000 2.037732 176.797958 -1.656819 0.000000 0.000000 0.000000 4.549782
10700 108 164.731369 0.000000 1000.000000 1.667761 158.452377 -2.465073 7.076316 0.000000 0.000000 4.282378
10800 109 152.602661 0.000000 1000.000000 1.085497 151.565201 -0.048037 0.000000 0.000000 0.000000 3.746722
10900 110 142.222916 0.000000 1000.000000 0.414718 147.312210 -1.837601 -3.666410 0.000000 0.000000 4.937915
11000 111 160.891617 0.000000 1000.000000 1.810545 159.890518 -0.809446 0.000000 0.000000 0.000000 4.920903
11100 112 139.275421 0.000000 1000.000000 0.523319 140.540237 -1.788129 0.000000 0.000000 0.000000 4.905700
11200 113 146.224075 0.000000 1000.000000 0.591319 151.528793 -1.552715 -4.343322 0.000000 0.000000 4.762880
11300 114 148.715591 0.000000 1000.000000 0.292888 150.743622 -2.320930 0.000000 0.000000 0.000000 4.955488
11400 115 143.642853 0.000000 1000.000000 0.376939 145.402252 -2.136341 0.000000 0.000000 0.000000 5.056937
11500 116 152.710602 0.000000 1000.000000 0.663181 152.668564 -0.621145 0.000000 0.000000 0.000000 5.343897
11600 117 164.120712 0.000000 1000.000000 0.450440 163.736542 -0.066268 0.000000 0.000000 0.000000 6.683503
11700 118 153.610672 0.000000 1000.000000 0.649001 155.741074 -2.779410 0.000000 0.000000 0.000000 4.909409
11800 119 158.998978 0.000000 1000.000000 0.620336 158.708038 -0.329394 0.000000 0.000000 0.000000 5.791492
11900 120 157.679276 0.000000 1000.000000 1.599864 156.079407 0.000000 0.000000 0.000000 0.000000 5.872228
12000 121 166.969620 0.000000 1000.000000 0.450522 166.519104 0.000000 0.000000 0.000000 0.000000 6.913174
12100 122 156.592850 0.000000 1000.000000 1.103576 155.556671 -0.067402 0.000000 0.000000 0.000000 6.248730
12200 123 153.309052 0.000000 1000.000000 1.906761 153.526886 -2.124593 0.000000 0.000000 0.000000 5.280187
12300 124 188.182037 0.000000 1000.000000 1.818096 186.587326 -0.223396 0.000000 0.000000 0.000000 5.576826
12400 125 148.158890 0.000000 1000.000000 0.366863 148.182083 -0.390064 0.000000 0.000000 0.000000 8.201861
12500 126 198.916214 0.000000 1000.000000 2.242078 199.384705 -2.710572 0.000000 0.000000 0.000000 5.997355
12600 127 167.286392 0.000000 1000.000000 1.308743 165.977646 0.000000 0.000000 0.000000 0.000000 8.478068
12700 128 186.164673 0.000000 1000.000000 0.821496 187.550339 -2.207163 0.000000 0.000000 0.000000 7.687753
12800 129 167.806015 0.000000 1000.000000 0.610663 171.802811 -1.869689 -2.737767 0.000000 0.000000 5.173408
12900 130 145.813065 0.000000 1000.000000 2.864880 142.948181 0.000000 0.000000 0.000000 0.000000 4.832516
13000 131 163.264267 0.000000 1000.000000 1.348020 162.931107 -1.014863 0.000000 0.000000 0.000000 5.848018
13100 132 156.140869 0.000000 1000.000000 1.753774 154.387100 0.000000 0.000000 0.000000 0.000000 5.295853
13200 133 159.472260 0.000000 1000.000000 1.982689 157.489563 0.000000 0.000000 0.000000 0.000000 4.542680
13300 134 149.841461 0.000000 1000.000000 0.274318 149.625351 -0.058218 0.000000 0.000000 0.000000 7.125156
13400 135 160.040375 0.000000 1000.000000 0.412554 160.255707 -0.627890 0.000000 0.000000 0.000000 5.147634
13500 136 155.255219 0.000000 1000.000000 0.536707 155.325256 -0.606750 0.000000 0.000000 0.000000 5.809813
13600 137 169.859436 0.000000 1000.000000 1.530963 168.653152 -0.324684 0.000000 0.000000 0.000000 7.003093
13700 138 149.152542 0.000000 1000.000000 0.347805 153.289246 -2.088729 -2.395781 0.000000 0.000000 5.792880
13800 139 157.898178 0.000000 1000.000000 1.264238 157.386581 -0.752633 0.000000 0.000000 0.000000 5.770954
13900 140 158.000992 0.000000 1000.000000 0.823617 158.300995 -1.123622 0.000000 0.000000 0.000000 4.499594
14000 141 145.913834 0.000000 1000.000000 0.369684 146.248749 -0.704605 0.000000 0.000000 0.000000 5.203226
14100 142 149.019073 0.000000 1000.000000 0.630837 149.370880 -0.982646 0.000000 0.000000 0.000000 6.976066
14200 143 156.881104 0.000000 1000.000000 0.866457 156.368027 -0.353379 0.000000 0.000000 0.000000 6.388095
14300 144 148.597717 0.000000 1000.000000 0.337126 148.399445 -0.138861 0.000000 0.000000 0.000000 5.780028
14400 145 138.755646 0.000000 1000.000000 0.681272 138.483414 -0.409048 0.000000 0.000000 0.000000 4.650236
14500 146 158.996384 0.000000 1000.000000 1.107820 159.493988 -1.605430 0.000000 0.000000 0.000000 6.734766
14600 147 161.439682 0.000000 1000.000000 0.368044 164.649277 -2.306251 -1.271395 0.000000 0.000000 8.554270
14700 148 149.388474 0.000000 1000.000000 0.660940 149.930450 -1.202908 0.000000 0.000000 0.000000 6.316950
14800 149 189.976227 0.000000 1000.000000 1.168237 166.779007 -3.673188 25.702169 0.000000 0.000000 7.623730
14900 150 159.497055 0.000000 1000.000000 1.165532 159.457642 -1.126113 0.000000 0.000000 0.000000 7.322532
15000 151 166.451004 0.000000 1000.000000 0.670077 170.496292 -1.419900 -3.295450 0.000000 0.000000 8.473175
15100 152 173.551361 0.000000 1000.000000 0.468132 175.293030 -2.209785 0.000000 0.000000 0.000000 8.958529
15200 153 149.084518 0.000000 1000.000000 0.533314 148.640839 -0.089624 0.000000 0.000000 0.000000 5.266954
15300 154 175.764923 0.000000 1000.000000 0.342516 176.653046 -1.230641 0.000000 0.000000 0.000000 4.611231
15400 155 152.916824 0.000000 1000.000000 0.446419 154.094711 -1.624299 0.000000 0.000000 0.000000 5.949603
15500 156 142.061386 0.000000 1000.000000 1.126276 142.855789 -1.920686 0.000000 0.000000 0.000000 5.949331
15600 157 158.388992 0.000000 1000.000000 0.721895 159.607239 -1.940135 0.000000 0.000000 0.000000 4.278310
15700 158 167.977173 0.000000 1000.000000 0.358643 167.618530 0.000000 0.000000 0.000000 0.000000 4.497663
15800 159 157.274185 0.000000 1000.000000 1.607137 156.701141 -1.034084 0.000000 0.000000 0.000000 4.536535
15900 160 163.080261 0.000000 1000.000000 0.465940 161.481415 -1.743562 2.876467 0.000000 0.000000 7.620613
16000 161 142.961395 0.000000 1000.000000 3.513636 139.447754 0.000000 0.000000 0.000000 0.000000 6.068193
16100 162 147.318893 0.000000 1000.000000 0.699177 148.201584 -1.581860 0.000000 0.000000 0.000000 4.054301
16200 163 149.937393 0.000000 1000.000000 0.536556 151.743774 -2.342943 0.000000 0.000000 0.000000 4.250639
16300 164 143.524002 0.000000 1000.000000 0.391292 143.944397 -0.811687 0.000000 0.000000 0.000000 5.736102
16400 165 156.940475 0.000000 1000.000000 1.018288 157.422241 -1.500049 0.000000 0.000000 0.000000 4.923307
16500 166 144.919357 0.000000 1000.000000 0.232621 149.556854 -1.903254 -2.966863 0.000000 0.000000 7.202894
16600 167 150.685593 0.000000 1000.000000 2.131136 149.726868 -1.172407 0.000000 0.000000 0.000000 4.564946
16700 168 151.990479 0.000000 1000.000000 0.383558 151.925842 -0.318930 0.000000 0.000000 0.000000 6.834876
16800 169 161.010651 0.000000 1000.000000 3.021302 163.258957 -1.608821 -3.660785 0.000000 0.000000 6.575891
16900 170 148.929214 0.000000 1000.000000 0.638414 148.500870 -0.210070 0.000000 0.000000 0.000000 6.125113
17000 171 161.405930 0.000000 1000.000000 1.021539 165.821915 -1.944481 -3.493052 0.000000 0.000000 4.510736
17100 172 150.955124 0.000000 1000.000000 0.810545 151.217697 -1.073122 0.000000 0.000000 0.000000 5.798181
17200 173 164.162323 0.000000 1000.000000 1.522510 163.858978 -1.219169 0.000000 0.000000 0.000000 4.810656
17300 174 178.866867 0.000000 1000.000000 2.633362 177.285721 -1.052209 0.000000 0.000000 0.000000 4.366316
17400 175 171.349564 0.000000 1000.000000 0.543177 175.246872 -1.558986 -2.881500 0.000000 0.000000 3.721263
17500 176 161.320847 0.000000 1000.000000 0.669715 161.038727 -0.387593 0.000000 0.000000 0.000000 6.035498
17600 177 152.725174 0.000000 1000.000000 0.669020 152.296204 -0.240051 0.000000 0.000000 0.000000 4.326298
17700 178 173.850479 0.000000 1000.000000 0.547482 173.366913 -0.063919 0.000000 0.000000 0.000000 4.849453
17800 179 180.773163 0.000000 1000.000000 0.383960 180.389206 0.000000 0.000000 0.000000 0.000000 6.887804
17900 180 153.813217 0.000000 1000.000000 0.653798 153.671722 -0.512295 0.000000 0.000000 0.000000 3.961011
18000 181 185.576706 0.000000 1000.000000 2.766864 183.155197 -0.345349 0.000000 0.000000 0.000000 5.419155
18100 182 157.475723 0.000000 1000.000000 0.328766 157.411224 -0.264274 0.000000 0.000000 0.000000 6.365860
18200 183 153.190460 0.000000 1000.000000 1.857780 151.652130 -0.319437 0.000000 0.000000 0.000000 6.203872
18300 184 153.342163 0.000000 1000.000000 1.942533 155.731735 -1.407107 -2.924997 0.000000 0.000000 4.192948
18400 185 154.345444 0.000000 1000.000000 0.424296 154.170776 -0.249629 0.000000 0.000000 0.000000 4.962169
18500 186 148.634644 0.000000 1000.000000 0.546498 148.182312 -0.094154 0.000000 0.000000 0.000000 5.871311
18600 187 155.870224 0.000000 1000.000000 1.351140 154.768143 -0.249061 0.000000 0.000000 0.000000 8.636115
18700 188 173.243561 0.000000 1000.000000 0.879344 173.591644 -1.227425 0.000000 0.000000 0.000000 4.646297
18800 189 171.432297 0.000000 1000.000000 0.896225 171.056763 -0.520684 0.000000 0.000000 0.000000 6.621789
18900 190 155.557816 0.000000 1000.000000 1.280757 154.686218 -0.409158 0.000000 0.000000 0.000000 4.833266
19000 191 167.313309 0.000000 1000.000000 0.624704 145.326019 -1.654883 23.017462 0.000000 0.000000 4.913467
19100 192 149.761078 0.000000 1000.000000 0.946857 149.587738 -0.773520 0.000000 0.000000 0.000000 4.186919
19200 193 167.714935 0.000000 1000.000000 0.536609 150.471176 -2.192815 18.899963 0.000000 0.000000 6.009487
19300 194 173.259186 0.000000 1000.000000 0.496987 172.762192 0.000000 0.000000 0.000000 0.000000 4.103279
19400 195 150.278534 0.000000 1000.000000 1.976334 148.302200 0.000000 0.000000 0.000000 0.000000 4.850201
19500 196 148.728577 0.000000 1000.000000 1.532484 147.403534 -0.207449 0.000000 0.000000 0.000000 5.155739
19600 197 150.069931 0.000000 1000.000000 1.118551 149.639191 -0.687804 0.000000 0.000000 0.000000 6.703659
19700 198 154.682220 0.000000 1000.000000 0.752682 154.069824 -0.140293 0.000000 0.000000 0.000000 6.214284
19800 199 160.818680 0.000000 1000.000000 2.087240 148.073807 -0.681572 11.339219 0.000000 0.000000 6.105103
19900 200 159.647964 0.000000 1000.000000 1.022119 158.772507 -0.146670 0.000000 0.000000 0.000000 5.362229
20000 201 149.228302 0.000000 1000.000000 0.796243 149.476120 -1.044070 0.000000 0.000000 0.000000 5.645701
20100 202 146.735519 0.000000 1000.000000 1.693849 145.250275 -0.208604 0.000000 0.000000 0.000000 4.251226
20200 203 146.782074 0.000000 1000.000000 0.659334 146.485428 -0.362683 0.000000 0.000000 0.000000 6.005987
20300 204 168.855148 0.000000 1000.000000 1.486858 167.487335 -0.119054 0.000000 0.000000 0.000000 5.545082
20400 205 168.508453 0.000000 1000.000000 1.563214 166.945236 0.000000 0.000000 0.000000 0.000000 8.131553
20500 206 164.025909 0.000000 1000.000000 0.327613 163.793610 -0.095311 0.000000 0.000000 0.000000 7.002452
20600 207 162.900635 0.000000 1000.000000 0.572396 162.849609 -0.521374 0.000000 0.000000 0.000000 5.484988
20700 208 161.384995 0.000000 1000.000000 0.765944 160.690659 -0.071605 0.000000 0.000000 0.000000 9.141711
20800 209 181.720047 0.000000 1000.000000 0.474832 181.430267 -0.185062 0.000000 0.000000 0.000000 9.033101
20900 210 156.384186 0.000000 1000.000000 0.473344 155.910843 0.000000 0.000000 0.000000 0.000000 6.169111
21000 211 137.024933 0.000000 1000.000000 0.262491 136.762436 0.000000 0.000000 0.000000 0.000000 8.259232
21100 212 151.632416 0.000000 1000.000000 1.338955 151.929688 -1.636229 0.000000 0.000000 0.000000 6.254781
21200 213 157.186188 0.000000 1000.000000 0.633448 158.239883 -1.687147 0.000000 0.000000 0.000000 5.537789
21300 214 157.311707 0.000000 1000.000000 1.334142 158.228333 -2.250770 0.000000 0.000000 0.000000 3.904786
21400 215 142.239502 0.000000 1000.000000 0.398433 141.841064 0.000000 0.000000 0.000000 0.000000 5.426948
21500 216 136.101120 0.000000 1000.000000 0.732428 135.368698 0.000000 0.000000 0.000000 0.000000 5.945473
21600 217 143.210251 0.000000 1000.000000 0.974466 142.887650 -0.651874 0.000000 0.000000 0.000000 5.907304
21700 218 208.274521 0.000000 1000.000000 1.012498 148.191269 -2.025707 61.096466 0.000000 0.000000 4.960016
21800 219 150.157104 0.000000 1000.000000 1.201781 148.955322 0.000000 0.000000 0.000000 0.000000 4.919068
21900 220 140.895096 0.000000 1000.000000 0.500758 141.064301 -2.547881 1.877912 0.000000 0.000000 6.892567
22000 221 146.662094 0.000000 1000.000000 0.682039 146.636978 -0.656922 0.000000 0.000000 0.000000 7.561641
22100 222 130.505585 0.000000 1000.000000 1.663807 128.965836 -0.124049 0.000000 0.000000 0.000000 5.965430
22200 223 139.850082 0.000000 1000.000000 0.567800 139.866730 -0.584448 0.000000 0.000000 0.000000 4.441477
22300 224 154.340286 0.000000 1000.000000 1.049180 153.528076 -0.236962 0.000000 0.000000 0.000000 5.102163
22400 225 163.322189 0.000000 1000.000000 1.488698 162.244202 -0.410701 0.000000 0.000000 0.000000 5.213196
22500 226 153.652771 0.000000 1000.000000 2.790132 151.145508 -0.282861 0.000000 0.000000 0.000000 5.664445
22600 227 148.212830 0.000000 1000.000000 0.695976 152.313873 -3.105942 -1.691074 0.000000 0.000000 5.325308
22700 228 138.032639 0.000000 1000.000000 0.461482 138.143127 -0.571973 0.000000 0.000000 0.000000 5.647626
22800 229 140.555176 0.000000 1000.000000 1.581470 138.973709 0.000000 0.000000 0.000000 0.000000 5.534325
22900 230 155.449631 0.000000 1000.000000 0.226063 155.223572 0.000000 0.000000 0.000000 0.000000 5.543612
23000 231 147.678299 0.000000 1000.000000 2.843950 145.190781 -0.356434 0.000000 0.000000 0.000000 6.214379
23100 232 148.616028 0.000000 1000.000000 1.554824 147.647400 -0.586201 0.000000 0.000000 0.000000 4.848006
23200 233 182.478928 0.000000 1000.000000 0.271893 183.032791 -0.825754 0.000000 0.000000 0.000000 4.423096
23300 234 148.225433 0.000000 1000.000000 1.003206 147.350342 -0.128113 0.000000 0.000000 0.000000 5.496178
23400 235 141.336716 0.000000 1000.000000 0.213858 148.751740 -2.568288 -5.060595 0.000000 0.000000 5.300612
23500 236 154.443085 0.000000 1000.000000 1.666552 152.880783 -0.104249 0.000000 0.000000 0.000000 6.359184
23600 237 137.436859 0.000000 1000.000000 0.580811 136.967499 -0.111456 0.000000 0.000000 0.000000 6.796173
23700 238 152.667816 0.000000 1000.000000 0.712277 151.955536 0.000000 0.000000 0.000000 0.000000 5.139925
23800 239 162.907562 0.000000 1000.000000 0.869047 162.153641 -0.115125 0.000000 0.000000 0.000000 4.922062
23900 240 151.724503 0.000000 1000.000000 0.834459 150.890045 0.000000 0.000000 0.000000 0.000000 4.871629
24000 241 148.523117 0.000000 1000.000000 1.835907 147.190872 -0.503667 0.000000 0.000000 0.000000 4.306825
24100 242 149.160477 0.000000 1000.000000 0.425402 148.735077 0.000000 0.000000 0.000000 0.000000 3.494463
24200 243 142.226364 0.000000 1000.000000 0.921802 141.304565 0.000000 0.000000 0.000000 0.000000 4.955111
24300 244 152.189209 0.000000 1000.000000 0.765414 151.423798 0.000000 0.000000 0.000000 0.000000 8.101714
24400 245 139.355530 0.000000 1000.000000 1.226888 138.255356 -0.126706 0.000000 0.000000 0.000000 6.397753
24500 246 155.628189 0.000000 1000.000000 1.023638 154.714203 -0.109647 0.000000 0.000000 0.000000 6.235549
24600 247 138.906830 0.000000 1000.000000 0.803180 138.103653 0.000000 0.000000 0.000000 0.000000 5.612243
24700 248 141.024399 0.000000 1000.000000 1.942118 139.082275 0.000000 0.000000 0.000000 0.000000 5.433180
24800 249 161.348572 0.000000 1000.000000 0.448611 163.057648 -0.657490 -1.500193 0.000000 0.000000 5.066470
24900 250 159.713104 0.000000 1000.000000 0.441449 152.165451 -0.652468 7.758668 0.000000 0.000000 5.706264
25000 251 162.947067 0.000000 1000.000000 1.137345 162.745758 -0.936042 0.000000 0.000000 0.000000 4.929129
25100 252 158.720490 0.000000 1000.000000 0.754627 158.218124 -0.252262 0.000000 0.000000 0.000000 5.218804
25200 253 149.048096 0.000000 1000.000000 0.480863 148.733932 -0.166698 0.000000 0.000000 0.000000 6.497005
25300 254 151.536636 0.000000 1000.000000 0.436887 151.462173 -0.362422 0.000000 0.000000 0.000000 5.844041
25400 255 138.530930 0.000000 1000.000000 1.114887 138.215515 -0.799474 0.000000 0.000000 0.000000 5.778931
25500 256 159.427872 0.000000 1000.000000 2.989826 156.659378 -0.221323 0.000000 0.000000 0.000000 5.925944
25600 257 136.534180 0.000000 1000.000000 1.119457 136.381927 -0.967208 0.000000 0.000000 0.000000 6.666545
25700 258 165.283249 0.000000 1000.000000 0.927007 165.036530 -0.680279 0.000000 0.000000 0.000000 6.432116
25800 259 148.491791 0.000000 1000.000000 1.026313 147.603500 -0.138021 0.000000 0.000000 0.000000 6.693571
25900 260 157.848297 0.000000 1000.000000 1.482272 156.617004 -0.250974 0.000000 0.000000 0.000000 8.001840
26000 261 172.366776 0.000000 1000.000000 1.491461 170.977890 -0.102564 0.000000 0.000000 0.000000 8.470452
26100 262 137.344177 0.000000 1000.000000 0.585044 143.066040 -0.922220 -5.384669 0.000000 0.000000 6.209210
26200 263 132.930069 0.000000 1000.000000 0.093016 138.303696 -1.508038 -3.958598 0.000000 0.000000 4.257070
26300 264 159.396317 0.000000 1000.000000 0.263093 159.285339 -0.152119 0.000000 0.000000 0.000000 6.067500
26400 265 138.121155 0.000000 1000.000000 0.751823 137.572006 -0.202670 0.000000 0.000000 0.000000 7.437313
26500 266 153.796478 0.000000 1000.000000 1.366332 152.430145 0.000000 0.000000 0.000000 0.000000 5.150484
26600 267 148.298904 0.000000 1000.000000 1.614866 147.584518 -0.900480 0.000000 0.000000 0.000000 5.856084
26700 268 149.942886 0.000000 1000.000000 0.903593 150.427643 -1.388345 0.000000 0.000000 0.000000 4.048993
26800 269 164.790359 0.000000 1000.000000 1.263987 164.176575 -0.650210 0.000000 0.000000 0.000000 4.269170
26900 270 163.045456 0.000000 1000.000000 0.950706 162.570496 -0.475746 0.000000 0.000000 0.000000 4.525254
27000 271 155.122086 0.000000 1000.000000 0.991136 154.397018 -0.266075 0.000000 0.000000 0.000000 5.132599
27100 272 142.938492 0.000000 1000.000000 0.830465 143.858475 -1.750441 0.000000 0.000000 0.000000 5.726243
27200 273 126.909187 0.000000 1000.000000 1.441372 133.232925 -2.742885 -5.022224 0.000000 0.000000 5.907955
27300 274 149.763977 0.000000 1000.000000 2.949290 146.933365 -0.118677 0.000000 0.000000 0.000000 5.546170
27400 275 143.928650 0.000000 1000.000000 0.636468 143.913925 -0.621755 0.000000 0.000000 0.000000 7.000901
27500 276 143.396088 0.000000 1000.000000 1.010934 144.605682 -2.220533 0.000000 0.000000 0.000000 3.821627
27600 277 137.198181 0.000000 1000.000000 0.686027 137.015488 -0.503333 0.000000 0.000000 0.000000 3.227799
27700 278 135.555756 0.000000 1000.000000 0.252809 137.555527 -2.252577 0.000000 0.000000 0.000000 3.772887
27800 279 139.781815 0.000000 1000.000000 0.482817 139.626129 -0.327126 0.000000 0.000000 0.000000 4.668170
27900 280 159.113724 0.000000 1000.000000 0.862474 158.410400 -0.159156 0.000000 0.000000 0.000000 5.515289
28000 281 172.650406 0.000000 1000.000000 2.404327 170.850281 -0.604210 0.000000 0.000000 0.000000 4.789612
28100 282 142.204666 0.000000 1000.000000 0.526898 141.767258 -0.089498 0.000000 0.000000 0.000000 5.651662
28200 283 137.033325 0.000000 1000.000000 0.625423 136.648254 -0.240355 0.000000 0.000000 0.000000 4.614474
28300 284 138.520401 0.000000 1000.000000 0.349605 138.252029 -0.081234 0.000000 0.000000 0.000000 6.275025
28400 285 140.223312 0.000000 1000.000000 1.100398 140.738525 -1.615620 0.000000 0.000000 0.000000 3.814502
28500 286 150.366470 0.000000 1000.000000 0.257089 150.109375 0.000000 0.000000 0.000000 0.000000 7.213800
28600 287 137.049744 0.000000 1000.000000 2.166198 134.883545 0.000000 0.000000 0.000000 0.000000 6.330971
28700 288 141.935318 0.000000 1000.000000 1.310240 140.924881 -0.299807 0.000000 0.000000 0.000000 4.561135
28800 289 146.780472 0.000000 1000.000000 1.526894 143.133545 -1.183438 3.303468 0.000000 0.000000 4.890578
28900 290 176.192871 0.000000 1000.000000 2.142566 174.448959 -0.398658 0.000000 0.000000 0.000000 5.456991
29000 291 138.929443 0.000000 1000.000000 0.291663 139.247894 -1.132471 0.522372 0.000000 0.000000 3.963420
29100 292 159.086182 0.000000 1000.000000 4.146004 154.940170 0.000000 0.000000 0.000000 0.000000 5.225013
29200 293 148.474274 0.000000 1000.000000 1.126849 147.347427 0.000000 0.000000 0.000000 0.000000 4.330936
29300 294 156.158630 0.000000 1000.000000 0.959242 155.199387 0.000000 0.000000 0.000000 0.000000 4.580386
29400 295 163.114090 0.000000 1000.000000 0.475237 162.638855 0.000000 0.000000 0.000000 0.000000 5.799970
29500 296 149.038254 0.000000 1000.000000 0.285548 149.093887 -0.341187 0.000000 0.000000 0.000000 5.559449
29600 297 164.860550 0.000000 1000.000000 1.669198 163.191345 0.000000 0.000000 0.000000 0.000000 6.782595
29700 298 156.135742 0.000000 1000.000000 0.985477 160.275421 -0.621541 -4.503622 0.000000 0.000000 5.029595
29800 299 169.128189 0.000000 1000.000000 0.387784 169.485718 -0.745320 0.000000 0.000000 0.000000 6.447120
29900 300 168.430389 0.000000 1000.000000 1.401411 167.028976 0.000000 0.000000 0.000000 0.000000 5.506789
30000 301 141.588348 0.000000 1000.000000 0.408150 141.180206 0.000000 0.000000 0.000000 0.000000 5.783884
30100 302 142.987213 0.000000 1000.000000 1.855355 141.131851 0.000000 0.000000 0.000000 0.000000 6.325824
30200 303 153.042023 0.000000 1000.000000 0.555330 152.486694 0.000000 0.000000 0.000000 0.000000 5.582164
30300 304 151.528290 0.000000 1000.000000 1.078677 151.500244 -1.050622 0.000000 0.000000 0.000000 5.577269
30400 305 128.866989 0.000000 1000.000000 2.817013 126.376778 -0.326796 0.000000 0.000000 0.000000 4.442762
30500 306 158.440704 0.000000 1000.000000 1.269538 157.391617 -0.220447 0.000000 0.000000 0.000000 6.480237
30600 307 144.772812 0.000000 1000.000000 2.147913 143.248749 -0.623859 0.000000 0.000000 0.000000 4.058931
30700 308 138.924194 0.000000 1000.000000 1.670588 137.935577 -0.681969 0.000000 0.000000 0.000000 4.185396
30800 309 154.981171 0.000000 1000.000000 0.876434 154.104736 0.000000 0.000000 0.000000 0.000000 4.626419
30900 310 152.472656 0.000000 1000.000000 0.425283 152.261505 -0.214131 0.000000 0.000000 0.000000 3.586609
31000 311 150.941742 0.000000 1000.000000 0.729974 150.581497 -0.369737 0.000000 0.000000 0.000000 3.647001
31100 312 156.425125 0.000000 1000.000000 3.160430 153.264694 0.000000 0.000000 0.000000 0.000000 3.899746
31200 313 142.783844 0.000000 1000.000000 0.980435 142.277939 -0.474540 0.000000 0.000000 0.000000 5.278043
31300 314 163.030533 0.000000 1000.000000 1.900643 162.441788 -1.311905 0.000000 0.000000 0.000000 3.084668
31400 315 142.124237 0.000000 1000.000000 1.014124 141.527100 -0.416992 0.000000 0.000000 0.000000 7.712739
31500 316 128.824860 0.000000 1000.000000 0.504698 128.320160 0.000000 0.000000 0.000000 0.000000 7.381880
31600 317 143.514572 0.000000 1000.000000 0.477709 143.412933 -0.376063 0.000000 0.000000 0.000000 7.013248
31700 318 152.822266 0.000000 1000.000000 1.064471 151.911331 -0.153536 0.000000 0.000000 0.000000 4.855436
31800 319 151.726456 0.000000 1000.000000 0.166325 152.863251 -1.303123 0.000000 0.000000 0.000000 4.658627
31900 320 144.621063 0.000000 1000.000000 1.316143 143.304916 0.000000 0.000000 0.000000 0.000000 4.136726
32000 321 136.862640 0.000000 1000.000000 0.545336 136.787262 -0.469957 0.000000 0.000000 0.000000 5.048823
32100 322 145.812988 0.000000 1000.000000 1.032740 146.008545 -1.228306 0.000000 0.000000 0.000000 6.530805
32200 323 146.505157 0.000000 1000.000000 0.872477 145.776581 -0.143898 0.000000 0.000000 0.000000 5.255335
32300 324 139.397858 0.000000 1000.000000 0.267217 139.338394 -0.207755 0.000000 0.000000 0.000000 4.872575
32400 325 153.207535 0.000000 1000.000000 0.196340 154.894424 -1.883223 0.000000 0.000000 0.000000 4.825084
32500 326 152.388901 0.000000 1000.000000 1.567870 151.029877 -0.208842 0.000000 0.000000 0.000000 4.296175
32600 327 152.209915 0.000000 1000.000000 0.699887 155.176605 -1.602545 -2.064036 0.000000 0.000000 5.221892
32700 328 132.702423 0.000000 1000.000000 1.042643 132.620819 -0.961046 0.000000 0.000000 0.000000 4.414235
32800 329 145.628784 0.000000 1000.000000 0.605429 145.406052 -0.382685 0.000000 0.000000 0.000000 4.643704
32900 330 134.789200 0.000000 1000.000000 0.909007 135.968475 -2.088280 0.000000 0.000000 0.000000 5.865120
33000 331 139.922943 0.000000 1000.000000 0.439983 139.482956 0.000000 0.000000 0.000000 0.000000 6.718330
33100 332 147.193222 0.000000 1000.000000 0.660635 148.752151 -2.219565 0.000000 0.000000 0.000000 4.958876
33200 333 144.901917 0.000000 1000.000000 0.999257 143.902664 0.000000 0.000000 0.000000 0.000000 6.647278
33300 334 147.548874 0.000000 1000.000000 1.618890 147.271591 -1.341615 0.000000 0.000000 0.000000 7.115262
33400 335 127.331726 0.000000 1000.000000 0.779984 128.460281 -1.908540 0.000000 0.000000 0.000000 5.470186
33500 336 141.997269 0.000000 1000.000000 0.114406 142.222610 -0.339750 0.000000 0.000000 0.000000 4.567203
33600 337 153.382782 0.000000 1000.000000 1.203446 152.322495 -0.143160 0.000000 0.000000 0.000000 5.960172
33700 338 139.774078 0.000000 1000.000000 2.370371 143.910568 -1.230319 -5.276549 0.000000 0.000000 4.602764
33800 339 146.653183 0.000000 1000.000000 0.473204 147.562927 -1.382949 0.000000 0.000000 0.000000 4.565453
33900 340 149.331589 0.000000 1000.000000 1.302478 148.029114 0.000000 0.000000 0.000000 0.000000 5.734452
34000 341 145.740295 0.000000 1000.000000 0.750996 145.304550 -0.315240 0.000000 0.000000 0.000000 5.170756
34100 342 145.800919 0.000000 1000.000000 0.368601 145.432312 0.000000 0.000000 0.000000 0.000000 4.966465
34200 343 147.254135 0.000000 1000.000000 0.769319 146.484818 0.000000 0.000000 0.000000 0.000000 4.845454
34300 344 143.432953 0.000000 1000.000000 0.509121 142.923828 0.000000 0.000000 0.000000 0.000000 4.354640
34400 345 133.873795 0.000000 1000.000000 0.340785 133.533005 0.000000 0.000000 0.000000 0.000000 6.019974
34500 346 136.215317 0.000000 1000.000000 0.563044 135.652267 0.000000 0.000000 0.000000 0.000000 5.819465
34600 347 129.966614 0.000000 1000.000000 2.208057 128.213303 -0.454750 0.000000 0.000000 0.000000 4.864552
34700 348 140.954117 0.000000 1000.000000 2.880173 138.207764 -0.133813 0.000000 0.000000 0.000000 8.223072
34800 349 146.187424 0.000000 1000.000000 2.142176 144.334549 -0.289303 0.000000 0.000000 0.000000 4.730306
34900 350 132.559738 0.000000 1000.000000 1.699092 131.154449 -0.293801 0.000000 0.000000 0.000000 4.667750
35000 351 144.496063 0.000000 1000.000000 0.370934 144.386154 -0.261029 0.000000 0.000000 0.000000 5.293241
35100 352 137.251770 0.000000 1000.000000 0.592909 136.832672 -0.173812 0.000000 0.000000 0.000000 6.955976
35200 353 120.371536 0.000000 1000.000000 0.636722 125.871033 -1.734820 -4.401399 0.000000 0.000000 4.769795
35300 354 134.396866 0.000000 1000.000000 0.120593 134.276276 0.000000 0.000000 0.000000 0.000000 6.444925
35400 355 144.031448 0.000000 1000.000000 1.012848 143.296112 -0.277518 0.000000 0.000000 0.000000 6.921075
35500 356 151.968002 0.000000 1000.000000 1.978031 149.989975 0.000000 0.000000 0.000000 0.000000 4.074579
35600 357 146.380127 0.000000 1000.000000 0.359819 147.120590 -1.100287 0.000000 0.000000 0.000000 4.360680
35700 358 149.854401 0.000000 1000.000000 0.254756 155.101212 -2.338137 -3.163440 0.000000 0.000000 3.404058
35800 359 154.495361 0.000000 1000.000000 0.755673 155.555450 -1.815769 0.000000 0.000000 0.000000 4.108878
35900 360 149.660919 0.000000 1000.000000 1.134343 148.830093 -0.303513 0.000000 0.000000 0.000000 5.516490
36000 361 169.549835 0.000000 1000.000000 0.735303 168.814529 0.000000 0.000000 0.000000 0.000000 5.374618
36100 362 156.988281 0.000000 1000.000000 1.254384 155.733902 0.000000 0.000000 0.000000 0.000000 7.536772
36200 363 142.168396 0.000000 1000.000000 0.838206 141.412781 -0.082598 0.000000 0.000000 0.000000 5.722143
36300 364 135.803299 0.000000 1000.000000 2.130664 133.815170 -0.142530 0.000000 0.000000 0.000000 4.517658
36400 365 154.716537 0.000000 1000.000000 0.707033 154.009506 0.000000 0.000000 0.000000 0.000000 4.647750
36500 366 144.743347 0.000000 1000.000000 0.205075 143.994080 -1.682388 2.226584 0.000000 0.000000 4.626542
36600 367 141.333298 0.000000 1000.000000 1.957517 139.459488 -0.083705 0.000000 0.000000 0.000000 9.913792
36700 368 123.225929 0.000000 1000.000000 1.000048 123.470062 -1.244178 0.000000 0.000000 0.000000 6.116411
36800 369 142.337921 0.000000 1000.000000 1.013423 141.324493 0.000000 0.000000 0.000000 0.000000 4.326444
36900 370 144.842560 0.000000 1000.000000 1.323354 143.519211 0.000000 0.000000 0.000000 0.000000 5.992350
37000 371 144.737274 0.000000 1000.000000 0.444700 145.108322 -0.815743 0.000000 0.000000 0.000000 5.566031
37100 372 147.793350 0.000000 1000.000000 0.377592 147.964722 -0.548962 0.000000 0.000000 0.000000 6.780207
37200 373 140.018799 0.000000 1000.000000 0.929937 140.376312 -1.287439 0.000000 0.000000 0.000000 4.824152
37300 374 134.739273 0.000000 1000.000000 0.639608 134.745132 -0.645465 0.000000 0.000000 0.000000 5.509419
37400 375 152.534363 0.000000 1000.000000 0.479421 152.912430 -0.857490 0.000000 0.000000 0.000000 5.580054
37500 376 138.075806 0.000000 1000.000000 0.582683 138.355804 -0.862693 0.000000 0.000000 0.000000 5.302931
37600 377 148.160568 0.000000 1000.000000 0.415493 147.745071 0.000000 0.000000 0.000000 0.000000 4.331064
37700 378 133.185379 0.000000 1000.000000 0.796502 132.853104 -0.464227 0.000000 0.000000 0.000000 4.196409
37800 379 150.394592 0.000000 1000.000000 0.738048 149.769455 -0.112915 0.000000 0.000000 0.000000 4.900333
37900 380 141.866333 0.000000 1000.000000 0.449041 141.699341 -0.282042 0.000000 0.000000 0.000000 6.724228
38000 381 157.951065 0.000000 1000.000000 1.872152 156.078918 0.000000 0.000000 0.000000 0.000000 4.859586
38100 382 143.299942 0.000000 1000.000000 0.477674 143.475861 -0.653596 0.000000 0.000000 0.000000 4.551341
38200 383 137.540527 0.000000 1000.000000 1.444293 136.096237 0.000000 0.000000 0.000000 0.000000 6.591979
38300 384 126.260361 0.000000 1000.000000 0.510957 125.936462 -0.187058 0.000000 0.000000 0.000000 4.866415
38400 385 143.896408 0.000000 1000.000000 0.547542 143.454910 -0.106054 0.000000 0.000000 0.000000 5.973749
38500 386 153.838257 0.000000 1000.000000 0.993302 152.844955 0.000000 0.000000 0.000000 0.000000 4.833397
38600 387 159.883499 0.000000 1000.000000 2.532592 157.569366 -0.218467 0.000000 0.000000 0.000000 4.080559
38700 388 153.631424 0.000000 1000.000000 1.271710 152.359711 0.000000 0.000000 0.000000 0.000000 5.137232
38800 389 146.876144 0.000000 1000.000000 0.259877 146.754822 -0.138545 0.000000 0.000000 0.000000 5.079884
38900 390 157.537933 0.000000 1000.000000 0.855641 156.876160 -0.193865 0.000000 0.000000 0.000000 7.827949
39000 391 128.798569 0.000000 1000.000000 1.062209 127.817818 -0.081449 0.000000 0.000000 0.000000 5.703974
39100 392 142.805374 0.000000 1000.000000 1.408069 141.397308 0.000000 0.000000 0.000000 0.000000 6.044697
39200 393 140.504868 0.000000 1000.000000 0.709100 140.116348 -0.320588 0.000000 0.000000 0.000000 4.501458
39300 394 148.230728 0.000000 1000.000000 0.612160 147.618561 0.000000 0.000000 0.000000 0.000000 4.049456
39400 395 146.046951 0.000000 1000.000000 0.821567 145.414154 -0.188774 0.000000 0.000000 0.000000 4.944270
39500 396 143.684769 0.000000 1000.000000 0.857916 142.826859 0.000000 0.000000 0.000000 0.000000 5.901427
39600 397 138.134888 0.000000 1000.000000 0.536701 137.717972 -0.119775 0.000000 0.000000 0.000000 8.037583
39700 398 144.956039 0.000000 1000.000000 3.241259 141.948196 -0.233413 0.000000 0.000000 0.000000 6.424893
39800 399 144.261719 0.000000 1000.000000 0.518019 143.907440 -0.163747 0.000000 0.000000 0.000000 6.664719
39900 400 167.734589 0.000000 1000.000000 0.272137 167.764435 -0.301989 0.000000 0.000000 0.000000 5.878622
40000 401 152.447433 0.000000 1000.000000 1.518047 151.357178 -0.427791 0.000000 0.000000 0.000000 5.603724
40100 402 138.861130 0.000000 1000.000000 1.371730 138.106461 -0.617059 0.000000 0.000000 0.000000 5.731178
40200 403 134.683456 0.000000 1000.000000 1.830296 132.853165 0.000000 0.000000 0.000000 0.000000 6.286884
40300 404 150.110031 0.000000 1000.000000 0.687183 149.422852 0.000000 0.000000 0.000000 0.000000 10.113882
40400 405 170.047379 0.000000 1000.000000 0.452304 169.595078 0.000000 0.000000 0.000000 0.000000 6.685478
40500 406 130.039093 0.000000 1000.000000 0.374717 129.750671 -0.086283 0.000000 0.000000 0.000000 7.279321
40600 407 155.781189 0.000000 1000.000000 0.655196 155.125992 0.000000 0.000000 0.000000 0.000000 6.709677
40700 408 143.105728 0.000000 1000.000000 0.395558 142.710175 0.000000 0.000000 0.000000 0.000000 6.411267
40800 409 150.848831 0.000000 1000.000000 0.490934 150.357895 0.000000 0.000000 0.000000 0.000000 6.510004
40900 410 156.735184 0.000000 1000.000000 2.415133 154.320053 0.000000 0.000000 0.000000 0.000000 7.248045
41000 411 146.561005 0.000000 1000.000000 3.591642 143.101532 -0.132173 0.000000 0.000000 0.000000 7.386909
41100 412 162.778381 0.000000 1000.000000 1.174436 161.603943 0.000000 0.000000 0.000000 0.000000 4.047476
41200 413 154.077133 0.000000 1000.000000 0.882119 153.490982 -0.295979 0.000000 0.000000 0.000000 9.639833
41300 414 136.153793 0.000000 1000.000000 0.568703 135.968155 -0.383059 0.000000 0.000000 0.000000 5.211040
41400 415 137.900696 0.000000 1000.000000 0.792512 137.296677 -0.188495 0.000000 0.000000 0.000000 7.290604
41500 416 155.170776 0.000000 1000.000000 1.194498 153.976273 0.000000 0.000000 0.000000 0.000000 7.164886
41600 417 161.473679 0.000000 1000.000000 0.811985 160.661697 0.000000 0.000000 0.000000 0.000000 5.064058
41700 418 152.177170 0.000000 1000.000000 0.204007 152.190079 -0.216920 0.000000 0.000000 0.000000 5.407014
41800 419 142.807022 0.000000 1000.000000 1.606548 141.456436 -0.255963 0.000000 0.000000 0.000000 5.271594
41900 420 136.422363 0.000000 1000.000000 0.748388 135.759323 -0.085348 0.000000 0.000000 0.000000 5.899954
42000 421 148.339340 0.000000 1000.000000 0.375261 148.171005 -0.206920 0.000000 0.000000 0.000000 3.822438
42100 422 135.184189 0.000000 1000.000000 0.646656 134.661850 -0.124309 0.000000 0.000000 0.000000 6.264307
42200 423 149.044754 0.000000 1000.000000 0.810125 148.234634 0.000000 0.000000 0.000000 0.000000 4.228359
42300 424 150.814194 0.000000 1000.000000 0.401978 150.412216 0.000000 0.000000 0.000000 0.000000 4.118833
42400 425 142.893753 0.000000 1000.000000 0.435406 142.905960 -0.447613 0.000000 0.000000 0.000000 4.938192
42500 426 139.666565 0.000000 1000.000000 1.929458 138.300735 -0.563626 0.000000 0.000000 0.000000 4.354263
42600 427 145.183533 0.000000 1000.000000 0.710278 144.473251 0.000000 0.000000 0.000000 0.000000 5.089472
42700 428 150.804504 0.000000 1000.000000 1.550234 149.254272 0.000000 0.000000 0.000000 0.000000 5.578159
42800 429 145.898758 0.000000 1000.000000 1.260312 144.638443 0.000000 0.000000 0.000000 0.000000 6.623302
42900 430 150.168182 0.000000 1000.000000 0.643153 149.741318 -0.216292 0.000000 0.000000 0.000000 8.129490
43000 431 146.279770 0.000000 1000.000000 0.781314 145.815765 -0.317311 0.000000 0.000000 0.000000 6.589188
43100 432 140.036987 0.000000 1000.000000 0.554543 139.482452 0.000000 0.000000 0.000000 0.000000 6.492867
43200 433 135.480545 0.000000 1000.000000 0.847937 134.632614 0.000000 0.000000 0.000000 0.000000 6.343514
43300 434 136.356720 0.000000 1000.000000 2.155690 134.201035 0.000000 0.000000 0.000000 0.000000 6.078572
43400 435 140.375931 0.000000 1000.000000 1.737870 138.638062 0.000000 0.000000 0.000000 0.000000 5.261292
43500 436 141.961914 0.000000 1000.000000 0.336830 141.625076 0.000000 0.000000 0.000000 0.000000 5.794645
43600 437 159.252289 0.000000 1000.000000 0.433702 158.818588 0.000000 0.000000 0.000000 0.000000 3.752603
43700 438 137.327499 0.000000 1000.000000 2.428299 135.369690 -0.470489 0.000000 0.000000 0.000000 5.629814
43800 439 132.519043 0.000000 1000.000000 1.297026 131.930786 -0.708771 0.000000 0.000000 0.000000 6.776772
43900 440 133.788376 0.000000 1000.000000 0.268577 133.519806 0.000000 0.000000 0.000000 0.000000 4.907237
44000 441 143.640457 0.000000 1000.000000 0.722822 143.405838 -0.488204 0.000000 0.000000 0.000000 6.125041
44100 442 139.908005 0.000000 1000.000000 1.065895 140.105408 -1.263304 0.000000 0.000000 0.000000 5.653870
44200 443 132.004532 0.000000 1000.000000 0.237178 132.034943 -0.267592 0.000000 0.000000 0.000000 5.525142
44300 444 150.153442 0.000000 1000.000000 0.607670 149.545776 0.000000 0.000000 0.000000 0.000000 3.127567
44400 445 159.069412 0.000000 1000.000000 1.273590 158.245773 -0.449953 0.000000 0.000000 0.000000 4.940711
44500 446 153.276718 0.000000 1000.000000 0.317005 153.591049 -0.631335 0.000000 0.000000 0.000000 5.161030
44600 447 135.393082 0.000000 1000.000000 1.858724 133.864304 -0.329943 0.000000 0.000000 0.000000 4.992895
44700 448 139.563644 0.000000 1000.000000 2.417302 137.146347 0.000000 0.000000 0.000000 0.000000 6.605151
44800 449 147.910797 0.000000 1000.000000 0.806421 147.104370 0.000000 0.000000 0.000000 0.000000 4.046997
44900 450 140.744598 0.000000 1000.000000 0.606166 140.473740 -0.335304 0.000000 0.000000 0.000000 4.020524
45000 451 135.891373 0.000000 1000.000000 1.651022 134.240356 0.000000 0.000000 0.000000 0.000000 6.537811
45100 452 152.531082 0.000000 1000.000000 1.190236 151.495651 -0.154799 0.000000 0.000000 0.000000 6.288053
45200 453 142.698532 0.000000 1000.000000 0.531577 142.391312 -0.224352 0.000000 0.000000 0.000000 6.542395
45300 454 149.391800 0.000000 1000.000000 0.987766 148.527954 -0.123914 0.000000 0.000000 0.000000 6.157283
45400 455 150.583267 0.000000 1000.000000 0.319426 150.399872 -0.136039 0.000000 0.000000 0.000000 7.598967
45500 456 154.944122 0.000000 1000.000000 0.195772 154.748352 0.000000 0.000000 0.000000 0.000000 5.369614
45600 457 163.144104 0.000000 1000.000000 0.398693 163.502731 -0.757328 0.000000 0.000000 0.000000 5.933786
45700 458 155.012146 0.000000 1000.000000 0.484603 154.851013 -0.323470 0.000000 0.000000 0.000000 7.190822
45800 459 172.068146 0.000000 1000.000000 0.704829 171.363312 0.000000 0.000000 0.000000 0.000000 5.849661
45900 460 146.892288 0.000000 1000.000000 0.927143 146.120697 -0.155553 0.000000 0.000000 0.000000 6.029918
46000 461 140.141190 0.000000 1000.000000 0.794285 139.346909 0.000000 0.000000 0.000000 0.000000 5.908246
46100 462 161.899628 0.000000 1000.000000 0.340523 161.559097 0.000000 0.000000 0.000000 0.000000 4.590001
46200 463 144.716492 0.000000 1000.000000 0.371357 144.345139 0.000000 0.000000 0.000000 0.000000 8.178183
46300 464 140.236130 0.000000 1000.000000 1.088143 139.373962 -0.225983 0.000000 0.000000 0.000000 9.183910
46400 465 139.995621 0.000000 1000.000000 0.468597 139.628708 -0.101679 0.000000 0.000000 0.000000 6.122682
46500 466 143.613983 0.000000 1000.000000 1.538635 142.593964 -0.518619 0.000000 0.000000 0.000000 6.005714
46600 467 160.574875 0.000000 1000.000000 0.309396 160.474915 -0.209446 0.000000 0.000000 0.000000 6.282399
46700 468 130.133850 0.000000 1000.000000 0.290906 129.842941 0.000000 0.000000 0.000000 0.000000 6.226191
46800 469 131.428024 0.000000 1000.000000 0.359778 132.139725 -1.071471 0.000000 0.000000 0.000000 6.346150
46900 470 160.831635 0.000000 1000.000000 0.962867 159.868774 0.000000 0.000000 0.000000 0.000000 5.921432
47000 471 170.323441 0.000000 1000.000000 1.612924 168.710510 0.000000 0.000000 0.000000 0.000000 6.837624
47100 472 145.424286 0.000000 1000.000000 0.587432 145.257339 -1.629579 1.209087 0.000000 0.000000 6.039054
47200 473 146.534622 0.000000 1000.000000 0.933620 145.600998 0.000000 0.000000 0.000000 0.000000 5.872116
47300 474 137.275528 0.000000 1000.000000 1.176663 136.784714 -0.685855 0.000000 0.000000 0.000000 5.878137
47400 475 152.178528 0.000000 1000.000000 2.034527 151.553711 -1.409712 0.000000 0.000000 0.000000 5.979748
47500 476 144.170395 0.000000 1000.000000 0.493124 143.729172 -0.051898 0.000000 0.000000 0.000000 4.291792
47600 477 134.543152 0.000000 1000.000000 0.832546 134.455322 -0.744728 0.000000 0.000000 0.000000 5.820280
47700 478 139.882294 0.000000 1000.000000 1.313761 138.637711 -0.069191 0.000000 0.000000 0.000000 6.141531
47800 479 129.429886 0.000000 1000.000000 0.333666 134.786240 -1.954231 -3.735798 0.000000 0.000000 7.297334
47900 480 141.101410 0.000000 1000.000000 1.238022 140.141647 -0.278264 0.000000 0.000000 0.000000 6.871508
48000 481 143.320114 0.000000 1000.000000 1.429415 142.416000 -0.525295 0.000000 0.000000 0.000000 6.715443
48100 482 128.821014 0.000000 1000.000000 0.277890 128.735046 -0.191928 0.000000 0.000000 0.000000 6.880421
48200 483 138.303543 0.000000 1000.000000 1.555888 136.747650 0.000000 0.000000 0.000000 0.000000 7.690271
48300 484 118.694893 0.000000 1000.000000 0.311274 124.581177 -2.028452 -4.169108 0.000000 0.000000 9.366979
48400 485 147.669067 0.000000 1000.000000 1.089642 146.684357 -0.104936 0.000000 0.000000 0.000000 9.119533
48500 486 157.060760 0.000000 1000.000000 1.788931 155.271835 0.000000 0.000000 0.000000 0.000000 8.111050
48600 487 121.499283 0.000000 1000.000000 1.383761 120.197021 -0.081496 0.000000 0.000000 0.000000 6.865091
48700 488 145.847824 0.000000 1000.000000 0.806905 145.040924 0.000000 0.000000 0.000000 0.000000 8.159255
48800 489 135.503036 0.000000 1000.000000 2.850305 132.772263 -0.119542 0.000000 0.000000 0.000000 5.703576
48900 490 146.181656 0.000000 1000.000000 0.811328 145.463608 -0.093274 0.000000 0.000000 0.000000 7.666675
49000 491 144.612381 0.000000 1000.000000 1.585167 144.057800 -1.030592 0.000000 0.000000 0.000000 6.020432
49100 492 140.573563 0.000000 1000.000000 0.113248 141.426056 -0.965745 0.000000 0.000000 0.000000 6.317259
49200 493 142.427994 0.000000 1000.000000 1.192086 142.144089 -0.908187 0.000000 0.000000 0.000000 7.087658
49300 494 131.862579 0.000000 1000.000000 0.708226 131.535950 -0.381593 0.000000 0.000000 0.000000 8.784518
49400 495 140.172897 0.000000 1000.000000 1.995855 138.253387 -0.076337 0.000000 0.000000 0.000000 7.407114
49500 496 141.252686 0.000000 1000.000000 0.231820 141.449493 -0.428630 0.000000 0.000000 0.000000 6.375154
49600 497 143.899918 0.000000 1000.000000 0.881619 143.018295 0.000000 0.000000 0.000000 0.000000 6.487738
49700 498 149.936188 0.000000 1000.000000 0.937784 148.998398 0.000000 0.000000 0.000000 0.000000 7.053853
49800 499 157.743256 0.000000 1000.000000 1.416095 156.973282 -0.646124 0.000000 0.000000 0.000000 7.573251
49900 500 145.126297 0.000000 1000.000000 0.322334 145.123825 -0.319863 0.000000 0.000000 0.000000 7.168284
50000 501 130.296478 0.000000 1000.000000 0.446267 129.947205 -0.096994 0.000000 0.000000 0.000000 10.022291
