1 1 210.644440 0.000000 1000.000000 0.230137 217.101700 -2.894779 -3.792617 0.000000 0.000000 1.696352
100 2 215.755585 0.000000 1000.000000 1.025775 214.801819 -0.072001 0.000000 0.000000 0.000000 9.223589
200 3 212.321320 0.000000 1000.000000 0.650270 211.671051 0.000000 0.000000 0.000000 0.000000 8.659955
300 4 197.402328 0.000000 1000.000000 0.793263 176.367599 -1.656976 21.898458 0.000000 0.000000 6.834026
400 5 204.060043 0.000000 1000.000000 1.617261 202.442780 0.000000 0.000000 0.000000 0.000000 8.139469
500 6 190.328979 0.000000 1000.000000 0.805151 190.981232 -1.457399 0.000000 0.000000 0.000000 8.152185
600 7 199.515732 0.000000 1000.000000 1.064852 199.124191 -0.673316 0.000000 0.000000 0.000000 7.185760
700 8 189.882065 0.000000 1000.000000 0.170335 189.711731 0.000000 0.000000 0.000000 0.000000 10.727590
800 9 172.824829 0.000000 1000.000000 0.146663 173.074020 -0.395863 0.000000 0.000000 0.000000 8.597252
900 10 183.117096 0.000000 1000.000000 0.568875 182.548218 0.000000 0.000000 0.000000 0.000000 7.449183
1000 11 189.690308 0.000000 1000.000000 0.301996 189.563629 -0.175330 0.000000 0.000000 0.000000 7.228630
1100 12 182.687622 0.000000 1000.000000 1.062720 182.487732 -0.862827 0.000000 0.000000 0.000000 6.435269
1200 13 178.752213 0.000000 1000.000000 0.677551 178.615036 -0.540377 0.000000 0.000000 0.000000 5.110200
1300 14 195.166931 0.000000 1000.000000 2.613911 192.827393 -0.274375 0.000000 0.000000 0.000000 6.764313
1400 15 175.807098 0.000000 1000.000000 0.570557 175.236542 0.000000 0.000000 0.000000 0.000000 10.926731
1500 16 181.197495 0.000000 1000.000000 1.169710 180.648575 -0.620787 0.000000 0.000000 0.000000 8.178334
1600 17 166.787643 0.000000 1000.000000 0.536915 166.345230 -0.094497 0.000000 0.000000 0.000000 9.970979
1700 18 197.298645 0.000000 1000.000000 0.648659 198.390121 -1.740147 0.000000 0.000000 0.000000 7.128397
1800 19 171.833755 0.000000 1000.000000 0.812623 172.249008 -1.227875 0.000000 0.000000 0.000000 8.384892
1900 20 182.525513 0.000000 1000.000000 0.653859 181.871658 0.000000 0.000000 0.000000 0.000000 5.746421
2000 21 170.780136 0.000000 1000.000000 0.804198 169.975937 0.000000 0.000000 0.000000 0.000000 12.748518
2100 22 161.140442 0.000000 1000.000000 0.817351 160.323090 0.000000 0.000000 0.000000 0.000000 9.567953
2200 23 177.520523 0.000000 1000.000000 0.453471 177.292084 -0.225041 0.000000 0.000000 0.000000 7.407149
2300 24 179.240005 0.000000 1000.000000 1.294871 177.945129 0.000000 0.000000 0.000000 0.000000 8.143600
2400 25 163.609695 0.000000 1000.000000 0.407821 163.905182 -0.703301 0.000000 0.000000 0.000000 9.938770
2500 26 173.377747 0.000000 1000.000000 0.401237 172.976517 0.000000 0.000000 0.000000 0.000000 10.846821
2600 27 180.001694 0.000000 1000.000000 1.214790 176.413361 -0.864621 3.238170 0.000000 0.000000 8.896957
2700 28 176.017792 0.000000 1000.000000 1.390176 174.761368 -0.133761 0.000000 0.000000 0.000000 9.871222
2800 29 188.256149 0.000000 1000.000000 1.725801 186.530350 0.000000 0.000000 0.000000 0.000000 6.926488
2900 30 186.570389 0.000000 1000.000000 2.352572 184.500961 -0.283140 0.000000 0.000000 0.000000 7.288452
3000 31 182.952484 0.000000 1000.000000 1.522224 181.430267 0.000000 0.000000 0.000000 0.000000 7.250688
3100 32 182.899323 0.000000 1000.000000 0.601299 182.367569 -0.069552 0.000000 0.000000 0.000000 9.270678
3200 33 182.267883 0.000000 1000.000000 0.633803 181.667725 -0.033646 0.000000 0.000000 0.000000 11.254292
3300 34 174.426071 0.000000 1000.000000 0.291599 174.782959 -0.648490 0.000000 0.000000 0.000000 8.876417
3400 35 167.926727 0.000000 1000.000000 1.015667 166.911057 0.000000 0.000000 0.000000 0.000000 7.855324
3500 36 168.663834 0.000000 1000.000000 1.320034 167.397400 -0.053598 0.000000 0.000000 0.000000 8.491470
3600 37 198.949966 0.000000 1000.000000 0.377625 198.572342 0.000000 0.000000 0.000000 0.000000 9.387033
3700 38 186.737457 0.000000 1000.000000 0.429429 187.920746 -1.612715 0.000000 0.000000 0.000000 8.006842
3800 39 194.367523 0.000000 1000.000000 1.002265 193.435242 -0.069970 0.000000 0.000000 0.000000 7.806471
3900 40 178.486191 0.000000 1000.000000 1.523440 176.962753 0.000000 0.000000 0.000000 0.000000 8.810795
4000 41 184.018311 0.000000 1000.000000 1.586799 182.883163 -0.451653 0.000000 0.000000 0.000000 6.326567
4100 42 188.784302 0.000000 1000.000000 0.700897 189.804489 -1.721084 0.000000 0.000000 0.000000 7.376495
4200 43 173.592728 0.000000 1000.000000 0.265650 174.373016 -1.045937 0.000000 0.000000 0.000000 9.731728
4300 44 182.640701 0.000000 1000.000000 1.160818 181.505722 -0.025829 0.000000 0.000000 0.000000 6.776316
4400 45 184.329254 0.000000 1000.000000 0.345773 183.983475 0.000000 0.000000 0.000000 0.000000 12.210154
4500 46 187.887589 0.000000 1000.000000 1.680948 186.719681 -0.513041 0.000000 0.000000 0.000000 8.920223
4600 47 173.667969 0.000000 1000.000000 0.735122 175.313080 -0.661272 -1.718961 0.000000 0.000000 6.615926
4700 48 176.653305 0.000000 1000.000000 0.794844 176.993683 -0.611998 -0.523230 0.000000 0.000000 9.454652
4800 49 181.999878 0.000000 1000.000000 0.441033 181.558838 0.000000 0.000000 0.000000 0.000000 9.477683
4900 50 175.091202 0.000000 1000.000000 0.551174 175.616653 -1.076632 0.000000 0.000000 0.000000 8.296784
5000 51 181.390198 0.000000 1000.000000 1.081847 180.308350 0.000000 0.000000 0.000000 0.000000 7.365530
5100 52 174.805786 0.000000 1000.000000 0.637423 174.611221 -0.442859 0.000000 0.000000 0.000000 8.460572
5200 53 187.043411 0.000000 1000.000000 0.717073 186.326340 0.000000 0.000000 0.000000 0.000000 8.375185
5300 54 168.595612 0.000000 1000.000000 0.230362 168.365250 0.000000 0.000000 0.000000 0.000000 9.250363
5400 55 165.209091 0.000000 1000.000000 0.863311 164.345779 0.000000 0.000000 0.000000 0.000000 6.976477
5500 56 183.413696 0.000000 1000.000000 0.954222 182.459473 0.000000 0.000000 0.000000 0.000000 9.280250
5600 57 181.618011 0.000000 1000.000000 0.572091 181.045914 0.000000 0.000000 0.000000 0.000000 9.154110
5700 58 188.897339 0.000000 1000.000000 0.561985 188.335358 0.000000 0.000000 0.000000 0.000000 12.268472
5800 59 207.891449 0.000000 1000.000000 1.166417 170.701340 -0.381783 36.405487 0.000000 0.000000 11.114523
5900 60 190.480515 0.000000 1000.000000 1.931460 188.887421 -0.338369 0.000000 0.000000 0.000000 7.271794
6000 61 184.662552 0.000000 1000.000000 0.551390 184.558548 -0.447381 0.000000 0.000000 0.000000 7.666305
6100 62 181.813934 0.000000 1000.000000 2.400002 179.916199 -0.502256 0.000000 0.000000 0.000000 9.233522
6200 63 205.106323 0.000000 1000.000000 0.434486 187.277969 -1.522572 18.916435 0.000000 0.000000 7.025588
6300 64 188.471924 0.000000 1000.000000 2.721368 186.058197 -0.307646 0.000000 0.000000 0.000000 8.833704
6400 65 169.971893 0.000000 1000.000000 0.447742 169.524155 0.000000 0.000000 0.000000 0.000000 7.361382
6500 66 194.467072 0.000000 1000.000000 1.577007 192.890060 0.000000 0.000000 0.000000 0.000000 7.855658
6600 67 182.755859 0.000000 1000.000000 1.566474 181.677216 -0.487818 0.000000 0.000000 0.000000 6.660292
6700 68 169.476562 0.000000 1000.000000 0.491238 175.564728 -1.434601 -5.144808 0.000000 0.000000 5.968131
6800 69 174.334732 0.000000 1000.000000 0.718936 176.034409 -1.349953 -1.068656 0.000000 0.000000 6.336552
6900 70 172.279312 0.000000 1000.000000 0.335061 171.944244 0.000000 0.000000 0.000000 0.000000 7.006588
7000 71 174.357025 0.000000 1000.000000 0.704230 173.705444 -0.052643 0.000000 0.000000 0.000000 10.042864
7100 72 199.047638 0.000000 1000.000000 0.811168 198.491776 -0.255314 0.000000 0.000000 0.000000 6.998866
7200 73 182.542770 0.000000 1000.000000 0.290193 182.252579 0.000000 0.000000 0.000000 0.000000 6.765664
7300 74 168.388138 0.000000 1000.000000 0.504937 168.570282 -0.687086 0.000000 0.000000 0.000000 5.220684
7400 75 174.813141 0.000000 1000.000000 0.614706 174.555359 -0.356912 0.000000 0.000000 0.000000 9.851795
7500 76 157.083466 0.000000 1000.000000 0.363724 157.060623 -0.340879 0.000000 0.000000 0.000000 10.626238
7600 77 164.002609 0.000000 1000.000000 0.519563 164.109604 -0.626561 0.000000 0.000000 0.000000 7.744817
7700 78 174.100601 0.000000 1000.000000 0.794075 173.680862 -0.374328 0.000000 0.000000 0.000000 7.067837
7800 79 167.695862 0.000000 1000.000000 1.336234 166.359634 0.000000 0.000000 0.000000 0.000000 8.214828
7900 80 190.375870 0.000000 1000.000000 0.594199 190.065338 -0.283656 0.000000 0.000000 0.000000 8.739296
8000 81 174.260223 0.000000 1000.000000 0.377681 179.454559 -0.688046 -4.883974 0.000000 0.000000 10.387540
8100 82 193.150497 0.000000 1000.000000 2.108086 191.042404 0.000000 0.000000 0.000000 0.000000 10.330359
8200 83 210.965622 0.000000 1000.000000 0.660938 179.721893 -0.540112 31.122915 0.000000 0.000000 9.133605
8300 84 178.086624 0.000000 1000.000000 0.579177 177.507446 0.000000 0.000000 0.000000 0.000000 8.000442
8400 85 174.945770 0.000000 1000.000000 0.705479 174.240295 0.000000 0.000000 0.000000 0.000000 7.641610
8500 86 183.051270 0.000000 1000.000000 0.497513 183.220306 -0.666552 0.000000 0.000000 0.000000 8.607740
8600 87 188.751938 0.000000 1000.000000 0.376385 188.420914 -0.045363 0.000000 0.000000 0.000000 9.332727
8700 88 176.973770 0.000000 1000.000000 1.616354 175.915848 -0.558422 0.000000 0.000000 0.000000 10.397278
8800 89 166.205566 0.000000 1000.000000 0.196136 168.246475 -0.561094 -1.675956 0.000000 0.000000 10.129696
8900 90 153.933746 0.000000 1000.000000 0.367816 154.973923 -0.609262 -0.798724 0.000000 0.000000 6.927255
9000 91 164.609436 0.000000 1000.000000 0.339469 164.269974 0.000000 0.000000 0.000000 0.000000 8.493048
9100 92 153.774338 0.000000 1000.000000 1.072185 156.584167 -0.443360 -3.438656 0.000000 0.000000 7.826203
9200 93 154.264603 0.000000 1000.000000 0.710759 154.099457 -0.545611 0.000000 0.000000 0.000000 9.745145
9300 94 169.910202 0.000000 1000.000000 0.622265 169.287933 0.000000 0.000000 0.000000 0.000000 9.477967
9400 95 166.399109 0.000000 1000.000000 0.308314 166.381622 -0.290829 0.000000 0.000000 0.000000 8.140889
9500 96 167.458496 0.000000 1000.000000 0.285655 168.241501 -1.068667 0.000000 0.000000 0.000000 6.975335
9600 97 170.113098 0.000000 1000.000000 0.539700 170.475250 -0.901860 0.000000 0.000000 0.000000 7.130928
9700 98 169.641327 0.000000 1000.000000 0.427491 169.729202 -0.515373 0.000000 0.000000 0.000000 7.416625
9800 99 177.839737 0.000000 1000.000000 0.274377 177.917740 -0.352381 0.000000 0.000000 0.000000 9.478407
9900 100 163.218231 0.000000 1000.000000 0.547277 162.724899 -0.053942 0.000000 0.000000 0.000000 13.300646
10000 101 173.236313 0.000000 1000.000000 0.449577 173.214096 -0.427349 0.000000 0.000000 0.000000 9.796356
10100 102 162.999268 0.000000 1000.000000 0.321869 163.036865 -0.359472 0.000000 0.000000 0.000000 6.648994
10200 103 171.323044 0.000000 1000.000000 0.347201 171.015625 -0.039782 0.000000 0.000000 0.000000 8.571516
10300 104 176.153580 0.000000 1000.000000 0.830869 175.562393 -0.239678 0.000000 0.000000 0.000000 7.865985
10400 105 165.223724 0.000000 1000.000000 0.702748 164.520981 0.000000 0.000000 0.000000 0.000000 9.196292
10500 106 173.272247 0.000000 1000.000000 0.270055 173.002197 0.000000 0.000000 0.000000 0.000000 7.658451
10600 107 160.328751 0.000000 1000.000000 0.530205 160.120941 -0.322391 0.000000 0.000000 0.000000 9.285307
10700 108 163.742905 0.000000 1000.000000 0.406254 163.336655 0.000000 0.000000 0.000000 0.000000 7.532933
10800 109 197.420761 0.000000 1000.000000 0.902460 196.518295 0.000000 0.000000 0.000000 0.000000 6.093246
10900 110 177.516907 0.000000 1000.000000 0.471023 177.411896 -0.366015 0.000000 0.000000 0.000000 9.543783
11000 111 188.201263 0.000000 1000.000000 1.102975 187.098282 0.000000 0.000000 0.000000 0.000000 8.386415
11100 112 163.768906 0.000000 1000.000000 0.615229 163.731644 -0.577968 0.000000 0.000000 0.000000 9.643456
11200 113 170.241287 0.000000 1000.000000 0.175565 170.550522 -0.484800 0.000000 0.000000 0.000000 9.554016
11300 114 173.030548 0.000000 1000.000000 0.110212 172.920334 0.000000 0.000000 0.000000 0.000000 11.088668
11400 115 166.285309 0.000000 1000.000000 0.757805 165.572678 -0.045186 0.000000 0.000000 0.000000 9.545403
11500 116 172.246811 0.000000 1000.000000 1.316749 170.930069 0.000000 0.000000 0.000000 0.000000 10.145528
11600 117 163.823471 0.000000 1000.000000 1.709374 162.157959 -0.043875 0.000000 0.000000 0.000000 12.173231
11700 118 171.389435 0.000000 1000.000000 0.370961 171.018478 0.000000 0.000000 0.000000 0.000000 7.178016
11800 119 157.393204 0.000000 1000.000000 0.251151 157.197601 -0.055541 0.000000 0.000000 0.000000 12.162099
11900 120 159.381897 0.000000 1000.000000 0.431152 159.043228 -0.092485 0.000000 0.000000 0.000000 8.706925
12000 121 177.743286 0.000000 1000.000000 1.176406 177.009903 -0.443020 0.000000 0.000000 0.000000 8.915010
12100 122 175.801270 0.000000 1000.000000 0.326348 176.400742 -0.925834 0.000000 0.000000 0.000000 8.973660
12200 123 168.114594 0.000000 1000.000000 0.876910 168.255020 -1.017327 0.000000 0.000000 0.000000 5.981444
12300 124 179.263779 0.000000 1000.000000 0.386837 179.359741 -0.482798 0.000000 0.000000 0.000000 6.348335
12400 125 173.324188 0.000000 1000.000000 0.521864 172.849854 -0.047531 0.000000 0.000000 0.000000 10.165512
12500 126 167.900543 0.000000 1000.000000 1.139435 166.761108 0.000000 0.000000 0.000000 0.000000 8.544655
12600 127 174.714462 0.000000 1000.000000 0.403643 174.543243 -0.232429 0.000000 0.000000 0.000000 7.890767
12700 128 162.194977 0.000000 1000.000000 0.142329 162.052643 0.000000 0.000000 0.000000 0.000000 7.316084
12800 129 170.533386 0.000000 1000.000000 0.406395 171.313599 -1.186615 0.000000 0.000000 0.000000 7.805837
12900 130 166.524368 0.000000 1000.000000 0.886096 167.046707 -1.408429 0.000000 0.000000 0.000000 6.245956
13000 131 175.572220 0.000000 1000.000000 0.581483 174.990738 0.000000 0.000000 0.000000 0.000000 10.148836
13100 132 181.590576 0.000000 1000.000000 0.672368 180.918213 0.000000 0.000000 0.000000 0.000000 9.004337
13200 133 167.515320 0.000000 1000.000000 0.903383 167.972015 -1.360074 0.000000 0.000000 0.000000 9.642973
13300 134 184.552750 0.000000 1000.000000 1.069307 184.592377 -1.108934 0.000000 0.000000 0.000000 8.516294
13400 135 170.681305 0.000000 1000.000000 1.132408 171.736298 -2.187394 0.000000 0.000000 0.000000 8.356454
13500 136 167.421143 0.000000 1000.000000 1.531284 166.074173 -0.184308 0.000000 0.000000 0.000000 10.488935
13600 137 177.434738 0.000000 1000.000000 0.764052 178.210800 -1.540115 0.000000 0.000000 0.000000 5.786665
13700 138 152.184296 0.000000 1000.000000 0.219689 155.563614 -1.588597 -2.010424 0.000000 0.000000 5.803874
13800 139 168.261993 0.000000 1000.000000 0.166950 168.095047 0.000000 0.000000 0.000000 0.000000 9.317554
13900 140 170.554199 0.000000 1000.000000 1.481783 169.072418 0.000000 0.000000 0.000000 0.000000 7.121791
14000 141 167.222443 0.000000 1000.000000 0.717561 167.052048 -0.547164 0.000000 0.000000 0.000000 8.638000
14100 142 163.586151 0.000000 1000.000000 0.371728 168.336746 -3.124742 -1.997591 0.000000 0.000000 6.391035
14200 143 157.095795 0.000000 1000.000000 0.704445 157.665939 -1.274588 0.000000 0.000000 0.000000 8.197649
14300 144 174.053543 0.000000 1000.000000 1.544118 172.537964 -0.028532 0.000000 0.000000 0.000000 8.243940
14400 145 169.090866 0.000000 1000.000000 0.487205 168.603668 0.000000 0.000000 0.000000 0.000000 8.099493
14500 146 185.180862 0.000000 1000.000000 1.449385 185.992645 -2.261164 0.000000 0.000000 0.000000 7.659705
14600 147 150.267548 0.000000 1000.000000 1.300195 149.534286 -0.566935 0.000000 0.000000 0.000000 8.534986
14700 148 184.237045 0.000000 1000.000000 2.324083 182.856461 -0.943499 0.000000 0.000000 0.000000 7.448709
14800 149 165.780472 0.000000 1000.000000 0.314948 165.465530 0.000000 0.000000 0.000000 0.000000 8.644403
14900 150 166.917343 0.000000 1000.000000 1.223616 170.983887 -0.804049 -4.486115 0.000000 0.000000 10.298853
15000 151 170.912674 0.000000 1000.000000 0.296654 170.722672 -0.106648 0.000000 0.000000 0.000000 8.354334
15100 152 161.739502 0.000000 1000.000000 0.852243 160.979050 -0.091790 0.000000 0.000000 0.000000 8.014275
15200 153 162.311600 0.000000 1000.000000 1.715206 160.685562 -0.089175 0.000000 0.000000 0.000000 8.248693
15300 154 160.331284 0.000000 1000.000000 0.418194 160.618622 -0.705540 0.000000 0.000000 0.000000 7.611567
15400 155 160.494934 0.000000 1000.000000 0.242253 160.876083 -0.623395 0.000000 0.000000 0.000000 7.052858
15500 156 158.543594 0.000000 1000.000000 0.489600 159.264206 -1.210200 0.000000 0.000000 0.000000 7.628628
15600 157 155.049271 0.000000 1000.000000 0.202261 160.300674 -0.803919 -4.649732 0.000000 0.000000 7.156401
15700 158 177.696304 0.000000 1000.000000 1.047688 177.794205 -1.145581 0.000000 0.000000 0.000000 8.327482
15800 159 161.114151 0.000000 1000.000000 0.651324 160.528580 -0.065749 0.000000 0.000000 0.000000 6.916670
15900 160 173.960922 0.000000 1000.000000 1.252449 172.777634 -0.069172 0.000000 0.000000 0.000000 7.275050
16000 161 156.978806 0.000000 1000.000000 0.563049 156.809784 -0.394027 0.000000 0.000000 0.000000 9.290789
16100 162 153.873398 0.000000 1000.000000 1.093794 156.647659 -1.083149 -2.784909 0.000000 0.000000 7.987324
16200 163 166.915009 0.000000 1000.000000 0.196401 169.276917 -1.267338 -1.290968 0.000000 0.000000 7.884778
16300 164 166.294220 0.000000 1000.000000 0.391739 165.902481 0.000000 0.000000 0.000000 0.000000 6.457726
16400 165 164.679276 0.000000 1000.000000 0.117146 165.863007 -1.300866 0.000000 0.000000 0.000000 6.005647
16500 166 152.592712 0.000000 1000.000000 0.873259 157.242767 -2.344612 -3.178704 0.000000 0.000000 5.929258
16600 167 173.628601 0.000000 1000.000000 1.423790 173.725708 -1.520901 0.000000 0.000000 0.000000 10.649052
16700 168 188.053223 0.000000 1000.000000 0.387748 187.665482 0.000000 0.000000 0.000000 0.000000 6.025651
16800 169 164.725830 0.000000 1000.000000 0.630270 164.561722 -0.466161 0.000000 0.000000 0.000000 6.141963
16900 170 175.365097 0.000000 1000.000000 1.486525 180.593430 -2.632889 -4.081968 0.000000 0.000000 7.052749
17000 171 167.535538 0.000000 1000.000000 1.789562 169.346939 -2.661799 -0.939157 0.000000 0.000000 7.209236
17100 172 145.067413 0.000000 1000.000000 1.011668 144.537567 -0.481831 0.000000 0.000000 0.000000 7.241501
17200 173 183.442383 0.000000 1000.000000 0.257893 183.612854 -0.428360 0.000000 0.000000 0.000000 7.333778
17300 174 166.362534 0.000000 1000.000000 0.339968 168.664963 -1.872490 -0.769905 0.000000 0.000000 8.421084
17400 175 170.325333 0.000000 1000.000000 0.650636 170.460068 -0.785368 0.000000 0.000000 0.000000 6.538493
17500 176 165.468430 0.000000 1000.000000 0.468679 171.605453 -3.605467 -3.000229 0.000000 0.000000 7.693027
17600 177 158.911789 0.000000 1000.000000 0.843640 163.927734 -3.063826 -2.795763 0.000000 0.000000 6.440304
17700 178 167.172058 0.000000 1000.000000 0.555613 167.477219 -0.860774 0.000000 0.000000 0.000000 7.576546
17800 179 161.498184 0.000000 1000.000000 0.457724 161.040466 0.000000 0.000000 0.000000 0.000000 7.845502
17900 180 170.521606 0.000000 1000.000000 0.464687 170.056915 0.000000 0.000000 0.000000 0.000000 9.452843
18000 181 172.403488 0.000000 1000.000000 0.438571 172.777100 -0.812175 0.000000 0.000000 0.000000 9.978051
18100 182 158.911469 0.000000 1000.000000 0.401682 159.190033 -0.680246 0.000000 0.000000 0.000000 7.869175
18200 183 165.634125 0.000000 1000.000000 0.634917 164.999207 0.000000 0.000000 0.000000 0.000000 7.167532
18300 184 148.538895 0.000000 1000.000000 0.297352 148.241547 0.000000 0.000000 0.000000 0.000000 8.296031
18400 185 156.618546 0.000000 1000.000000 0.642573 155.975967 0.000000 0.000000 0.000000 0.000000 8.841802
18500 186 167.673569 0.000000 1000.000000 0.444153 172.856888 -1.607284 -4.020188 0.000000 0.000000 8.128519
18600 187 179.939362 0.000000 1000.000000 0.351649 179.587708 0.000000 0.000000 0.000000 0.000000 8.602681
18700 188 175.104340 0.000000 1000.000000 0.452451 175.151794 -0.499916 0.000000 0.000000 0.000000 7.622838
18800 189 168.119431 0.000000 1000.000000 0.265180 167.854248 0.000000 0.000000 0.000000 0.000000 9.079571
18900 190 184.795486 0.000000 1000.000000 0.275295 185.627914 -1.107733 0.000000 0.000000 0.000000 6.920253
19000 191 162.898636 0.000000 1000.000000 0.933819 162.914032 -0.949214 0.000000 0.000000 0.000000 5.898448
19100 192 164.195221 0.000000 1000.000000 0.785474 163.830704 -0.420963 0.000000 0.000000 0.000000 6.432360
19200 193 159.862808 0.000000 1000.000000 0.398868 159.463943 0.000000 0.000000 0.000000 0.000000 6.025843
19300 194 150.335281 0.000000 1000.000000 0.285165 150.411301 -0.361187 0.000000 0.000000 0.000000 8.120077
19400 195 154.105469 0.000000 1000.000000 0.785776 153.319687 0.000000 0.000000 0.000000 0.000000 5.460588
19500 196 159.973770 0.000000 1000.000000 0.925072 159.157898 -0.109209 0.000000 0.000000 0.000000 7.416333
19600 197 145.056107 0.000000 1000.000000 0.304417 145.160110 -0.408414 0.000000 0.000000 0.000000 8.498430
19700 198 156.004868 0.000000 1000.000000 0.991620 156.309433 -1.296195 0.000000 0.000000 0.000000 6.793599
19800 199 154.933929 0.000000 1000.000000 0.224562 154.709366 0.000000 0.000000 0.000000 0.000000 10.741663
19900 200 161.422256 0.000000 1000.000000 0.186272 163.285049 -1.116502 -0.932572 0.000000 0.000000 7.107155
20000 201 160.480530 0.000000 1000.000000 0.673421 159.807114 0.000000 0.000000 0.000000 0.000000 5.596837
20100 202 171.846390 0.000000 1000.000000 0.174517 171.671875 0.000000 0.000000 0.000000 0.000000 7.167770
20200 203 161.421173 0.000000 1000.000000 0.154296 161.315674 -0.048795 0.000000 0.000000 0.000000 9.540615
20300 204 174.342163 0.000000 1000.000000 2.106871 175.094162 -1.292146 -1.566723 0.000000 0.000000 9.624619
20400 205 173.158997 0.000000 1000.000000 0.719434 172.520645 -0.081088 0.000000 0.000000 0.000000 6.567612
20500 206 155.245392 0.000000 1000.000000 0.636911 154.608475 0.000000 0.000000 0.000000 0.000000 7.914219
20600 207 158.471039 0.000000 1000.000000 0.561056 158.152405 -0.242418 0.000000 0.000000 0.000000 6.442013
20700 208 170.870911 0.000000 1000.000000 1.498134 171.941971 -2.569202 0.000000 0.000000 0.000000 10.370982
20800 209 159.462067 0.000000 1000.000000 0.240880 159.472900 -0.251716 0.000000 0.000000 0.000000 7.771936
20900 210 180.787369 0.000000 1000.000000 0.323416 185.631760 -2.322842 -2.844954 0.000000 0.000000 7.574279
21000 211 167.272049 0.000000 1000.000000 0.421165 168.340530 -1.489645 0.000000 0.000000 0.000000 7.755247
21100 212 173.231201 0.000000 1000.000000 0.206119 173.025085 0.000000 0.000000 0.000000 0.000000 7.601556
21200 213 180.996231 0.000000 1000.000000 0.429089 182.054443 -1.487301 0.000000 0.000000 0.000000 8.109476
21300 214 157.704880 0.000000 1000.000000 0.262750 161.976257 -2.953363 -1.580757 0.000000 0.000000 5.523312
21400 215 157.317810 0.000000 1000.000000 0.305125 157.012680 0.000000 0.000000 0.000000 0.000000 7.937145
21500 216 171.388672 0.000000 1000.000000 0.981787 171.018951 -0.612063 0.000000 0.000000 0.000000 6.097615
21600 217 164.321106 0.000000 1000.000000 0.325942 165.129593 -1.134428 0.000000 0.000000 0.000000 7.026641
21700 218 161.526901 0.000000 1000.000000 0.355548 161.171356 0.000000 0.000000 0.000000 0.000000 8.582300
21800 219 151.909363 0.000000 1000.000000 0.542596 153.390915 -1.597003 -0.427160 0.000000 0.000000 7.342530
21900 220 153.206085 0.000000 1000.000000 0.138798 153.473694 -0.406398 0.000000 0.000000 0.000000 12.980273
22000 221 169.679398 0.000000 1000.000000 0.471218 169.208176 0.000000 0.000000 0.000000 0.000000 7.122756
22100 222 166.458740 0.000000 1000.000000 0.416621 169.335876 -2.331564 -0.962198 0.000000 0.000000 7.264538
22200 223 161.764328 0.000000 1000.000000 0.525802 162.155930 -0.917401 0.000000 0.000000 0.000000 9.736886
22300 224 178.131271 0.000000 1000.000000 0.116449 178.560043 -0.545220 0.000000 0.000000 0.000000 7.494825
22400 225 163.301987 0.000000 1000.000000 0.277459 166.992676 -1.224679 -2.743467 0.000000 0.000000 7.714965
22500 226 177.772034 0.000000 1000.000000 1.945320 177.225067 -1.398356 0.000000 0.000000 0.000000 6.164943
22600 227 157.424225 0.000000 1000.000000 0.847987 160.995132 -2.123238 -2.295654 0.000000 0.000000 6.793525
22700 228 174.888016 0.000000 1000.000000 0.454687 176.616379 -2.183045 0.000000 0.000000 0.000000 5.749614
22800 229 174.688232 0.000000 1000.000000 0.151298 183.185715 -1.666185 -6.982594 0.000000 0.000000 6.389811
22900 230 178.755280 0.000000 1000.000000 0.792103 178.632858 -0.669685 0.000000 0.000000 0.000000 6.215947
23000 231 178.451813 0.000000 1000.000000 0.772323 178.194489 -0.515003 0.000000 0.000000 0.000000 6.815052
23100 232 159.501297 0.000000 1000.000000 0.937276 158.564026 0.000000 0.000000 0.000000 0.000000 6.975626
23200 233 176.401505 0.000000 1000.000000 1.561215 176.259918 -1.419633 0.000000 0.000000 0.000000 6.571958
23300 234 167.866043 0.000000 1000.000000 0.188144 167.984177 -0.306280 0.000000 0.000000 0.000000 7.326855
23400 235 174.478622 0.000000 1000.000000 2.323781 172.357025 -0.202186 0.000000 0.000000 0.000000 8.574298
23500 236 162.020294 0.000000 1000.000000 0.602984 161.417313 0.000000 0.000000 0.000000 0.000000 10.552750
23600 237 180.441376 0.000000 1000.000000 0.633281 180.636093 -0.828006 0.000000 0.000000 0.000000 8.547721
23700 238 188.188980 0.000000 1000.000000 0.637966 187.551010 0.000000 0.000000 0.000000 0.000000 8.950615
23800 239 177.708008 0.000000 1000.000000 0.316696 177.391312 0.000000 0.000000 0.000000 0.000000 7.653298
23900 240 192.347946 0.000000 1000.000000 0.550100 191.864136 -0.066282 0.000000 0.000000 0.000000 9.408218
24000 241 186.579895 0.000000 1000.000000 0.951249 185.628647 0.000000 0.000000 0.000000 0.000000 7.052960
24100 242 170.608963 0.000000 1000.000000 0.311236 170.389450 -0.091719 0.000000 0.000000 0.000000 7.997298
24200 243 176.672882 0.000000 1000.000000 0.230429 177.449448 -1.006982 0.000000 0.000000 0.000000 8.064513
24300 244 173.844589 0.000000 1000.000000 0.674241 173.302017 -0.131661 0.000000 0.000000 0.000000 8.820624
24400 245 175.035568 0.000000 1000.000000 1.075118 175.105515 -1.145063 0.000000 0.000000 0.000000 8.284262
24500 246 190.202332 0.000000 1000.000000 0.553407 189.722046 -0.073115 0.000000 0.000000 0.000000 7.745023
24600 247 182.497589 0.000000 1000.000000 0.482958 182.014633 0.000000 0.000000 0.000000 0.000000 7.322499
24700 248 165.293884 0.000000 1000.000000 0.253985 165.708832 -0.668937 0.000000 0.000000 0.000000 8.327330
24800 249 162.777283 0.000000 1000.000000 0.296012 163.389008 -0.907725 0.000000 0.000000 0.000000 7.150389
24900 250 158.069656 0.000000 1000.000000 1.448751 156.620911 0.000000 0.000000 0.000000 0.000000 7.362185
25000 251 153.789078 0.000000 1000.000000 0.515646 153.273438 0.000000 0.000000 0.000000 0.000000 8.996499
25100 252 176.311523 0.000000 1000.000000 1.924050 176.165451 -1.777980 0.000000 0.000000 0.000000 8.663507
25200 253 165.506027 0.000000 1000.000000 0.326264 165.179764 0.000000 0.000000 0.000000 0.000000 7.996818
25300 254 166.801819 0.000000 1000.000000 1.381569 165.420258 0.000000 0.000000 0.000000 0.000000 6.212891
25400 255 150.599442 0.000000 1000.000000 0.158091 150.441345 0.000000 0.000000 0.000000 0.000000 8.127932
25500 256 172.549072 0.000000 1000.000000 0.351390 177.361023 -0.693576 -4.469768 0.000000 0.000000 8.704788
25600 257 148.632935 0.000000 1000.000000 0.065834 148.567108 0.000000 0.000000 0.000000 0.000000 10.194779
25700 258 162.527451 0.000000 1000.000000 0.292224 162.354294 -0.119068 0.000000 0.000000 0.000000 8.845578
25800 259 179.307312 0.000000 1000.000000 0.558012 179.048248 -0.298945 0.000000 0.000000 0.000000 7.892351
25900 260 163.664322 0.000000 1000.000000 0.238683 163.425644 0.000000 0.000000 0.000000 0.000000 7.527203
26000 261 172.205444 0.000000 1000.000000 0.234479 171.970963 0.000000 0.000000 0.000000 0.000000 8.134007
26100 262 182.181702 0.000000 1000.000000 1.381890 180.799805 0.000000 0.000000 0.000000 0.000000 7.787843
26200 263 176.670959 0.000000 1000.000000 1.792572 174.878387 0.000000 0.000000 0.000000 0.000000 9.085469
26300 264 154.830963 0.000000 1000.000000 0.516148 155.158478 -0.843653 0.000000 0.000000 0.000000 8.397495
26400 265 153.454300 0.000000 1000.000000 0.417321 158.348007 -0.820974 -4.490061 0.000000 0.000000 10.223508
26500 266 164.095886 0.000000 1000.000000 3.100880 161.297470 -0.302467 0.000000 0.000000 0.000000 9.261097
26600 267 171.412109 0.000000 1000.000000 0.646096 170.834686 -0.068681 0.000000 0.000000 0.000000 9.427584
26700 268 150.648468 0.000000 1000.000000 0.494334 150.443283 -0.289149 0.000000 0.000000 0.000000 6.963930
26800 269 141.692902 0.000000 1000.000000 2.533862 140.041016 -0.881967 0.000000 0.000000 0.000000 7.436765
26900 270 171.398087 0.000000 1000.000000 0.606901 170.867416 -0.076231 0.000000 0.000000 0.000000 8.323973
27000 271 156.625488 0.000000 1000.000000 0.487645 156.471512 -0.333671 0.000000 0.000000 0.000000 6.237003
27100 272 152.824356 0.000000 1000.000000 0.307488 152.516861 0.000000 0.000000 0.000000 0.000000 8.798583
27200 273 159.061172 0.000000 1000.000000 0.775615 159.279449 -0.993896 0.000000 0.000000 0.000000 7.004930
27300 274 164.555328 0.000000 1000.000000 0.422957 164.132370 0.000000 0.000000 0.000000 0.000000 9.232303
27400 275 166.159851 0.000000 1000.000000 0.306294 165.853561 0.000000 0.000000 0.000000 0.000000 9.909605
27500 276 161.635757 0.000000 1000.000000 0.614015 161.680679 -0.658930 0.000000 0.000000 0.000000 7.382914
27600 277 187.877289 0.000000 1000.000000 1.499791 187.413193 -1.035697 0.000000 0.000000 0.000000 7.271646
27700 278 182.310349 0.000000 1000.000000 1.138557 181.171799 0.000000 0.000000 0.000000 0.000000 8.363455
27800 279 160.774612 0.000000 1000.000000 0.998340 159.895309 -0.119030 0.000000 0.000000 0.000000 10.136631
27900 280 186.641800 0.000000 1000.000000 0.589086 186.238602 -0.185877 0.000000 0.000000 0.000000 9.689281
28000 281 176.455688 0.000000 1000.000000 1.387530 175.334763 -0.266599 0.000000 0.000000 0.000000 8.065434
28100 282 186.701920 0.000000 1000.000000 0.819409 186.089554 -0.207043 0.000000 0.000000 0.000000 9.751629
28200 283 174.037842 0.000000 1000.000000 1.667327 172.370514 0.000000 0.000000 0.000000 0.000000 9.668059
28300 284 166.002884 0.000000 1000.000000 1.411761 165.452347 -0.861228 0.000000 0.000000 0.000000 8.868631
28400 285 155.842102 0.000000 1000.000000 0.338026 155.504074 0.000000 0.000000 0.000000 0.000000 9.399933
28500 286 156.322266 0.000000 1000.000000 0.663893 159.885818 -0.824842 -3.402608 0.000000 0.000000 8.379468
28600 287 164.114105 0.000000 1000.000000 0.587661 164.286255 -0.759808 0.000000 0.000000 0.000000 8.327972
28700 288 171.484070 0.000000 1000.000000 1.454082 170.074219 -0.044238 0.000000 0.000000 0.000000 7.297820
28800 289 159.597458 0.000000 1000.000000 0.567747 160.481979 -1.452268 0.000000 0.000000 0.000000 8.498907
28900 290 176.791473 0.000000 1000.000000 0.918996 176.039902 -0.167423 0.000000 0.000000 0.000000 7.418104
29000 291 172.684937 0.000000 1000.000000 0.570819 176.627975 -1.927940 -2.585907 0.000000 0.000000 5.923244
29100 292 160.888611 0.000000 1000.000000 2.698208 159.092255 -0.901857 0.000000 0.000000 0.000000 6.950498
29200 293 178.868271 0.000000 1000.000000 0.383514 180.047516 -1.562762 0.000000 0.000000 0.000000 6.352057
29300 294 162.840164 0.000000 1000.000000 0.282610 162.557556 0.000000 0.000000 0.000000 0.000000 8.907386
29400 295 160.316330 0.000000 1000.000000 0.795023 160.270950 -0.749653 0.000000 0.000000 0.000000 8.794209
29500 296 170.325699 0.000000 1000.000000 1.095805 170.651581 -1.421685 0.000000 0.000000 0.000000 8.175551
29600 297 164.248779 0.000000 1000.000000 0.723040 164.144897 -0.619153 0.000000 0.000000 0.000000 7.978517
29700 298 174.160660 0.000000 1000.000000 0.199171 174.713959 -0.752468 0.000000 0.000000 0.000000 8.287874
29800 299 172.616730 0.000000 1000.000000 0.453604 172.972809 -0.809670 0.000000 0.000000 0.000000 11.195437
29900 300 150.634369 0.000000 1000.000000 0.358025 151.291672 -1.015332 0.000000 0.000000 0.000000 8.526724
30000 301 183.607254 0.000000 1000.000000 0.361042 183.308578 -0.062358 0.000000 0.000000 0.000000 8.275631
30100 302 159.708694 0.000000 1000.000000 0.093569 159.766769 -0.151642 0.000000 0.000000 0.000000 7.847336
30200 303 157.234543 0.000000 1000.000000 1.678081 152.248718 -2.191014 5.498743 0.000000 0.000000 7.510609
30300 304 168.937424 0.000000 1000.000000 0.270563 169.166748 -0.499891 0.000000 0.000000 0.000000 9.954619
30400 305 184.746078 0.000000 1000.000000 0.275544 184.509155 -0.038618 0.000000 0.000000 0.000000 9.498179
30500 306 149.264969 0.000000 1000.000000 0.309665 155.992798 -2.272919 -4.764568 0.000000 0.000000 9.762053
30600 307 169.038330 0.000000 1000.000000 0.596907 166.180054 -1.334881 3.596259 0.000000 0.000000 8.287201
30700 308 157.850311 0.000000 1000.000000 0.085000 158.352631 -0.587320 0.000000 0.000000 0.000000 9.313876
30800 309 204.327438 0.000000 1000.000000 1.379472 168.548096 -1.557263 35.957134 0.000000 0.000000 8.886240
30900 310 236.810730 0.000000 1000.000000 1.531729 164.056335 -1.394472 72.617149 0.000000 0.000000 10.562276
31000 311 161.300934 0.000000 1000.000000 1.019583 160.412369 -0.131013 0.000000 0.000000 0.000000 10.670200
31100 312 165.637222 0.000000 1000.000000 2.012823 165.041183 -1.416782 0.000000 0.000000 0.000000 9.239689
31200 313 159.419983 0.000000 1000.000000 0.978640 158.900192 -0.458852 0.000000 0.000000 0.000000 9.708353
31300 314 168.815079 0.000000 1000.000000 0.891405 168.971527 -1.047852 0.000000 0.000000 0.000000 10.829193
31400 315 153.888229 0.000000 1000.000000 2.394540 152.747604 -1.253923 0.000000 0.000000 0.000000 9.907751
31500 316 172.638229 0.000000 1000.000000 0.355424 172.282806 0.000000 0.000000 0.000000 0.000000 10.400841
31600 317 146.931732 0.000000 1000.000000 0.213796 146.717941 0.000000 0.000000 0.000000 0.000000 9.584447
31700 318 175.501343 0.000000 1000.000000 0.552981 174.948364 0.000000 0.000000 0.000000 0.000000 8.348063
31800 319 158.952957 0.000000 1000.000000 0.219965 160.100220 -1.367240 0.000000 0.000000 0.000000 8.749721
31900 320 183.433487 0.000000 1000.000000 1.747034 181.802750 -0.116304 0.000000 0.000000 0.000000 7.406529
32000 321 167.327316 0.000000 1000.000000 1.106682 168.123825 -1.903195 0.000000 0.000000 0.000000 8.476626
32100 322 200.134308 0.000000 1000.000000 1.121200 199.121628 -0.108517 0.000000 0.000000 0.000000 8.369278
32200 323 180.101730 0.000000 1000.000000 0.707060 180.753860 -1.359192 0.000000 0.000000 0.000000 7.270140
32300 324 190.712036 0.000000 1000.000000 1.723196 188.988846 0.000000 0.000000 0.000000 0.000000 7.461586
32400 325 171.737427 0.000000 1000.000000 1.915087 172.074371 -1.889158 -0.362872 0.000000 0.000000 7.336898
32500 326 186.042664 0.000000 1000.000000 0.530954 185.666138 -0.154430 0.000000 0.000000 0.000000 8.102390
32600 327 165.278717 0.000000 1000.000000 0.759058 164.519653 0.000000 0.000000 0.000000 0.000000 8.048901
32700 328 172.036896 0.000000 1000.000000 1.451092 170.637146 -0.051341 0.000000 0.000000 0.000000 8.197132
32800 329 161.201385 0.000000 1000.000000 0.326174 160.875214 0.000000 0.000000 0.000000 0.000000 8.359286
32900 330 148.159760 0.000000 1000.000000 0.535501 149.497116 -1.872863 0.000000 0.000000 0.000000 7.529624
33000 331 152.767166 0.000000 1000.000000 0.911947 154.515915 -2.660691 0.000000 0.000000 0.000000 9.303817
33100 332 160.930038 0.000000 1000.000000 0.735808 162.422852 -2.228626 0.000000 0.000000 0.000000 7.101738
33200 333 145.945084 0.000000 1000.000000 0.492934 151.400406 -2.919106 -3.029142 0.000000 0.000000 7.286737
33300 334 149.213547 0.000000 1000.000000 0.962800 148.250748 0.000000 0.000000 0.000000 0.000000 9.523402
33400 335 144.197433 0.000000 1000.000000 0.799267 144.946381 -1.548214 0.000000 0.000000 0.000000 8.399558
33500 336 187.206131 0.000000 1000.000000 0.727165 187.045731 -0.566755 0.000000 0.000000 0.000000 7.357644
33600 337 143.427567 0.000000 1000.000000 0.606127 143.880661 -1.059222 0.000000 0.000000 0.000000 6.925899
33700 338 151.914642 0.000000 1000.000000 0.667138 151.247498 0.000000 0.000000 0.000000 0.000000 7.201571
33800 339 158.061127 0.000000 1000.000000 0.492831 157.601654 -0.033361 0.000000 0.000000 0.000000 8.396836
33900 340 141.077408 0.000000 1000.000000 1.253073 140.692566 -0.868227 0.000000 0.000000 0.000000 8.233005
34000 341 173.042191 0.000000 1000.000000 0.648590 173.588974 -1.195372 0.000000 0.000000 0.000000 5.625672
34100 342 139.833221 0.000000 1000.000000 0.159696 139.699310 -0.025781 0.000000 0.000000 0.000000 8.823589
34200 343 170.532928 0.000000 1000.000000 1.112487 170.457779 -1.037343 0.000000 0.000000 0.000000 7.607122
34300 344 158.374802 0.000000 1000.000000 0.634901 158.768021 -1.028121 0.000000 0.000000 0.000000 6.968799
34400 345 156.140915 0.000000 1000.000000 0.594089 155.546829 0.000000 0.000000 0.000000 0.000000 7.937823
34500 346 156.729065 0.000000 1000.000000 0.786819 157.165878 -1.223640 0.000000 0.000000 0.000000 7.509244
34600 347 156.343430 0.000000 1000.000000 0.847269 157.622894 -2.126745 0.000000 0.000000 0.000000 9.346924
34700 348 166.207947 0.000000 1000.000000 0.372058 167.001831 -1.165939 0.000000 0.000000 0.000000 8.755795
34800 349 143.850342 0.000000 1000.000000 0.787441 143.539841 -0.476938 0.000000 0.000000 0.000000 7.493351
34900 350 135.992767 0.000000 1000.000000 1.106541 134.926987 -0.040761 0.000000 0.000000 0.000000 8.598454
35000 351 147.529663 0.000000 1000.000000 0.693362 146.836304 0.000000 0.000000 0.000000 0.000000 9.007939
35100 352 144.246033 0.000000 1000.000000 0.541893 143.704132 0.000000 0.000000 0.000000 0.000000 8.711155
35200 353 130.421280 0.000000 1000.000000 0.615240 129.806046 0.000000 0.000000 0.000000 0.000000 9.622822
35300 354 136.480927 0.000000 1000.000000 1.143742 136.643570 -1.306384 0.000000 0.000000 0.000000 7.801120
35400 355 145.251801 0.000000 1000.000000 1.643354 144.167618 -0.559180 0.000000 0.000000 0.000000 8.867165
35500 356 124.478065 0.000000 1000.000000 0.970433 125.405891 -1.898264 0.000000 0.000000 0.000000 8.667232
35600 357 129.585266 0.000000 1000.000000 2.161954 128.452957 -1.029649 0.000000 0.000000 0.000000 8.855475
35700 358 152.251450 0.000000 1000.000000 0.522484 151.728958 0.000000 0.000000 0.000000 0.000000 9.150028
35800 359 147.803513 0.000000 1000.000000 0.377984 149.114212 -1.688683 0.000000 0.000000 0.000000 9.795312
35900 360 186.978897 0.000000 1000.000000 2.345101 142.232422 -2.009385 44.410755 0.000000 0.000000 7.611783
36000 361 143.631973 0.000000 1000.000000 0.509017 143.639603 -0.516655 0.000000 0.000000 0.000000 8.368554
36100 362 142.989792 0.000000 1000.000000 1.461105 141.528687 0.000000 0.000000 0.000000 0.000000 9.772180
36200 363 150.240448 0.000000 1000.000000 1.003988 149.861679 -0.625207 0.000000 0.000000 0.000000 10.086692
36300 364 135.166840 0.000000 1000.000000 1.629701 134.052032 -0.514896 0.000000 0.000000 0.000000 8.993092
36400 365 121.748398 0.000000 1000.000000 0.281406 121.514549 -0.047558 0.000000 0.000000 0.000000 10.664771
36500 366 142.500641 0.000000 1000.000000 0.764505 141.736130 0.000000 0.000000 0.000000 0.000000 11.252776
36600 367 162.759827 0.000000 1000.000000 1.193549 161.566284 0.000000 0.000000 0.000000 0.000000 9.136816
36700 368 219.275818 0.000000 1000.000000 1.247258 137.795883 -2.472310 82.704994 0.000000 0.000000 9.666121
36800 369 152.230499 0.000000 1000.000000 1.939287 150.592911 -0.301689 0.000000 0.000000 0.000000 7.830243
36900 370 131.426575 0.000000 1000.000000 1.447104 130.998856 -1.019382 0.000000 0.000000 0.000000 8.767612
37000 371 140.496826 0.000000 1000.000000 0.457278 140.039551 0.000000 0.000000 0.000000 0.000000 10.400104
37100 372 152.373917 0.000000 1000.000000 1.042501 151.331421 0.000000 0.000000 0.000000 0.000000 10.695653
37200 373 120.307663 0.000000 1000.000000 0.340975 120.344582 -0.377890 0.000000 0.000000 0.000000 8.749073
37300 374 154.318787 0.000000 1000.000000 0.539674 153.779114 0.000000 0.000000 0.000000 0.000000 9.068738
37400 375 140.779648 0.000000 1000.000000 1.097513 140.935593 -1.253464 0.000000 0.000000 0.000000 9.215807
37500 376 154.901215 0.000000 1000.000000 2.513849 152.944733 -0.557371 0.000000 0.000000 0.000000 9.830279
37600 377 133.459259 0.000000 1000.000000 0.974205 134.211548 -1.726495 0.000000 0.000000 0.000000 7.640522
37700 378 165.118988 0.000000 1000.000000 1.002646 165.568375 -1.452021 0.000000 0.000000 0.000000 7.492589
37800 379 156.083969 0.000000 1000.000000 1.305312 156.047333 -1.268670 0.000000 0.000000 0.000000 8.217472
37900 380 136.599350 0.000000 1000.000000 0.260579 136.338776 0.000000 0.000000 0.000000 0.000000 7.331222
38000 381 138.908859 0.000000 1000.000000 0.590472 138.549026 -0.230631 0.000000 0.000000 0.000000 9.214151
38100 382 150.755630 0.000000 1000.000000 0.289397 151.300812 -0.834583 0.000000 0.000000 0.000000 9.172070
38200 383 144.932236 0.000000 1000.000000 0.213160 145.003967 -0.284901 0.000000 0.000000 0.000000 7.240540
38300 384 151.589539 0.000000 1000.000000 1.496274 150.132721 -0.039454 0.000000 0.000000 0.000000 6.290730
38400 385 154.182953 0.000000 1000.000000 0.924039 154.054321 -0.795415 0.000000 0.000000 0.000000 6.488707
38500 386 132.678314 0.000000 1000.000000 0.567254 134.666061 -2.555011 0.000000 0.000000 0.000000 6.722903
38600 387 154.087433 0.000000 1000.000000 0.683958 154.411957 -1.008478 0.000000 0.000000 0.000000 8.436850
38700 388 155.259811 0.000000 1000.000000 0.964633 154.811310 -0.516136 0.000000 0.000000 0.000000 7.840996
38800 389 141.472000 0.000000 1000.000000 1.099913 141.474335 -1.102244 0.000000 0.000000 0.000000 6.700033
38900 390 142.089020 0.000000 1000.000000 0.328979 142.998123 -1.238089 0.000000 0.000000 0.000000 8.480721
39000 391 143.966339 0.000000 1000.000000 0.341147 144.031937 -0.406739 0.000000 0.000000 0.000000 8.192895
39100 392 148.054932 0.000000 1000.000000 0.437201 148.117844 -0.500110 0.000000 0.000000 0.000000 7.473923
39200 393 149.886307 0.000000 1000.000000 0.644565 149.241745 0.000000 0.000000 0.000000 0.000000 8.255614
39300 394 140.891937 0.000000 1000.000000 1.003048 140.882797 -0.993915 0.000000 0.000000 0.000000 8.174659
39400 395 135.774261 0.000000 1000.000000 0.359537 136.731583 -1.316860 0.000000 0.000000 0.000000 7.721362
39500 396 153.638809 0.000000 1000.000000 1.371270 152.267532 0.000000 0.000000 0.000000 0.000000 7.297468
39600 397 142.734802 0.000000 1000.000000 0.797335 141.937469 0.000000 0.000000 0.000000 0.000000 8.499480
39700 398 147.279297 0.000000 1000.000000 0.644958 146.634338 0.000000 0.000000 0.000000 0.000000 8.095438
39800 399 144.828140 0.000000 1000.000000 2.904435 142.040588 -0.116877 0.000000 0.000000 0.000000 9.548778
39900 400 138.470856 0.000000 1000.000000 0.913830 137.909500 -0.352484 0.000000 0.000000 0.000000 10.236643
40000 401 153.168991 0.000000 1000.000000 0.378769 152.790222 0.000000 0.000000 0.000000 0.000000 11.114074
40100 402 170.001373 0.000000 1000.000000 0.570316 164.384308 -1.788854 6.835606 0.000000 0.000000 8.255231
40200 403 167.122208 0.000000 1000.000000 0.867646 168.136169 -1.881613 0.000000 0.000000 0.000000 8.095301
40300 404 168.794205 0.000000 1000.000000 0.327080 168.467117 0.000000 0.000000 0.000000 0.000000 9.017418
40400 405 137.345352 0.000000 1000.000000 0.623395 137.110626 -0.388668 0.000000 0.000000 0.000000 9.027994
40500 406 150.282791 0.000000 1000.000000 0.504123 150.751617 -0.972942 0.000000 0.000000 0.000000 9.761786
40600 407 163.545761 0.000000 1000.000000 2.625385 160.920380 0.000000 0.000000 0.000000 0.000000 7.546491
40700 408 136.324554 0.000000 1000.000000 0.996084 135.718643 -0.390170 0.000000 0.000000 0.000000 7.629735
40800 409 141.401642 0.000000 1000.000000 1.474488 143.509674 -2.268461 -1.314054 0.000000 0.000000 11.321612
40900 410 149.778885 0.000000 1000.000000 0.960119 148.854385 -0.035615 0.000000 0.000000 0.000000 7.344235
41000 411 151.578827 0.000000 1000.000000 4.108053 147.470779 0.000000 0.000000 0.000000 0.000000 9.117662
41100 412 158.566025 0.000000 1000.000000 2.016359 157.550705 -1.001031 0.000000 0.000000 0.000000 8.535583
41200 413 137.809509 0.000000 1000.000000 0.374814 138.502518 -1.067827 0.000000 0.000000 0.000000 7.652894
41300 414 140.568878 0.000000 1000.000000 1.283290 139.285583 0.000000 0.000000 0.000000 0.000000 8.233846
41400 415 162.194061 0.000000 1000.000000 0.474841 161.719223 0.000000 0.000000 0.000000 0.000000 7.964980
41500 416 155.685394 0.000000 1000.000000 1.347722 154.829910 -0.492239 0.000000 0.000000 0.000000 9.077471
41600 417 145.491348 0.000000 1000.000000 1.643071 143.990356 -0.142079 0.000000 0.000000 0.000000 9.403618
41700 418 146.157852 0.000000 1000.000000 1.776548 144.381302 0.000000 0.000000 0.000000 0.000000 7.635275
41800 419 140.139206 0.000000 1000.000000 0.519334 139.619873 0.000000 0.000000 0.000000 0.000000 9.772823
41900 420 146.260208 0.000000 1000.000000 0.346094 145.914108 0.000000 0.000000 0.000000 0.000000 11.270601
42000 421 151.445663 0.000000 1000.000000 1.017494 150.779968 -0.351797 0.000000 0.000000 0.000000 11.617695
42100 422 155.748871 0.000000 1000.000000 0.791329 154.957535 0.000000 0.000000 0.000000 0.000000 9.142894
42200 423 139.728058 0.000000 1000.000000 0.366409 139.821365 -0.459715 0.000000 0.000000 0.000000 10.904160
42300 424 163.268509 0.000000 1000.000000 0.376363 162.892151 0.000000 0.000000 0.000000 0.000000 9.026565
42400 425 137.888885 0.000000 1000.000000 1.248358 136.640533 0.000000 0.000000 0.000000 0.000000 8.970576
42500 426 143.788422 0.000000 1000.000000 0.717793 143.070633 0.000000 0.000000 0.000000 0.000000 8.805353
42600 427 131.833588 0.000000 1000.000000 0.387888 132.173248 -0.727548 0.000000 0.000000 0.000000 10.165339
42700 428 144.024048 0.000000 1000.000000 0.880392 143.728012 -0.584357 0.000000 0.000000 0.000000 9.547194
42800 429 144.786118 0.000000 1000.000000 0.763511 144.423737 -0.401117 0.000000 0.000000 0.000000 10.365533
42900 430 134.037598 0.000000 1000.000000 0.989730 133.047867 0.000000 0.000000 0.000000 0.000000 8.568908
43000 431 140.092545 0.000000 1000.000000 0.748332 140.026825 -0.682620 0.000000 0.000000 0.000000 9.782419
43100 432 145.825562 0.000000 1000.000000 0.351567 146.004181 -0.530189 0.000000 0.000000 0.000000 8.304838
43200 433 150.264908 0.000000 1000.000000 1.415616 148.849289 0.000000 0.000000 0.000000 0.000000 5.901223
43300 434 142.340332 0.000000 1000.000000 0.285549 143.571503 -1.516727 0.000000 0.000000 0.000000 5.954150
43400 435 136.512131 0.000000 1000.000000 1.879557 135.161743 -0.529172 0.000000 0.000000 0.000000 7.024587
43500 436 142.873230 0.000000 1000.000000 1.909775 140.963455 0.000000 0.000000 0.000000 0.000000 6.880760
43600 437 127.556686 0.000000 1000.000000 0.457380 127.664925 -0.565615 0.000000 0.000000 0.000000 8.821096
43700 438 142.756714 0.000000 1000.000000 0.315107 143.135849 -0.694239 0.000000 0.000000 0.000000 7.985785
43800 439 161.156006 0.000000 1000.000000 0.697570 164.678299 -2.793185 -1.426683 0.000000 0.000000 7.303989
43900 440 138.005157 0.000000 1000.000000 1.118450 139.183075 -2.296377 0.000000 0.000000 0.000000 7.852869
44000 441 143.136368 0.000000 1000.000000 1.114640 142.021729 0.000000 0.000000 0.000000 0.000000 7.949857
44100 442 138.760696 0.000000 1000.000000 0.578812 138.181885 0.000000 0.000000 0.000000 0.000000 7.975524
44200 443 154.279633 0.000000 1000.000000 0.918769 153.360870 0.000000 0.000000 0.000000 0.000000 7.750002
44300 444 149.787430 0.000000 1000.000000 0.617150 150.634781 -1.464503 0.000000 0.000000 0.000000 7.908414
44400 445 146.506226 0.000000 1000.000000 0.407474 147.792221 -1.693468 0.000000 0.000000 0.000000 7.632589
44500 446 129.383484 0.000000 1000.000000 1.191658 129.970932 -1.779121 0.000000 0.000000 0.000000 8.023726
44600 447 158.401489 0.000000 1000.000000 0.583673 159.352478 -1.534672 0.000000 0.000000 0.000000 8.071027
44700 448 140.563965 0.000000 1000.000000 1.519255 140.857483 -1.812768 0.000000 0.000000 0.000000 8.359975
44800 449 152.304352 0.000000 1000.000000 0.203960 154.247650 -2.147260 0.000000 0.000000 0.000000 6.878733
44900 450 143.414444 0.000000 1000.000000 1.069645 142.344803 0.000000 0.000000 0.000000 0.000000 6.110262
45000 451 137.213470 0.000000 1000.000000 1.008267 138.142166 -1.936965 0.000000 0.000000 0.000000 7.221982
45100 452 145.670074 0.000000 1000.000000 0.781772 144.888306 0.000000 0.000000 0.000000 0.000000 6.070142
45200 453 150.047379 0.000000 1000.000000 0.592803 150.360916 -0.906334 0.000000 0.000000 0.000000 6.904823
45300 454 152.012131 0.000000 1000.000000 0.500401 152.554810 -1.043077 0.000000 0.000000 0.000000 8.408733
45400 455 161.409470 0.000000 1000.000000 0.440098 160.969376 0.000000 0.000000 0.000000 0.000000 7.130099
45500 456 151.599899 0.000000 1000.000000 0.452335 151.453949 -0.306382 0.000000 0.000000 0.000000 11.321591
45600 457 152.696732 0.000000 1000.000000 0.222664 152.939606 -0.465543 0.000000 0.000000 0.000000 8.065229
45700 458 150.652237 0.000000 1000.000000 0.803036 150.265121 -0.415917 0.000000 0.000000 0.000000 11.225456
45800 459 153.667282 0.000000 1000.000000 0.645960 153.021317 0.000000 0.000000 0.000000 0.000000 10.050154
45900 460 139.184418 0.000000 1000.000000 0.412634 138.771790 0.000000 0.000000 0.000000 0.000000 9.494720
46000 461 156.261353 0.000000 1000.000000 0.566787 156.492905 -0.798347 0.000000 0.000000 0.000000 10.031914
46100 462 138.672806 0.000000 1000.000000 0.831092 138.797318 -0.955590 0.000000 0.000000 0.000000 10.783461
46200 463 144.955597 0.000000 1000.000000 0.590067 144.365524 0.000000 0.000000 0.000000 0.000000 9.094898
46300 464 162.750153 0.000000 1000.000000 0.653556 162.096603 0.000000 0.000000 0.000000 0.000000 8.061404
46400 465 157.489166 0.000000 1000.000000 0.281354 158.959106 -1.751289 0.000000 0.000000 0.000000 8.425472
46500 466 151.997574 0.000000 1000.000000 0.573126 152.352142 -0.927681 0.000000 0.000000 0.000000 7.701145
46600 467 148.539948 0.000000 1000.000000 0.959454 147.827591 -0.247095 0.000000 0.000000 0.000000 9.008215
46700 468 137.509552 0.000000 1000.000000 0.420506 137.634857 -0.545804 0.000000 0.000000 0.000000 9.238829
46800 469 133.135315 0.000000 1000.000000 1.929502 131.375259 -0.169443 0.000000 0.000000 0.000000 8.000684
46900 470 146.083420 0.000000 1000.000000 1.585579 147.790039 -2.470744 -0.821438 0.000000 0.000000 7.533605
47000 471 148.767548 0.000000 1000.000000 1.167737 147.926071 -0.326264 0.000000 0.000000 0.000000 8.779125
47100 472 150.533630 0.000000 1000.000000 0.370511 150.163116 0.000000 0.000000 0.000000 0.000000 8.943216
47200 473 144.648941 0.000000 1000.000000 1.956096 144.724472 -2.031634 0.000000 0.000000 0.000000 7.188047
47300 474 131.628845 0.000000 1000.000000 0.571068 132.191574 -1.133804 0.000000 0.000000 0.000000 6.988959
47400 475 140.504349 0.000000 1000.000000 0.690287 140.563889 -0.749831 0.000000 0.000000 0.000000 9.226545
47500 476 163.530334 0.000000 1000.000000 0.511014 163.019318 0.000000 0.000000 0.000000 0.000000 8.664088
47600 477 133.374115 0.000000 1000.000000 0.884575 132.489548 0.000000 0.000000 0.000000 0.000000 7.469443
47700 478 143.945190 0.000000 1000.000000 0.357159 144.616119 -1.028092 0.000000 0.000000 0.000000 9.922411
47800 479 142.087677 0.000000 1000.000000 0.423431 143.749725 -2.085474 0.000000 0.000000 0.000000 9.672667
47900 480 126.227524 0.000000 1000.000000 0.465066 127.254555 -1.492099 0.000000 0.000000 0.000000 7.560848
48000 481 128.208984 0.000000 1000.000000 1.798017 127.711334 -1.300372 0.000000 0.000000 0.000000 8.081814
48100 482 135.449692 0.000000 1000.000000 0.863791 134.585907 0.000000 0.000000 0.000000 0.000000 9.237312
48200 483 119.888153 0.000000 1000.000000 0.188033 121.323395 -1.623274 0.000000 0.000000 0.000000 11.008751
48300 484 143.476944 0.000000 1000.000000 0.988724 142.800659 -0.312441 0.000000 0.000000 0.000000 8.776534
48400 485 129.971085 0.000000 1000.000000 0.157059 129.814026 0.000000 0.000000 0.000000 0.000000 9.693108
48500 486 146.525742 0.000000 1000.000000 1.405852 145.119888 0.000000 0.000000 0.000000 0.000000 11.124651
48600 487 129.823227 0.000000 1000.000000 0.848921 128.974304 0.000000 0.000000 0.000000 0.000000 10.782150
48700 488 134.082291 0.000000 1000.000000 0.401028 133.681259 0.000000 0.000000 0.000000 0.000000 9.501619
48800 489 126.886353 0.000000 1000.000000 0.510251 126.376099 0.000000 0.000000 0.000000 0.000000 9.786862
48900 490 141.955215 0.000000 1000.000000 0.680401 141.305206 -0.030399 0.000000 0.000000 0.000000 8.285336
49000 491 135.677689 0.000000 1000.000000 0.386871 136.527573 -1.236752 0.000000 0.000000 0.000000 9.305691
49100 492 154.369003 0.000000 1000.000000 0.915164 153.453842 0.000000 0.000000 0.000000 0.000000 7.221527
49200 493 132.726944 0.000000 1000.000000 0.716263 132.035522 -0.024845 0.000000 0.000000 0.000000 7.394109
49300 494 133.666000 0.000000 1000.000000 0.500104 135.762085 -2.596187 0.000000 0.000000 0.000000 6.929944
49400 495 143.755203 0.000000 1000.000000 1.104099 143.024521 -0.373414 0.000000 0.000000 0.000000 7.100833
49500 496 150.559052 0.000000 1000.000000 2.174612 149.264908 -0.880465 0.000000 0.000000 0.000000 8.578673
49600 497 141.111099 0.000000 1000.000000 0.743273 142.390289 -2.022466 0.000000 0.000000 0.000000 8.629667
49700 498 157.931732 0.000000 1000.000000 0.634561 160.992783 -3.695613 0.000000 0.000000 0.000000 6.749491
49800 499 140.137024 0.000000 1000.000000 0.863368 139.296478 -0.022827 0.000000 0.000000 0.000000 7.622557
49900 500 139.444656 0.000000 1000.000000 0.754278 140.851974 -2.161597 0.000000 0.000000 0.000000 9.045732
50000 501 141.548538 0.000000 1000.000000 0.995285 140.578751 -0.025492 0.000000 0.000000 0.000000 9.534607
