0.100000 0.296663 1.000000
0.200000 0.296695 0.999608
0.300000 0.296729 0.999215
0.400000 0.296763 0.998822
0.500000 0.296800 0.998427
0.600000 0.296837 0.998032
0.700000 0.296874 0.997637
0.800000 0.296915 0.997241
0.900000 0.296956 0.996844
1.000000 0.296998 0.996446
1.100000 0.297043 0.996048
1.200000 0.297088 0.995650
1.300000 0.297132 0.995250
1.400000 0.297180 0.994850
1.500000 0.297229 0.994449
1.600000 0.297279 0.994047
1.700000 0.297331 0.993645
1.800000 0.297383 0.993242
1.900000 0.297438 0.992839
2.000000 0.297493 0.992434
2.100000 0.297550 0.992029
2.200000 0.297609 0.991624
2.300000 0.297669 0.991218
2.400000 0.297729 0.990811
2.500000 0.297792 0.990403
2.600000 0.297856 0.989995
2.700000 0.297921 0.989586
2.800000 0.297987 0.989176
2.900000 0.298055 0.988766
3.000000 0.298125 0.988355
3.100000 0.298196 0.987944
3.200000 0.298268 0.987532
3.300000 0.298342 0.987119
3.400000 0.298417 0.986705
3.500000 0.298493 0.986290
3.600000 0.298570 0.985876
3.700000 0.298651 0.985460
3.800000 0.298731 0.985043
3.900000 0.298814 0.984626
4.000000 0.298897 0.984209
4.100000 0.298982 0.983790
4.200000 0.299068 0.983371
4.300000 0.299156 0.982951
4.400000 0.299247 0.982531
4.500000 0.299337 0.982109
4.600000 0.299429 0.981688
4.700000 0.299523 0.981265
4.800000 0.299618 0.980842
4.900000 0.299714 0.980418
5.000000 0.299813 0.979993
5.100000 0.299913 0.979568
5.200000 0.300016 0.979142
5.300000 0.300118 0.978715
5.400000 0.300222 0.978288
5.500000 0.300328 0.977860
5.600000 0.300435 0.977431
5.700000 0.300544 0.977002
5.800000 0.300654 0.976572
5.900000 0.300765 0.976141
6.000000 0.300880 0.975709
6.100000 0.300993 0.975277
6.200000 0.301109 0.974844
6.300000 0.301228 0.974410
6.400000 0.301348 0.973976
6.500000 0.301468 0.973541
6.600000 0.301590 0.973106
6.700000 0.301713 0.972669
6.800000 0.301839 0.972232
6.900000 0.301966 0.971794
7.000000 0.302094 0.971356
7.100000 0.302223 0.970916
7.200000 0.302355 0.970477
7.300000 0.302487 0.970036
7.400000 0.302622 0.969594
7.500000 0.302759 0.969153
7.600000 0.302895 0.968710
7.700000 0.303035 0.968266
7.800000 0.303174 0.967822
7.900000 0.303316 0.967377
8.000000 0.303459 0.966931
8.100000 0.303603 0.966486
8.200000 0.303751 0.966038
8.300000 0.303898 0.965591
8.400000 0.304048 0.965143
8.500000 0.304199 0.964694
8.600000 0.304350 0.964244
8.700000 0.304504 0.963793
8.800000 0.304661 0.963342
8.900000 0.304816 0.962890
9.000000 0.304977 0.962438
9.100000 0.305135 0.961984
9.200000 0.305297 0.961530
9.300000 0.305459 0.961075
9.400000 0.305624 0.960620
9.500000 0.305791 0.960163
9.600000 0.305957 0.959706
9.700000 0.306126 0.959249
9.800000 0.306296 0.958790
9.900000 0.306469 0.958331
10.000000 0.306642 0.957871
10.100000 0.306816 0.957411
10.200000 0.306993 0.956950
10.300000 0.307169 0.956488
10.400000 0.307349 0.956025
10.500000 0.307529 0.955561
10.600000 0.307711 0.955097
10.700000 0.307896 0.954633
10.800000 0.308080 0.954167
10.900000 0.308266 0.953701
11.000000 0.308454 0.953234
11.100000 0.308644 0.952766
11.200000 0.308834 0.952297
11.300000 0.309027 0.951827
11.400000 0.309220 0.951358
11.500000 0.309416 0.950887
11.600000 0.309614 0.950416
11.700000 0.309811 0.949944
11.800000 0.310011 0.949471
11.900000 0.310211 0.948997
12.000000 0.310413 0.948523
12.100000 0.310618 0.948047
12.200000 0.310824 0.947572
12.300000 0.311029 0.947095
12.400000 0.311237 0.946618
12.500000 0.311447 0.946140
12.600000 0.311657 0.945661
12.700000 0.311871 0.945182
12.800000 0.312084 0.944701
12.900000 0.312298 0.944221
13.000000 0.312515 0.943739
13.100000 0.312732 0.943257
13.200000 0.312952 0.942773
13.300000 0.313172 0.942289
13.400000 0.313395 0.941805
13.500000 0.313618 0.941320
13.600000 0.313843 0.940833
13.700000 0.314069 0.940346
13.800000 0.314294 0.939859
13.900000 0.314525 0.939371
14.000000 0.314755 0.938882
14.100000 0.314986 0.938392
14.200000 0.315219 0.937901
14.300000 0.315454 0.937410
14.400000 0.315689 0.936918
14.500000 0.315926 0.936425
14.600000 0.316162 0.935932
14.700000 0.316402 0.935438
14.800000 0.316644 0.934943
14.900000 0.316885 0.934447
15.000000 0.317129 0.933951
15.100000 0.317372 0.933454
15.200000 0.317620 0.932956
15.300000 0.317866 0.932457
15.400000 0.318115 0.931958
15.500000 0.318364 0.931458
15.600000 0.318616 0.930957
15.700000 0.318868 0.930455
15.800000 0.319121 0.929953
15.900000 0.319376 0.929450
16.000000 0.319631 0.928946
16.100000 0.319888 0.928441
16.200000 0.320147 0.927936
16.300000 0.320408 0.927430
16.400000 0.320667 0.926923
16.500000 0.320930 0.926415
16.600000 0.321193 0.925907
16.700000 0.321458 0.925398
16.800000 0.321724 0.924888
16.900000 0.321988 0.924378
17.000000 0.322259 0.923867
17.100000 0.322526 0.923354
17.200000 0.322800 0.922842
17.300000 0.323071 0.922328
17.400000 0.323343 0.921814
17.500000 0.323618 0.921299
17.600000 0.323893 0.920783
17.700000 0.324170 0.920267
17.800000 0.324446 0.919750
17.900000 0.324726 0.919231
18.000000 0.325002 0.918713
18.100000 0.325286 0.918194
18.200000 0.325568 0.917674
18.300000 0.325850 0.917152
18.400000 0.326135 0.916631
18.500000 0.326420 0.916108
18.600000 0.326706 0.915585
18.700000 0.326994 0.915061
18.800000 0.327284 0.914537
18.900000 0.327571 0.914011
19.000000 0.327865 0.913485
19.100000 0.328156 0.912958
19.200000 0.328448 0.912431
19.300000 0.328742 0.911903
19.400000 0.329039 0.911373
19.500000 0.329333 0.910844
19.600000 0.329630 0.910313
19.700000 0.329928 0.909782
19.800000 0.330228 0.909250
19.900000 0.330528 0.908717
20.000000 0.330830 0.908183
20.100000 0.331131 0.907649
20.200000 0.331435 0.907115
20.300000 0.331741 0.906579
20.400000 0.332045 0.906042
20.500000 0.332350 0.905505
20.600000 0.332657 0.904967
20.700000 0.332967 0.904428
20.800000 0.333275 0.903889
20.900000 0.333584 0.903349
21.000000 0.333897 0.902808
21.100000 0.334208 0.902266
21.200000 0.334522 0.901724
21.300000 0.334835 0.901181
21.400000 0.335149 0.900637
21.500000 0.335466 0.900093
21.600000 0.335782 0.899547
21.700000 0.336101 0.899002
21.800000 0.336419 0.898455
21.900000 0.336737 0.897907
22.000000 0.337060 0.897359
22.100000 0.337382 0.896810
22.200000 0.337702 0.896261
22.300000 0.338027 0.895710
22.400000 0.338347 0.895159
22.500000 0.338673 0.894607
22.600000 0.339000 0.894055
22.700000 0.339324 0.893502
22.800000 0.339653 0.892948
22.900000 0.339982 0.892393
23.000000 0.340309 0.891838
23.100000 0.340640 0.891281
23.200000 0.340972 0.890724
23.300000 0.341301 0.890167
23.400000 0.341636 0.889608
23.500000 0.341968 0.889050
23.600000 0.342303 0.888490
23.700000 0.342638 0.887929
23.800000 0.342972 0.887368
23.900000 0.343308 0.886806
24.000000 0.343645 0.886244
24.100000 0.343985 0.885680
24.200000 0.344322 0.885116
24.300000 0.344661 0.884552
24.400000 0.345003 0.883986
24.500000 0.345344 0.883420
24.600000 0.345689 0.882853
24.700000 0.346030 0.882285
24.800000 0.346374 0.881717
24.900000 0.346716 0.881148
25.000000 0.347063 0.880578
25.100000 0.347406 0.880008
25.200000 0.347753 0.879436
25.300000 0.348101 0.878865
25.400000 0.348450 0.878292
25.500000 0.348796 0.877719
25.600000 0.349147 0.877144
25.700000 0.349496 0.876570
25.800000 0.349848 0.875995
25.900000 0.350200 0.875418
26.000000 0.350549 0.874842
26.100000 0.350905 0.874264
26.200000 0.351258 0.873686
26.300000 0.351610 0.873107
26.400000 0.351967 0.872527
26.500000 0.352324 0.871947
26.600000 0.352680 0.871366
26.700000 0.353037 0.870784
26.800000 0.353394 0.870202
26.900000 0.353752 0.869619
27.000000 0.354114 0.869035
27.100000 0.354473 0.868451
27.200000 0.354833 0.867865
27.300000 0.355193 0.867279
27.400000 0.355555 0.866693
27.500000 0.355917 0.866106
27.600000 0.356281 0.865517
27.700000 0.356644 0.864929
27.800000 0.357010 0.864340
27.900000 0.357375 0.863750
28.000000 0.357741 0.863159
28.100000 0.358108 0.862568
28.200000 0.358474 0.861975
28.300000 0.358845 0.861383
28.400000 0.359214 0.860790
28.500000 0.359584 0.860196
28.600000 0.359951 0.859601
28.700000 0.360324 0.859005
28.800000 0.360693 0.858409
28.900000 0.361065 0.857812
29.000000 0.361439 0.857215
29.100000 0.361812 0.856617
29.200000 0.362188 0.856018
29.300000 0.362560 0.855418
29.400000 0.362935 0.854818
29.500000 0.363313 0.854217
29.600000 0.363691 0.853616
29.700000 0.364066 0.853014
29.800000 0.364447 0.852411
29.900000 0.364823 0.851807
30.000000 0.365202 0.851203
30.100000 0.365584 0.850598
30.200000 0.365962 0.849992
30.300000 0.366345 0.849386
30.400000 0.366727 0.848779
30.500000 0.367109 0.848172
30.600000 0.367494 0.847564
30.700000 0.367880 0.846955
30.800000 0.368264 0.846345
30.900000 0.368648 0.845735
31.000000 0.369035 0.845124
31.100000 0.369422 0.844512
31.200000 0.369812 0.843900
31.300000 0.370197 0.843288
31.400000 0.370588 0.842674
31.500000 0.370979 0.842060
31.600000 0.371368 0.841445
31.700000 0.371759 0.840829
31.800000 0.372151 0.840213
31.900000 0.372546 0.839596
32.000000 0.372939 0.838979
32.100000 0.373331 0.838361
32.200000 0.373730 0.837742
32.300000 0.374120 0.837122
32.400000 0.374521 0.836502
32.500000 0.374917 0.835882
32.600000 0.375315 0.835260
32.700000 0.375717 0.834638
32.800000 0.376115 0.834015
32.900000 0.376517 0.833392
33.000000 0.376919 0.832768
33.100000 0.377319 0.832143
33.200000 0.377723 0.831518
33.300000 0.378127 0.830891
33.400000 0.378535 0.830265
33.500000 0.378936 0.829637
33.600000 0.379343 0.829010
33.700000 0.379754 0.828381
33.800000 0.380160 0.827752
33.900000 0.380570 0.827121
34.000000 0.380978 0.826491
34.100000 0.381390 0.825859
34.200000 0.381807 0.825227
34.300000 0.382219 0.824595
34.400000 0.382635 0.823962
34.500000 0.383049 0.823328
34.600000 0.383465 0.822694
34.700000 0.383881 0.822058
34.800000 0.384297 0.821422
34.900000 0.384718 0.820786
35.000000 0.385135 0.820149
35.100000 0.385562 0.819510
35.200000 0.385982 0.818872
35.300000 0.386399 0.818233
35.400000 0.386829 0.817593
35.500000 0.387254 0.816953
35.600000 0.387680 0.816311
35.700000 0.388107 0.815669
35.800000 0.388532 0.815027
35.900000 0.388964 0.814384
36.000000 0.389397 0.813740
36.100000 0.389830 0.813096
36.200000 0.390261 0.812451
36.300000 0.390699 0.811805
36.400000 0.391132 0.811158
36.500000 0.391571 0.810511
36.600000 0.392009 0.809863
36.700000 0.392449 0.809215
36.800000 0.392891 0.808565
36.900000 0.393333 0.807916
37.000000 0.393777 0.807265
37.100000 0.394221 0.806614
37.200000 0.394668 0.805962
37.300000 0.395116 0.805309
37.400000 0.395564 0.804656
37.500000 0.396019 0.804002
37.600000 0.396467 0.803348
37.700000 0.396923 0.802693
37.800000 0.397378 0.802037
37.900000 0.397838 0.801380
38.000000 0.398293 0.800723
38.100000 0.398752 0.800065
38.200000 0.399218 0.799406
38.300000 0.399681 0.798747
38.400000 0.400146 0.798087
38.500000 0.400610 0.797425
38.600000 0.401078 0.796764
38.700000 0.401547 0.796102
38.800000 0.402021 0.795439
38.900000 0.402493 0.794775
39.000000 0.402967 0.794111
39.100000 0.403447 0.793446
39.200000 0.403930 0.792780
39.300000 0.404401 0.792114
39.400000 0.404887 0.791446
39.500000 0.405376 0.790779
39.600000 0.405860 0.790110
39.700000 0.406350 0.789440
39.800000 0.406839 0.788770
39.900000 0.407332 0.788100
40.000000 0.407827 0.787428
40.100000 0.408322 0.786755
40.200000 0.408821 0.786082
40.300000 0.409323 0.785408
40.400000 0.409827 0.784734
40.500000 0.410330 0.784059
40.600000 0.410837 0.783382
40.700000 0.411348 0.782705
40.800000 0.411860 0.782028
40.900000 0.412370 0.781350
41.000000 0.412890 0.780670
41.100000 0.413411 0.779991
41.200000 0.413934 0.779310
41.300000 0.414456 0.778628
41.400000 0.414986 0.777946
41.500000 0.415513 0.777263
41.600000 0.416046 0.776579
41.700000 0.416576 0.775894
41.800000 0.417119 0.775209
41.900000 0.417657 0.774522
42.000000 0.418198 0.773835
42.100000 0.418746 0.773148
42.200000 0.419292 0.772459
42.300000 0.419845 0.771769
42.400000 0.420396 0.771079
42.500000 0.420951 0.770388
42.600000 0.421513 0.769696
42.700000 0.422078 0.769002
42.800000 0.422640 0.768309
42.900000 0.423214 0.767614
43.000000 0.423782 0.766919
43.100000 0.424355 0.766222
43.200000 0.424932 0.765525
43.300000 0.425514 0.764827
43.400000 0.426095 0.764128
43.500000 0.426687 0.763428
43.600000 0.427280 0.762727
43.700000 0.427871 0.762025
43.800000 0.428472 0.761323
43.900000 0.429068 0.760619
44.000000 0.429675 0.759915
44.100000 0.430282 0.759209
44.200000 0.430894 0.758503
44.300000 0.431511 0.757796
44.400000 0.432128 0.757087
44.500000 0.432751 0.756378
44.600000 0.433377 0.755668
44.700000 0.434007 0.754957
44.800000 0.434642 0.754245
44.900000 0.435276 0.753532
45.000000 0.435921 0.752818
45.100000 0.436566 0.752103
45.200000 0.437220 0.751387
45.300000 0.437869 0.750669
45.400000 0.438531 0.749951
45.500000 0.439193 0.749232
45.600000 0.439859 0.748512
45.700000 0.440526 0.747791
45.800000 0.441208 0.747068
45.900000 0.441880 0.746345
46.000000 0.442568 0.745621
46.100000 0.443257 0.744895
46.200000 0.443947 0.744168
46.300000 0.444646 0.743441
46.400000 0.445349 0.742712
46.500000 0.446056 0.741982
46.600000 0.446767 0.741251
46.700000 0.447482 0.740519
46.800000 0.448202 0.739785
46.900000 0.448929 0.739051
47.000000 0.449656 0.738315
47.100000 0.450391 0.737578
47.200000 0.451139 0.736841
47.300000 0.451880 0.736101
47.400000 0.452629 0.735361
47.500000 0.453385 0.734619
47.600000 0.454149 0.733877
47.700000 0.454916 0.733133
47.800000 0.455686 0.732387
47.900000 0.456461 0.731641
48.000000 0.457245 0.730893
48.100000 0.458033 0.730144
48.200000 0.458825 0.729393
48.300000 0.459620 0.728642
48.400000 0.460428 0.727889
48.500000 0.461241 0.727134
48.600000 0.462051 0.726379
48.700000 0.462873 0.725622
48.800000 0.463704 0.724864
48.900000 0.464536 0.724104
49.000000 0.465379 0.723343
49.100000 0.466222 0.722580
49.200000 0.467072 0.721816
49.300000 0.467928 0.721051
49.400000 0.468790 0.720284
49.500000 0.469665 0.719516
49.600000 0.470538 0.718746
49.700000 0.471420 0.717975
49.800000 0.472303 0.717203
49.900000 0.473204 0.716429
50.000000 0.474106 0.715653
50.100000 0.475015 0.714876
50.200000 0.475934 0.714098
50.300000 0.476847 0.713317
50.400000 0.477775 0.712535
50.500000 0.478715 0.711752
50.600000 0.479651 0.710968
50.700000 0.480603 0.710181
50.800000 0.481551 0.709393
50.900000 0.482518 0.708604
51.000000 0.483490 0.707812
51.100000 0.484465 0.707019
51.200000 0.485447 0.706225
51.300000 0.486435 0.705428
51.400000 0.487430 0.704630
51.500000 0.488437 0.703830
51.600000 0.489450 0.703029
51.700000 0.490474 0.702226
51.800000 0.491498 0.701421
51.900000 0.492522 0.700614
52.000000 0.493573 0.699805
52.100000 0.494622 0.698995
52.200000 0.495684 0.698183
52.300000 0.496744 0.697369
52.400000 0.497810 0.696553
52.500000 0.498894 0.695735
52.600000 0.499982 0.694916
52.700000 0.501072 0.694095
52.800000 0.502181 0.693271
52.900000 0.503292 0.692446
53.000000 0.504409 0.691618
53.100000 0.505540 0.690789
53.200000 0.506670 0.689958
53.300000 0.507814 0.689125
53.400000 0.508964 0.688289
53.500000 0.510121 0.687452
53.600000 0.511291 0.686613
53.700000 0.512468 0.685772
53.800000 0.513647 0.684928
53.900000 0.514846 0.684083
54.000000 0.516042 0.683235
54.100000 0.517251 0.682385
54.200000 0.518469 0.681533
54.300000 0.519699 0.680679
54.400000 0.520928 0.679823
54.500000 0.522176 0.678964
54.600000 0.523426 0.678103
54.700000 0.524689 0.677241
54.800000 0.525951 0.676375
54.900000 0.527231 0.675508
55.000000 0.528520 0.674638
55.100000 0.529814 0.673766
55.200000 0.531116 0.672892
55.300000 0.532427 0.672015
55.400000 0.533753 0.671136
55.500000 0.535088 0.670254
55.600000 0.536416 0.669370
55.700000 0.537768 0.668484
55.800000 0.539125 0.667596
55.900000 0.540488 0.666704
56.000000 0.541860 0.665810
56.100000 0.543253 0.664914
56.200000 0.544641 0.664016
56.300000 0.546035 0.663114
56.400000 0.547454 0.662211
56.500000 0.548869 0.661305
56.600000 0.550293 0.660396
56.700000 0.551732 0.659484
56.800000 0.553175 0.658570
56.900000 0.554637 0.657653
57.000000 0.556103 0.656734
57.100000 0.557569 0.655811
57.200000 0.559064 0.654887
57.300000 0.560553 0.653960
57.400000 0.562045 0.653029
57.500000 0.563564 0.652096
57.600000 0.565077 0.651160
57.700000 0.566611 0.650221
57.800000 0.568146 0.649280
57.900000 0.569685 0.648336
58.000000 0.571236 0.647389
58.100000 0.572808 0.646439
58.200000 0.574375 0.645487
58.300000 0.575956 0.644531
58.400000 0.577549 0.643572
58.500000 0.579144 0.642611
58.600000 0.580758 0.641646
58.700000 0.582380 0.640679
58.800000 0.584005 0.639708
58.900000 0.585634 0.638735
59.000000 0.587280 0.637758
59.100000 0.588935 0.636778
59.200000 0.590590 0.635795
59.300000 0.592264 0.634810
59.400000 0.593942 0.633821
59.500000 0.595633 0.632829
59.600000 0.597316 0.631834
59.700000 0.599022 0.630836
59.800000 0.600736 0.629834
59.900000 0.602461 0.628830
60.000000 0.604190 0.627822
60.100000 0.605937 0.626811
60.200000 0.607669 0.625797
60.300000 0.609427 0.624779
60.400000 0.611190 0.623758
60.500000 0.612963 0.622734
60.600000 0.614741 0.621707
60.700000 0.616528 0.620676
60.800000 0.618328 0.619642
60.900000 0.620124 0.618604
61.000000 0.621929 0.617564
61.100000 0.623748 0.616519
61.200000 0.625568 0.615472
61.300000 0.627402 0.614421
61.400000 0.629248 0.613366
61.500000 0.631097 0.612308
61.600000 0.632946 0.611247
61.700000 0.634802 0.610182
61.800000 0.636671 0.609113
61.900000 0.638559 0.608041
62.000000 0.640435 0.606966
62.100000 0.642322 0.605887
62.200000 0.644214 0.604804
62.300000 0.646119 0.603718
62.400000 0.648023 0.602629
62.500000 0.649937 0.601535
62.600000 0.651858 0.600438
62.700000 0.653795 0.599338
62.800000 0.655710 0.598234
62.900000 0.657668 0.597126
63.000000 0.659603 0.596015
63.100000 0.661551 0.594899
63.200000 0.663506 0.593781
63.300000 0.665464 0.592658
63.400000 0.667439 0.591532
63.500000 0.669394 0.590402
63.600000 0.671383 0.589269
63.700000 0.673352 0.588131
63.800000 0.675343 0.586990
63.900000 0.677318 0.585845
64.000000 0.679326 0.584697
64.100000 0.681319 0.583544
64.200000 0.683315 0.582388
64.300000 0.685322 0.581228
64.400000 0.687332 0.580064
64.500000 0.689344 0.578897
64.600000 0.691358 0.577726
64.700000 0.693376 0.576550
64.800000 0.695400 0.575372
64.900000 0.697411 0.574189
65.000000 0.699439 0.573002
65.100000 0.701458 0.571811
65.200000 0.703495 0.570617
65.300000 0.705528 0.569419
65.400000 0.707558 0.568217
65.500000 0.709591 0.567011
65.600000 0.711631 0.565802
65.700000 0.713661 0.564588
65.800000 0.715699 0.563371
65.900000 0.717734 0.562150
66.000000 0.719775 0.560924
66.100000 0.721815 0.559696
66.200000 0.723855 0.558463
66.300000 0.725892 0.557226
66.400000 0.727924 0.555986
66.500000 0.729972 0.554741
66.600000 0.731997 0.553493
66.700000 0.734034 0.552241
66.800000 0.736080 0.550985
66.900000 0.738106 0.549725
67.000000 0.740130 0.548461
67.100000 0.742160 0.547194
67.200000 0.744190 0.545923
67.300000 0.746211 0.544647
67.400000 0.748222 0.543369
67.500000 0.750244 0.542086
67.600000 0.752248 0.540799
67.700000 0.754258 0.539509
67.800000 0.756276 0.538215
67.900000 0.758265 0.536917
68.000000 0.760255 0.535615
68.100000 0.762245 0.534309
68.200000 0.764235 0.533000
68.300000 0.766222 0.531687
68.400000 0.768199 0.530370
68.500000 0.770161 0.529049
68.600000 0.772125 0.527725
68.700000 0.774089 0.526397
68.800000 0.776038 0.525066
68.900000 0.777985 0.523731
69.000000 0.779906 0.522392
69.100000 0.781844 0.521049
69.200000 0.783767 0.519702
69.300000 0.785685 0.518353
69.400000 0.787571 0.516999
69.500000 0.789480 0.515642
69.600000 0.791365 0.514282
69.700000 0.793242 0.512918
69.800000 0.795094 0.511550
69.900000 0.796970 0.510179
70.000000 0.798820 0.508804
70.100000 0.800659 0.507426
70.200000 0.802479 0.506045
70.300000 0.804304 0.504659
70.400000 0.806109 0.503271
70.500000 0.807892 0.501879
70.600000 0.809671 0.500485
70.700000 0.811444 0.499086
70.800000 0.813205 0.497684
70.900000 0.814937 0.496279
71.000000 0.816673 0.494871
71.100000 0.818395 0.493459
71.200000 0.820082 0.492045
71.300000 0.821779 0.490627
71.400000 0.823466 0.489206
71.500000 0.825124 0.487782
71.600000 0.826758 0.486355
71.700000 0.828395 0.484925
71.800000 0.830013 0.483491
71.900000 0.831610 0.482055
72.000000 0.833197 0.480616
72.100000 0.834773 0.479174
72.200000 0.836314 0.477729
72.300000 0.837853 0.476281
72.400000 0.839362 0.474831
72.500000 0.840869 0.473377
72.600000 0.842360 0.471921
72.700000 0.843818 0.470462
72.800000 0.845257 0.469001
72.900000 0.846684 0.467537
73.000000 0.848095 0.466070
73.100000 0.849486 0.464600
73.200000 0.850848 0.463129
73.300000 0.852207 0.461654
73.400000 0.853532 0.460178
73.500000 0.854825 0.458698
73.600000 0.856136 0.457217
73.700000 0.857397 0.455733
73.800000 0.858641 0.454247
73.900000 0.859877 0.452758
74.000000 0.861063 0.451268
74.100000 0.862257 0.449775
74.200000 0.863430 0.448280
74.300000 0.864562 0.446783
74.400000 0.865683 0.445284
74.500000 0.866778 0.443783
74.600000 0.867849 0.442281
74.700000 0.868884 0.440776
74.800000 0.869918 0.439270
74.900000 0.870911 0.437761
75.000000 0.871889 0.436251
75.100000 0.872857 0.434740
75.200000 0.873764 0.433226
75.300000 0.874673 0.431711
75.400000 0.875564 0.430195
75.500000 0.876405 0.428677
75.600000 0.877242 0.427158
75.700000 0.878049 0.425637
75.800000 0.878837 0.424115
75.900000 0.879578 0.422591
76.000000 0.880308 0.421067
76.100000 0.881013 0.419541
76.200000 0.881691 0.418014
76.300000 0.882333 0.416486
76.400000 0.882975 0.414957
76.500000 0.883546 0.413427
76.600000 0.884123 0.411896
76.700000 0.884666 0.410365
76.800000 0.885200 0.408832
76.900000 0.885691 0.407299
77.000000 0.886140 0.405765
77.100000 0.886564 0.404230
77.200000 0.886979 0.402695
77.300000 0.887362 0.401159
77.400000 0.887715 0.399623
77.500000 0.888036 0.398087
77.600000 0.888329 0.396550
77.700000 0.888597 0.395012
77.800000 0.888848 0.393475
77.900000 0.889036 0.391937
78.000000 0.889233 0.390399
78.100000 0.889377 0.388861
78.200000 0.889495 0.387323
78.300000 0.889612 0.385786
78.400000 0.889680 0.384248
78.500000 0.889712 0.382710
78.600000 0.889732 0.381173
78.700000 0.889696 0.379635
78.800000 0.889664 0.378098
78.900000 0.889590 0.376562
79.000000 0.889498 0.375026
79.100000 0.889368 0.373491
79.200000 0.889197 0.371955
79.300000 0.888995 0.370421
79.400000 0.888791 0.368887
79.500000 0.888551 0.367355
79.600000 0.888265 0.365822
79.700000 0.887948 0.364291
79.800000 0.887622 0.362761
79.900000 0.887259 0.361231
80.000000 0.886862 0.359703
80.100000 0.886443 0.358175
80.200000 0.885996 0.356649
80.300000 0.885513 0.355124
80.400000 0.885013 0.353600
80.500000 0.884475 0.352078
80.600000 0.883934 0.350557
80.700000 0.883324 0.349037
80.800000 0.882699 0.347519
80.900000 0.882059 0.346002
81.000000 0.881394 0.344487
81.100000 0.880685 0.342974
81.200000 0.879961 0.341462
81.300000 0.879196 0.339952
81.400000 0.878403 0.338444
81.500000 0.877605 0.336937
81.600000 0.876760 0.335433
81.700000 0.875892 0.333930
81.800000 0.874977 0.332430
81.900000 0.874057 0.330932
82.000000 0.873112 0.329436
82.100000 0.872127 0.327942
82.200000 0.871154 0.326450
82.300000 0.870095 0.324961
82.400000 0.869031 0.323473
82.500000 0.867969 0.321989
82.600000 0.866844 0.320506
82.700000 0.865697 0.319027
82.800000 0.864565 0.317549
82.900000 0.863379 0.316075
83.000000 0.862152 0.314603
83.100000 0.860932 0.313134
83.200000 0.859650 0.311667
83.300000 0.858381 0.310204
83.400000 0.857065 0.308743
83.500000 0.855736 0.307285
83.600000 0.854384 0.305830
83.700000 0.852999 0.304378
83.800000 0.851585 0.302929
83.900000 0.850157 0.301483
84.000000 0.848705 0.300041
84.100000 0.847219 0.298601
84.200000 0.845719 0.297165
84.300000 0.844193 0.295732
84.400000 0.842666 0.294303
84.500000 0.841093 0.292876
84.600000 0.839506 0.291453
84.700000 0.837898 0.290034
84.800000 0.836276 0.288618
84.900000 0.834628 0.287205
85.000000 0.832933 0.285796
85.100000 0.831257 0.284391
85.200000 0.829543 0.282990
85.300000 0.827805 0.281592
85.400000 0.826032 0.280198
85.500000 0.824284 0.278807
85.600000 0.822494 0.277421
85.700000 0.820684 0.276038
85.800000 0.818847 0.274660
85.900000 0.816994 0.273285
86.000000 0.815114 0.271914
86.100000 0.813221 0.270547
86.200000 0.811318 0.269184
86.300000 0.809412 0.267825
86.400000 0.807462 0.266470
86.500000 0.805519 0.265120
86.600000 0.803543 0.263773
86.700000 0.801562 0.262431
86.800000 0.799561 0.261093
86.900000 0.797512 0.259759
87.000000 0.795486 0.258430
87.100000 0.793422 0.257105
87.200000 0.791341 0.255784
87.300000 0.789264 0.254468
87.400000 0.787191 0.253156
87.500000 0.785063 0.251848
87.600000 0.782929 0.250545
87.700000 0.780812 0.249246
87.800000 0.778651 0.247952
87.900000 0.776478 0.246663
88.000000 0.774324 0.245378
88.100000 0.772107 0.244097
88.200000 0.769907 0.242822
88.300000 0.767692 0.241551
88.400000 0.765472 0.240284
88.500000 0.763220 0.239022
88.600000 0.760977 0.237765
88.700000 0.758710 0.236513
88.800000 0.756437 0.235265
88.900000 0.754169 0.234022
89.000000 0.751880 0.232784
89.100000 0.749586 0.231551
89.200000 0.747262 0.230322
89.300000 0.744970 0.229099
89.400000 0.742615 0.227880
89.500000 0.740299 0.226666
89.600000 0.737951 0.225457
89.700000 0.735604 0.224253
89.800000 0.733220 0.223054
89.900000 0.730872 0.221859
90.000000 0.728491 0.220670
90.100000 0.726117 0.219486
90.200000 0.723716 0.218306
90.300000 0.721319 0.217132
90.400000 0.718900 0.215962
90.500000 0.716526 0.214798
90.600000 0.714102 0.213638
90.700000 0.711688 0.212484
90.800000 0.709246 0.211334
90.900000 0.706832 0.210190
91.000000 0.704401 0.209051
91.100000 0.701949 0.207916
91.200000 0.699486 0.206787
91.300000 0.697066 0.205663
91.400000 0.694612 0.204544
91.500000 0.692149 0.203430
91.600000 0.689707 0.202321
91.700000 0.687253 0.201217
91.800000 0.684762 0.200119
91.900000 0.682305 0.199025
92.000000 0.679846 0.197937
92.100000 0.677369 0.196853
92.200000 0.674919 0.195775
92.300000 0.672431 0.194702
92.400000 0.669956 0.193634
92.500000 0.667471 0.192571
92.600000 0.665002 0.191513
92.700000 0.662514 0.190460
92.800000 0.660041 0.189412
92.900000 0.657566 0.188370
93.000000 0.655071 0.187333
93.100000 0.652616 0.186300
93.200000 0.650127 0.185273
93.300000 0.647629 0.184251
93.400000 0.645173 0.183234
93.500000 0.642704 0.182222
93.600000 0.640223 0.181216
93.700000 0.637761 0.180214
93.800000 0.635249 0.179217
93.900000 0.632797 0.178226
94.000000 0.630323 0.177240
94.100000 0.627886 0.176258
94.200000 0.625379 0.175282
94.300000 0.622959 0.174311
94.400000 0.620489 0.173345
94.500000 0.618044 0.172384
94.600000 0.615577 0.171428
94.700000 0.613113 0.170477
94.800000 0.610686 0.169531
94.900000 0.608216 0.168590
95.000000 0.605799 0.167654
95.100000 0.603370 0.166723
95.200000 0.600931 0.165797
95.300000 0.598496 0.164876
95.400000 0.596051 0.163960
95.500000 0.593650 0.163049
95.600000 0.591226 0.162143
95.700000 0.588817 0.161242
95.800000 0.586415 0.160345
95.900000 0.584008 0.159454
96.000000 0.581611 0.158568
96.100000 0.579205 0.157686
96.200000 0.576828 0.156810
96.300000 0.574459 0.155938
96.400000 0.572079 0.155071
96.500000 0.569708 0.154209
96.600000 0.567333 0.153352
96.700000 0.564985 0.152500
96.800000 0.562633 0.151653
96.900000 0.560258 0.150810
97.000000 0.557928 0.149972
97.100000 0.555611 0.149139
97.200000 0.553288 0.148311
97.300000 0.550939 0.147487
97.400000 0.548632 0.146668
97.500000 0.546340 0.145854
97.600000 0.544053 0.145044
97.700000 0.541743 0.144240
97.800000 0.539485 0.143439
97.900000 0.537167 0.142644
98.000000 0.534899 0.141853
98.100000 0.532640 0.141067
98.200000 0.530368 0.140285
98.300000 0.528130 0.139508
98.400000 0.525864 0.138736
98.500000 0.523625 0.137968
98.600000 0.521423 0.137205
98.700000 0.519212 0.136446
98.800000 0.516961 0.135691
98.900000 0.514744 0.134942
99.000000 0.512593 0.134196
99.100000 0.510433 0.133455
99.200000 0.508221 0.132719
99.300000 0.506038 0.131987
99.400000 0.503886 0.131259
99.500000 0.501714 0.130536
99.600000 0.499595 0.129817
99.700000 0.497444 0.129103
99.800000 0.495322 0.128392
99.900000 0.493172 0.127687
100.000000 0.491106 0.126985
100.100000 0.488971 0.126288
100.200000 0.486888 0.125595
100.300000 0.484768 0.124906
100.400000 0.482689 0.124221
100.500000 0.480647 0.123541
100.600000 0.478576 0.122865
100.700000 0.476527 0.122193
100.800000 0.474469 0.121525
100.900000 0.472432 0.120861
101.000000 0.470414 0.120202
101.100000 0.468387 0.119546
101.200000 0.466388 0.118895
101.300000 0.464370 0.118247
101.400000 0.462371 0.117604
101.500000 0.460401 0.116964
101.600000 0.458439 0.116329
101.700000 0.456458 0.115698
101.800000 0.454543 0.115070
101.900000 0.452573 0.114447
102.000000 0.450624 0.113827
102.100000 0.448697 0.113212
102.200000 0.446816 0.112600
102.300000 0.444926 0.111992
102.400000 0.443021 0.111388
102.500000 0.441110 0.110787
102.600000 0.439207 0.110191
102.700000 0.437361 0.109598
102.800000 0.435480 0.109009
102.900000 0.433629 0.108424
103.000000 0.431818 0.107843
103.100000 0.429955 0.107265
103.200000 0.428155 0.106691
103.300000 0.426296 0.106121
103.400000 0.424515 0.105554
103.500000 0.422707 0.104991
103.600000 0.420926 0.104431
103.700000 0.419130 0.103875
103.800000 0.417367 0.103323
103.900000 0.415579 0.102774
104.000000 0.413852 0.102229
104.100000 0.412095 0.101687
104.200000 0.410366 0.101149
104.300000 0.408630 0.100614
104.400000 0.406947 0.100083
104.500000 0.405248 0.099555
104.600000 0.403529 0.099030
104.700000 0.401847 0.098509
104.800000 0.400173 0.097991
104.900000 0.398488 0.097477
105.000000 0.396855 0.096966
105.100000 0.395181 0.096458
105.200000 0.393556 0.095954
105.300000 0.391933 0.095453
105.400000 0.390283 0.094955
105.500000 0.388661 0.094460
105.600000 0.387092 0.093969
105.700000 0.385472 0.093481
105.800000 0.383878 0.092996
105.900000 0.382323 0.092514
106.000000 0.380746 0.092035
106.100000 0.379160 0.091560
106.200000 0.377600 0.091087
106.300000 0.376096 0.090618
106.400000 0.374553 0.090151
106.500000 0.373009 0.089688
106.600000 0.371515 0.089228
106.700000 0.369981 0.088771
106.800000 0.368509 0.088317
106.900000 0.367006 0.087865
107.000000 0.365531 0.087417
107.100000 0.364065 0.086972
107.200000 0.362592 0.086530
107.300000 0.361156 0.086090
107.400000 0.359705 0.085654
107.500000 0.358262 0.085220
107.600000 0.356806 0.084789
107.700000 0.355370 0.084361
107.800000 0.353992 0.083936
107.900000 0.352566 0.083514
108.000000 0.351154 0.083094
108.100000 0.349765 0.082677
108.200000 0.348439 0.082263
108.300000 0.347004 0.081852
108.400000 0.345689 0.081443
108.500000 0.344299 0.081038
108.600000 0.342951 0.080634
108.700000 0.341603 0.080234
108.800000 0.340276 0.079836
108.900000 0.338965 0.079441
109.000000 0.337646 0.079048
109.100000 0.336342 0.078658
109.200000 0.335071 0.078271
109.300000 0.333784 0.077886
109.400000 0.332471 0.077503
109.500000 0.331199 0.077123
109.600000 0.329913 0.076746
109.700000 0.328672 0.076371
109.800000 0.327403 0.075999
109.900000 0.326174 0.075629
110.000000 0.324954 0.075262
110.100000 0.323693 0.074897
110.200000 0.322492 0.074534
110.300000 0.321222 0.074174
110.400000 0.320044 0.073817
110.500000 0.318858 0.073461
110.600000 0.317673 0.073108
110.700000 0.316482 0.072758
110.800000 0.315291 0.072409
110.900000 0.314150 0.072063
111.000000 0.312981 0.071719
111.100000 0.311837 0.071378
111.200000 0.310698 0.071039
111.300000 0.309515 0.070702
111.400000 0.308380 0.070367
111.500000 0.307255 0.070035
111.600000 0.306162 0.069704
111.700000 0.305032 0.069376
111.800000 0.303894 0.069050
111.900000 0.302838 0.068727
112.000000 0.301743 0.068405
112.100000 0.300666 0.068086
112.200000 0.299556 0.067768
112.300000 0.298502 0.067453
112.400000 0.297461 0.067140
112.500000 0.296416 0.066829
112.600000 0.295356 0.066520
112.700000 0.294311 0.066213
112.800000 0.293269 0.065908
112.900000 0.292205 0.065605
113.000000 0.291202 0.065304
113.100000 0.290211 0.065005
113.200000 0.289215 0.064708
113.300000 0.288168 0.064413
113.400000 0.287182 0.064120
113.500000 0.286154 0.063829
113.600000 0.285192 0.063540
113.700000 0.284262 0.063253
113.800000 0.283271 0.062968
113.900000 0.282262 0.062684
114.000000 0.281334 0.062403
114.100000 0.280358 0.062123
114.200000 0.279414 0.061845
114.300000 0.278479 0.061569
114.400000 0.277550 0.061295
114.500000 0.276607 0.061023
114.600000 0.275724 0.060752
114.700000 0.274769 0.060483
114.800000 0.273861 0.060216
114.900000 0.272945 0.059951
115.000000 0.272023 0.059688
115.100000 0.271143 0.059426
115.200000 0.270265 0.059166
115.300000 0.269380 0.058907
115.400000 0.268547 0.058651
115.500000 0.267582 0.058396
115.600000 0.266768 0.058143
115.700000 0.265882 0.057891
115.800000 0.265015 0.057641
115.900000 0.264192 0.057393
116.000000 0.263326 0.057146
116.100000 0.262503 0.056901
116.200000 0.261707 0.056658
116.300000 0.260863 0.056416
116.400000 0.260025 0.056176
116.500000 0.259204 0.055937
116.600000 0.258426 0.055700
116.700000 0.257590 0.055465
116.800000 0.256802 0.055231
116.900000 0.255947 0.054998
117.000000 0.255190 0.054767
117.100000 0.254369 0.054538
117.200000 0.253666 0.054310
117.300000 0.252813 0.054084
117.400000 0.252104 0.053859
117.500000 0.251294 0.053635
117.600000 0.250535 0.053413
117.700000 0.249766 0.053193
117.800000 0.249020 0.052974
117.900000 0.248286 0.052756
118.000000 0.247560 0.052540
118.100000 0.246784 0.052325
118.200000 0.246051 0.052112
118.300000 0.245371 0.051900
118.400000 0.244618 0.051689
118.500000 0.243902 0.051480
118.600000 0.243203 0.051272
118.700000 0.242516 0.051065
118.800000 0.241780 0.050860
118.900000 0.241075 0.050656
119.000000 0.240381 0.050454
119.100000 0.239684 0.050252
119.200000 0.238994 0.050052
119.300000 0.238311 0.049854
119.400000 0.237619 0.049657
119.500000 0.236934 0.049460
119.600000 0.236269 0.049266
119.700000 0.235633 0.049072
119.800000 0.234915 0.048880
119.900000 0.234288 0.048689
120.000000 0.233600 0.048499
120.100000 0.232994 0.048311
120.200000 0.232345 0.048123
120.300000 0.231707 0.047937
120.400000 0.231025 0.047752
120.500000 0.230410 0.047568
120.600000 0.229782 0.047386
120.700000 0.229159 0.047205
120.800000 0.228547 0.047024
120.900000 0.227927 0.046845
121.000000 0.227314 0.046667
121.100000 0.226710 0.046491
121.200000 0.226068 0.046315
121.300000 0.225491 0.046141
121.400000 0.224904 0.045967
121.500000 0.224302 0.045795
121.600000 0.223698 0.045624
121.700000 0.223116 0.045454
121.800000 0.222531 0.045285
121.900000 0.221948 0.045117
122.000000 0.221375 0.044950
122.100000 0.220779 0.044785
122.200000 0.220187 0.044620
122.300000 0.219643 0.044456
122.400000 0.219111 0.044294
122.500000 0.218515 0.044132
122.600000 0.217967 0.043972
122.700000 0.217415 0.043812
122.800000 0.216845 0.043654
122.900000 0.216321 0.043496
123.000000 0.215784 0.043340
123.100000 0.215220 0.043185
123.200000 0.214709 0.043030
123.300000 0.214152 0.042877
123.400000 0.213623 0.042724
123.500000 0.213080 0.042573
123.600000 0.212557 0.042422
123.700000 0.212060 0.042273
123.800000 0.211572 0.042124
123.900000 0.210995 0.041976
124.000000 0.210494 0.041829
124.100000 0.209990 0.041684
124.200000 0.209490 0.041539
124.300000 0.209012 0.041395
124.400000 0.208489 0.041252
124.500000 0.208003 0.041109
124.600000 0.207511 0.040968
124.700000 0.207008 0.040828
124.800000 0.206551 0.040688
124.900000 0.206058 0.040550
125.000000 0.205563 0.040412
125.100000 0.205096 0.040275
125.200000 0.204616 0.040139
125.300000 0.204119 0.040004
125.400000 0.203670 0.039870
125.500000 0.203197 0.039736
125.600000 0.202722 0.039603
125.700000 0.202257 0.039472
125.800000 0.201809 0.039341
125.900000 0.201333 0.039211
126.000000 0.200871 0.039081
126.100000 0.200427 0.038953
126.200000 0.199987 0.038825
126.300000 0.199541 0.038698
126.400000 0.199093 0.038572
126.500000 0.198676 0.038447
126.600000 0.198194 0.038322
126.700000 0.197799 0.038198
126.800000 0.197317 0.038075
126.900000 0.196917 0.037953
127.000000 0.196445 0.037832
127.100000 0.196047 0.037711
127.200000 0.195608 0.037591
127.300000 0.195196 0.037472
127.400000 0.194780 0.037353
127.500000 0.194363 0.037235
127.600000 0.193957 0.037118
127.700000 0.193523 0.037002
127.800000 0.193108 0.036887
127.900000 0.192730 0.036772
128.000000 0.192330 0.036658
128.100000 0.191894 0.036544
128.200000 0.191507 0.036432
128.300000 0.191094 0.036319
128.400000 0.190720 0.036208
128.500000 0.190343 0.036098
128.600000 0.189930 0.035988
128.700000 0.189519 0.035878
128.800000 0.189148 0.035770
128.900000 0.188766 0.035662
129.000000 0.188349 0.035554
129.100000 0.187978 0.035448
129.200000 0.187626 0.035342
129.300000 0.187218 0.035237
129.400000 0.186846 0.035132
129.500000 0.186455 0.035028
129.600000 0.186103 0.034925
129.700000 0.185744 0.034822
129.800000 0.185360 0.034720
129.900000 0.185018 0.034618
130.000000 0.184643 0.034517
130.100000 0.184285 0.034417
130.200000 0.183917 0.034318
130.300000 0.183562 0.034219
130.400000 0.183217 0.034120
130.500000 0.182847 0.034022
130.600000 0.182485 0.033925
130.700000 0.182162 0.033829
130.800000 0.181829 0.033733
130.900000 0.181464 0.033637
131.000000 0.181109 0.033542
131.100000 0.180771 0.033448
131.200000 0.180431 0.033354
131.300000 0.180085 0.033261
131.400000 0.179731 0.033169
131.500000 0.179427 0.033077
131.600000 0.179066 0.032985
131.700000 0.178736 0.032894
131.800000 0.178394 0.032804
131.900000 0.178051 0.032714
132.000000 0.177741 0.032625
132.100000 0.177406 0.032536
132.200000 0.177086 0.032448
132.300000 0.176772 0.032360
132.400000 0.176434 0.032273
132.500000 0.176121 0.032187
132.600000 0.175819 0.032101
132.700000 0.175506 0.032015
132.800000 0.175203 0.031930
132.900000 0.174836 0.031846
133.000000 0.174535 0.031762
133.100000 0.174255 0.031678
133.200000 0.173923 0.031595
133.300000 0.173632 0.031513
133.400000 0.173308 0.031431
133.500000 0.173034 0.031349
133.600000 0.172714 0.031268
133.700000 0.172418 0.031188
133.800000 0.172128 0.031108
133.900000 0.171820 0.031028
134.000000 0.171552 0.030949
134.100000 0.171219 0.030871
134.200000 0.170925 0.030793
134.300000 0.170608 0.030715
134.400000 0.170305 0.030638
134.500000 0.170037 0.030561
134.600000 0.169753 0.030485
134.700000 0.169459 0.030409
134.800000 0.169162 0.030334
134.900000 0.168917 0.030259
135.000000 0.168598 0.030184
135.100000 0.168276 0.030110
135.200000 0.168027 0.030037
135.300000 0.167765 0.029964
135.400000 0.167454 0.029891
135.500000 0.167188 0.029819
135.600000 0.166929 0.029747
135.700000 0.166678 0.029676
135.800000 0.166367 0.029605
135.900000 0.166119 0.029534
136.000000 0.165833 0.029464
136.100000 0.165595 0.029394
136.200000 0.165314 0.029325
136.300000 0.165012 0.029256
136.400000 0.164778 0.029188
136.500000 0.164496 0.029120
136.600000 0.164226 0.029052
136.700000 0.163954 0.028985
136.800000 0.163711 0.028918
136.900000 0.163402 0.028852
137.000000 0.163164 0.028786
137.100000 0.162925 0.028720
137.200000 0.162646 0.028655
137.300000 0.162392 0.028590
137.400000 0.162155 0.028525
137.500000 0.161898 0.028461
137.600000 0.161656 0.028398
137.700000 0.161367 0.028334
137.800000 0.161131 0.028271
137.900000 0.160860 0.028209
138.000000 0.160651 0.028146
138.100000 0.160382 0.028084
138.200000 0.160171 0.028023
138.300000 0.159899 0.027962
138.400000 0.159648 0.027901
138.500000 0.159409 0.027841
138.600000 0.159165 0.027781
138.700000 0.158899 0.027721
138.800000 0.158643 0.027662
138.900000 0.158424 0.027603
139.000000 0.158188 0.027544
139.100000 0.157936 0.027486
139.200000 0.157690 0.027428
139.300000 0.157476 0.027370
139.400000 0.157276 0.027313
139.500000 0.157008 0.027256
139.600000 0.156793 0.027199
139.700000 0.156529 0.027143
139.800000 0.156296 0.027087
139.900000 0.156093 0.027032
