500 39.484108 0.417226 60.028591 -4.004686 -17.905018 0.947995 0.000000
1000 30.877748 0.413177 58.277401 -7.175629 -21.519552 0.882351 0.000000
1500 35.228931 0.537561 62.153690 -9.012204 -19.368820 0.918704 0.000000
2000 39.010998 0.947537 66.411781 -5.659698 -23.678024 0.989400 0.000000
2500 42.165318 0.731751 63.574814 -5.044356 -18.003515 0.906627 0.000000
3000 32.328785 0.476010 57.038197 -6.344984 -19.838812 0.998377 0.000000
3500 36.805187 0.469929 56.460274 -6.015862 -15.127496 1.018343 0.000000
4000 42.230927 0.387608 60.932491 -4.169494 -16.067284 1.147606 0.000000
4500 39.116699 0.489747 63.323158 -5.750937 -19.949877 1.004610 0.000000
5000 42.427834 0.386906 60.028721 -5.091866 -14.160543 1.264618 0.000000
500 41.902710 1.461382 56.295540 -5.487221 -11.574606 1.207619 0.000000
1000 44.063828 0.843931 57.072815 -2.789336 -12.171544 1.107963 0.000000
1500 47.453384 1.010958 63.479374 -3.766643 -14.459618 1.189311 0.000000
2000 31.528717 0.187472 48.913368 -3.880807 -14.813297 1.121979 0.000000
2500 36.802055 0.597342 50.811867 -2.733042 -12.959056 1.084944 0.000000
3000 38.043007 2.167846 53.417412 -4.874761 -13.666244 0.998752 0.000000
3500 51.940273 0.756662 68.110237 -4.588121 -13.515221 1.176716 0.000000
4000 53.986938 0.427009 67.768837 -5.327542 -10.171253 1.289888 0.000000
4500 50.842983 0.677938 69.916870 -3.306177 -17.861214 1.415561 0.000000
5000 35.137291 0.423079 58.472275 -2.917004 -21.947786 1.106729 0.000000
500 47.939556 1.807274 59.028496 -3.222473 -10.656581 0.982840 0.000000
1000 55.503757 0.387777 68.083260 -3.373554 -10.481995 0.888263 0.000000
1500 56.857857 0.865002 64.195549 -3.990766 -5.275473 1.063541 0.000000
2000 40.132294 0.988329 53.281429 -4.385564 -10.612606 0.860707 0.000000
2500 36.174007 0.742223 51.179611 -4.796374 -11.809977 0.858525 0.000000
3000 48.242821 1.125567 61.785839 -2.347818 -13.364463 1.043695 0.000000
3500 50.611427 1.740463 60.739681 -1.566678 -11.319009 1.016968 0.000000
4000 30.318655 0.881517 46.790493 -4.149813 -14.368225 1.164686 0.000000
4500 38.980263 0.644561 50.944027 -2.854625 -11.272017 1.518318 0.000000
5000 51.183403 0.313231 66.113029 -3.841969 -12.603554 1.202665 0.000000
500 60.725864 1.477149 62.676968 -0.367488 -3.980533 0.919774 0.000000
1000 69.831421 1.797527 67.047523 0.000000 0.000000 0.986374 0.000000
1500 74.775665 1.260930 72.735405 0.000000 0.000000 0.779324 0.000000
2000 65.851334 1.304650 63.735535 0.000000 0.000000 0.811146 0.000000
2500 66.027046 0.870719 64.253006 0.000000 0.000000 0.903319 0.000000
3000 77.997643 0.441920 76.763123 -0.083053 0.000000 0.875654 0.000000
3500 77.609680 0.314254 76.405945 -0.041237 0.000000 0.930719 0.000000
4000 74.385368 0.904939 72.498878 0.000000 0.000000 0.981552 0.000000
4500 74.917770 0.654216 73.379990 0.000000 0.000000 0.883570 0.000000
5000 66.895966 0.732140 65.377907 0.000000 0.000000 0.785922 0.000000
500 48.244904 0.516570 65.086891 -3.833010 -14.593693 1.068141 0.000000
1000 26.285364 0.245216 51.895275 -6.836559 -20.015524 0.996956 0.000000
1500 32.646812 1.066214 60.456959 -7.636212 -22.315716 1.075566 0.000000
2000 36.616283 0.262551 58.614491 -4.569736 -18.695816 1.004794 0.000000
2500 30.629189 0.389893 54.157108 -7.194817 -17.617104 0.894108 0.000000
3000 34.961655 1.022752 58.311920 -6.464522 -18.822485 0.913995 0.000000
3500 45.044373 0.508035 64.966736 -3.713807 -17.603895 0.887305 0.000000
4000 33.084995 0.595077 50.819168 -2.787096 -16.375355 0.833197 0.000000
4500 46.644844 0.686488 53.805389 -1.248502 -7.482327 0.883793 0.000000
5000 36.116150 0.878405 52.662853 -2.110467 -16.151083 0.836439 0.000000
500 57.518394 0.413837 73.807983 -3.745692 -13.913975 0.956243 0.000000
1000 33.701183 0.846537 57.019432 -3.699612 -21.404114 0.938942 0.000000
1500 57.653664 0.669478 66.069939 -4.499876 -5.439086 0.853212 0.000000
2000 45.444458 0.602442 65.799210 -3.728750 -18.103485 0.875041 0.000000
2500 45.127510 2.357521 63.729984 -3.520327 -18.430935 0.991270 0.000000
3000 34.323803 0.275459 58.844147 -4.387015 -21.485188 1.076402 0.000000
3500 37.077576 0.574641 61.311577 -2.961894 -22.790449 0.943705 0.000000
4000 29.484379 0.476587 51.884808 -2.566033 -21.475176 1.164193 0.000000
4500 47.833946 1.135111 59.865513 -4.541888 -9.699169 1.074379 0.000000
5000 50.552593 0.372074 67.877319 -4.319643 -14.237276 0.860112 0.000000
500 50.558178 1.117794 61.771351 -3.231596 -9.867821 0.768454 0.000000
1000 43.888802 1.442043 62.427658 -5.972211 -14.978247 0.969557 0.000000
1500 40.401012 0.796105 57.291428 -4.201192 -14.272882 0.787553 0.000000
2000 47.043098 0.831858 58.603642 -3.757027 -9.471796 0.836420 0.000000
2500 49.224888 0.458822 60.264366 -4.045760 -8.346024 0.893485 0.000000
3000 55.016624 0.369947 67.219337 -4.244683 -9.227093 0.899111 0.000000
3500 53.721554 0.504764 71.319397 -6.390538 -12.837954 1.125889 0.000000
4000 45.401402 0.538453 62.322811 -3.768654 -14.572598 0.881388 0.000000
4500 51.830933 0.405498 62.254562 -2.668420 -8.975080 0.814369 0.000000
5000 62.483387 0.818783 67.679482 -0.902180 -6.004857 0.892160 0.000000
500 66.998711 0.484558 65.536186 0.000000 0.000000 0.977969 0.000000
1000 63.466225 0.825663 61.522938 0.000000 0.000000 1.117621 0.000000
1500 69.539185 0.515265 67.982735 -0.048363 0.000000 1.089544 0.000000
2000 58.924992 0.428028 63.901196 -3.203778 -3.325670 1.125218 0.000000
2500 55.155884 0.723334 64.842682 -4.758726 -6.499248 0.847839 0.000000
3000 42.586052 0.688236 57.491467 -6.215674 -10.225839 0.847861 0.000000
3500 43.892975 0.687035 57.989506 -4.993735 -10.518604 0.728774 0.000000
4000 42.945045 0.472920 58.797073 -3.540911 -13.665337 0.881303 0.000000
4500 53.673454 0.701196 62.078388 -4.558906 -5.404275 0.857054 0.000000
5000 39.900837 0.395311 52.275562 -3.740959 -9.746568 0.717492 0.000000
500 53.111595 1.237579 63.430954 -4.156808 -8.311457 0.911323 0.000000
1000 42.355270 0.846756 57.450432 -5.067986 -11.944841 1.070907 0.000000
1500 31.699738 0.680665 55.611286 -7.928665 -17.607168 0.943621 0.000000
2000 44.992096 0.699997 61.074772 -4.775637 -12.966863 0.959829 0.000000
2500 38.788502 0.346138 58.977772 -5.520628 -15.910177 0.895398 0.000000
3000 51.701653 1.313797 69.881340 -5.134413 -15.221651 0.862580 0.000000
3500 43.358074 0.749878 62.483425 -6.537316 -14.472848 1.134934 0.000000
4000 40.082623 0.862506 60.440979 -5.959062 -16.090687 0.828885 0.000000
4500 53.710865 0.688217 64.886856 -3.218213 -9.698578 1.052581 0.000000
5000 36.482372 0.546516 60.808678 -6.413390 -19.383522 0.924091 0.000000
500 53.386776 0.631999 72.084747 -5.468722 -14.852558 0.991309 0.000000
1000 44.615860 0.891070 61.672173 -4.718550 -14.322794 1.093957 0.000000
1500 35.406879 0.422983 51.126270 -5.647113 -11.660254 1.164997 0.000000
2000 40.707390 1.196382 54.286457 -3.468673 -12.765966 1.459191 0.000000
2500 48.047218 0.883350 63.340809 -2.902898 -14.735413 1.461368 0.000000
3000 69.962677 0.234516 68.980812 0.000000 0.000000 0.747355 0.000000
3500 55.837791 1.046461 66.596718 -3.349380 -9.546350 1.090338 0.000000
4000 57.988483 0.467194 68.100471 -3.526582 -8.146530 1.093930 0.000000
4500 55.748070 0.858810 72.796555 -4.141065 -14.811844 1.045615 0.000000
5000 42.437096 0.444259 60.469402 -6.414820 -13.238321 1.176573 0.000000
500 59.274353 0.778020 57.662785 -0.203894 0.000000 1.037444 0.000000
1000 38.465607 0.440349 56.919758 -2.351528 -18.092789 1.549815 0.000000
1500 43.641182 1.123758 60.655643 -3.237172 -16.461651 1.560604 0.000000
2000 33.717155 0.403316 51.370518 -3.060909 -15.879900 0.884133 0.000000
2500 28.492508 0.351517 48.462555 -4.777555 -16.494890 0.950881 0.000000
3000 30.244499 0.508728 56.305111 -7.536710 -20.005600 0.972969 0.000000
3500 24.243956 0.561356 53.969471 -9.668786 -21.804703 1.186617 0.000000
4000 25.936653 1.628383 52.291744 -7.477404 -21.768444 1.262370 0.000000
4500 40.152863 0.509913 64.333313 -4.107115 -21.893082 1.309836 0.000000
5000 21.982790 0.337537 47.586338 -6.047818 -20.965948 1.072682 0.000000
500 68.509712 0.710068 68.497620 -1.827642 0.000000 1.129671 0.000000
1000 62.328053 0.756045 61.239872 -0.668133 0.000000 1.000267 0.000000
1500 76.958199 0.366953 75.674614 0.000000 0.000000 0.916633 0.000000
2000 66.002045 1.853184 64.056427 -0.759601 0.000000 0.852028 0.000000
2500 68.473663 0.327106 72.430115 -1.247572 -3.907911 0.871931 0.000000
3000 64.239578 0.439177 62.922585 -0.095800 0.000000 0.973617 0.000000
3500 74.591217 1.268350 72.406715 -0.072548 0.000000 0.988701 0.000000
4000 61.375092 0.403911 60.157700 0.000000 0.000000 0.813482 0.000000
4500 67.340118 0.699073 65.788773 0.000000 0.000000 0.852268 0.000000
5000 68.336998 0.533994 66.299812 0.000000 0.000000 1.503190 0.000000
500 32.406132 1.216804 52.190029 -5.448273 -16.500628 0.948200 0.000000
1000 23.936295 0.912324 48.617088 -4.604620 -21.861311 0.872813 0.000000
1500 23.823755 0.385693 45.149887 -3.840844 -18.860205 0.989223 0.000000
2000 26.323755 0.547221 52.977901 -5.032150 -23.181683 1.012465 0.000000
2500 36.786930 0.612553 55.763119 -4.919446 -16.079124 1.409827 0.000000
3000 34.461777 0.754321 51.474133 -4.620639 -14.072697 0.926659 0.000000
3500 35.861351 0.542580 56.399952 -6.015609 -16.121824 1.056252 0.000000
4000 43.935928 0.452972 54.325687 -4.357624 -7.507108 1.022001 0.000000
4500 34.959106 0.436907 52.412804 -4.234236 -14.597136 0.940772 0.000000
5000 36.424335 0.743575 59.604664 -4.610712 -20.118902 0.805705 0.000000
500 45.847748 1.057104 52.608047 -3.746087 -5.012862 0.941549 0.000000
1000 60.582375 0.356906 59.448685 0.000000 0.000000 0.776784 0.000000
1500 67.133209 0.377448 67.288467 -1.510252 0.000000 0.977548 0.000000
2000 58.330448 0.302146 61.812340 -0.219923 -4.702168 1.138048 0.000000
2500 60.908447 0.719054 59.350933 0.000000 0.000000 0.838461 0.000000
3000 68.345116 0.693996 68.363274 -1.571972 0.000000 0.859828 0.000000
3500 60.909309 0.467004 59.340691 0.000000 0.000000 1.101618 0.000000
4000 60.179062 0.406684 59.021008 -0.029698 0.000000 0.781065 0.000000
4500 73.483391 0.501985 71.702316 0.000000 0.000000 1.279094 0.000000
5000 57.630989 0.627136 61.629494 -1.509869 -3.962118 0.846344 0.000000
500 60.710262 0.418626 59.511097 0.000000 0.000000 0.780542 0.000000
1000 77.968994 1.124022 75.860359 0.000000 0.000000 0.984608 0.000000
1500 63.485229 0.566955 66.169159 -1.712165 -2.374191 0.835471 0.000000
2000 67.830139 0.745077 66.200340 0.000000 0.000000 0.884717 0.000000
2500 63.370251 0.514008 66.647804 -1.976303 -2.954437 1.139180 0.000000
3000 56.018234 0.834530 54.426525 0.000000 0.000000 0.757179 0.000000
3500 56.906433 0.929598 54.897072 0.000000 0.000000 1.079765 0.000000
4000 73.871643 1.342406 71.645485 0.000000 0.000000 0.883752 0.000000
4500 52.902348 0.437598 55.247810 -0.469883 -3.094926 0.781744 0.000000
5000 55.770340 0.640690 65.956230 -0.549450 -11.248745 0.971615 0.000000
500 30.520462 1.252130 56.056377 -5.507369 -22.221289 0.940615 0.000000
1000 36.240932 1.494782 55.741959 -4.300790 -17.586853 0.891836 0.000000
1500 37.767029 1.594424 56.450066 -3.840561 -17.541899 1.104994 0.000000
2000 44.060905 0.474803 60.514828 -2.766790 -15.161226 0.999289 0.000000
2500 34.740707 0.407767 50.836533 -3.874781 -13.500437 0.871622 0.000000
3000 33.349842 0.339953 57.702866 -6.205981 -19.353794 0.866799 0.000000
3500 39.855507 0.335885 57.556198 -4.604243 -14.332378 0.900046 0.000000
4000 37.488194 0.622353 59.128094 -4.702811 -18.545248 0.985806 0.000000
4500 41.873020 0.866534 56.323837 -6.647464 -9.539943 0.870056 0.000000
5000 32.922588 0.465778 50.878613 -4.838807 -14.447016 0.864019 0.000000
500 36.734676 3.107596 53.585781 -6.643525 -14.397756 1.082577 0.000000
1000 41.841820 0.656170 61.522648 -5.092722 -16.054935 0.810663 0.000000
1500 39.304405 0.803252 58.707230 -2.879144 -18.203848 0.876915 0.000000
2000 42.097797 0.343646 59.848873 -4.475241 -14.586040 0.966559 0.000000
2500 41.089054 1.506764 56.927551 -5.710612 -12.578303 0.943657 0.000000
3000 41.001553 1.229626 64.331329 -5.661752 -19.754345 0.856690 0.000000
3500 34.049782 0.400524 57.385731 -5.962746 -18.623489 0.849760 0.000000
4000 29.591080 0.730014 52.264423 -4.623127 -19.551006 0.770775 0.000000
4500 31.961718 0.724326 53.566734 -4.996363 -18.128546 0.795567 0.000000
5000 27.279982 1.071947 55.027740 -7.966125 -21.874340 1.020762 0.000000
500 31.246025 0.551314 56.121078 -6.682200 -19.617748 0.873581 0.000000
1000 35.039406 0.560090 60.611523 -5.650266 -21.227274 0.745331 0.000000
1500 47.475655 0.978013 66.241074 -6.174042 -14.329220 0.759829 0.000000
2000 56.845032 0.539019 70.260208 -3.983416 -10.913808 0.943029 0.000000
2500 52.230255 0.602860 68.018341 -4.236222 -12.929552 0.774826 0.000000
3000 47.773037 2.281886 64.089890 -5.719567 -13.746758 0.867589 0.000000
3500 48.149483 0.645666 66.708855 -4.808055 -15.209974 0.812990 0.000000
4000 41.224335 0.369309 55.250221 -3.855690 -11.440788 0.901284 0.000000
4500 48.039238 0.910740 64.238556 -3.935202 -14.099979 0.925129 0.000000
5000 36.477421 0.820960 52.728836 -4.969234 -13.179251 1.076108 0.000000
500 31.326809 0.417720 50.170773 -5.090998 -14.942736 0.772051 0.000000
1000 26.382105 0.342552 51.572784 -7.324041 -19.228422 1.019229 0.000000
1500 34.149204 0.802078 56.225883 -5.417531 -18.379601 0.918373 0.000000
2000 38.211716 0.463210 63.351368 -8.047251 -18.415668 0.860058 0.000000
2500 32.201733 0.478003 58.451954 -7.969677 -19.722969 0.964421 0.000000
3000 47.142624 0.430691 60.929550 -4.336487 -10.700367 0.819237 0.000000
3500 34.483185 0.382971 58.461311 -5.315299 -20.045597 0.999796 0.000000
4000 39.457912 0.876478 60.117657 -6.048975 -16.414650 0.927403 0.000000
4500 31.478102 1.299385 54.326958 -5.804322 -19.129381 0.785462 0.000000
5000 24.694479 0.420234 51.407238 -7.456978 -20.562893 0.886877 0.000000
500 19.666378 0.291703 50.781181 -10.922228 -21.306566 0.822286 0.000000
1000 29.522430 0.489585 53.028809 -8.072278 -16.741535 0.817848 0.000000
1500 13.125269 0.489187 40.861828 -8.051004 -20.901451 0.726709 0.000000
2000 21.900652 0.861968 49.546745 -8.065325 -21.307692 0.864952 0.000000
2500 13.000427 0.369958 41.001076 -7.117875 -22.077511 0.824780 0.000000
3000 28.427706 0.587349 51.246372 -6.259269 -17.969006 0.822260 0.000000
3500 29.785435 0.274034 55.573765 -5.786638 -21.063641 0.787918 0.000000
4000 26.723351 1.150270 52.049171 -9.548590 -17.790426 0.862929 0.000000
4500 20.294277 0.342428 44.707302 -6.879100 -18.793444 0.917093 0.000000
5000 34.406548 0.335014 57.606007 -8.090273 -16.428022 0.983826 0.000000
500 31.386780 0.383577 55.483246 -4.385607 -20.957499 0.863066 0.000000
1000 42.887161 0.422955 57.172779 -5.154815 -10.327475 0.773721 0.000000
1500 41.189503 0.385269 56.716892 -4.063747 -12.647003 0.798092 0.000000
2000 55.315746 0.588704 66.889313 -3.054357 -9.899139 0.791225 0.000000
2500 41.899284 0.341946 61.327751 -3.564765 -17.011522 0.805878 0.000000
3000 47.001560 0.885090 65.988457 -4.770779 -15.892397 0.791188 0.000000
3500 57.429333 0.445842 68.557625 -2.590261 -9.774723 0.790855 0.000000
4000 42.697586 1.639673 57.802330 -2.464177 -15.187267 0.907030 0.000000
4500 50.028130 0.392929 66.085861 -3.610335 -13.764649 0.924322 0.000000
5000 48.120018 0.384276 53.047226 -1.733672 -4.418752 0.840937 0.000000
500 38.611519 0.432663 59.779785 -5.395376 -17.072109 0.866555 0.000000
1000 28.205889 0.422614 58.879715 -9.172100 -22.739513 0.815172 0.000000
1500 32.411083 0.592941 54.093193 -4.439691 -18.643002 0.807638 0.000000
2000 31.502426 0.411417 59.647583 -7.058302 -22.525623 1.027356 0.000000
2500 29.761627 0.496421 56.576763 -5.819819 -22.347794 0.856057 0.000000
3000 34.546261 0.349715 62.514774 -6.448867 -22.852615 0.983253 0.000000
3500 32.324837 0.822699 57.485626 -4.940873 -21.907915 0.865296 0.000000
4000 35.933464 1.155609 58.282749 -6.442000 -18.088562 1.025670 0.000000
4500 63.541397 0.630125 78.680511 -5.558692 -11.340304 1.129757 0.000000
5000 39.907291 1.771721 63.128403 -6.282451 -19.652805 0.942425 0.000000
500 27.485737 0.679672 52.478828 -7.619155 -19.047695 0.994088 0.000000
1000 34.458691 0.961634 56.694435 -8.101491 -15.904122 0.808231 0.000000
1500 31.677599 1.160908 55.005451 -5.627657 -19.717045 0.855939 0.000000
2000 26.846355 0.745035 54.096169 -8.407125 -20.439924 0.852197 0.000000
2500 30.540646 0.679673 58.636261 -6.313262 -23.286766 0.824741 0.000000
3000 39.765186 1.505298 58.879921 -4.382337 -17.057409 0.819714 0.000000
3500 45.541557 0.425093 65.682922 -4.850255 -16.724386 1.008180 0.000000
4000 34.762932 0.366005 58.411144 -5.180518 -19.664677 0.830977 0.000000
4500 40.742867 0.403188 64.677994 -5.971478 -19.146973 0.780133 0.000000
5000 37.572899 0.504160 59.997028 -6.427101 -17.275589 0.774398 0.000000
500 34.767555 0.712383 55.394222 -5.571983 -16.671936 0.904867 0.000000
1000 36.966999 2.033788 52.866638 -4.931237 -13.792683 0.790492 0.000000
1500 35.914009 1.155452 56.132542 -5.876118 -16.834660 1.336791 0.000000
2000 47.307400 2.395335 63.409389 -4.842092 -14.715199 1.059963 0.000000
2500 47.317570 1.222149 65.690445 -3.765951 -16.790379 0.961307 0.000000
3000 40.132416 0.711926 60.756905 -6.346571 -15.844157 0.854317 0.000000
3500 43.044224 0.639571 55.836620 -3.452679 -11.145384 1.166094 0.000000
4000 56.417400 0.806716 66.828560 -4.653894 -7.470904 0.906921 0.000000
4500 36.162701 1.008336 60.142601 -6.521776 -19.267897 0.801435 0.000000
5000 41.648907 0.964566 64.209129 -6.463188 -17.853523 0.791919 0.000000
500 33.681828 0.318083 58.211555 -6.239481 -19.508490 0.900157 0.000000
1000 28.811834 0.391297 55.057629 -7.395684 -20.214718 0.973310 0.000000
1500 46.576813 1.253642 62.667442 -6.127963 -12.261734 1.045424 0.000000
2000 43.406590 1.214313 61.064854 -6.210343 -13.581149 0.918915 0.000000
2500 33.120071 0.344792 50.421665 -4.590383 -14.172857 1.116851 0.000000
3000 38.261963 0.515213 62.564358 -5.785239 -19.914944 0.882576 0.000000
3500 36.764523 0.546428 58.655922 -6.207892 -17.141621 0.911685 0.000000
4000 28.843342 1.050023 56.977566 -6.118209 -23.983271 0.917234 0.000000
4500 28.011461 0.889044 52.810375 -6.488017 -20.110714 0.910776 0.000000
5000 30.434313 0.668929 56.031803 -10.092433 -16.956577 0.782592 0.000000
500 46.046482 0.521741 57.536301 -2.318327 -10.708029 1.014797 0.000000
1000 51.024651 0.689976 62.638805 -4.274668 -8.901847 0.872385 0.000000
1500 42.457237 0.634844 56.023457 -4.393551 -10.804854 0.997340 0.000000
2000 35.112019 0.431667 52.443939 -5.660508 -12.953564 0.850482 0.000000
2500 41.108757 0.688998 55.934265 -6.076441 -10.281453 0.843387 0.000000
3000 47.373356 0.501293 65.015259 -5.216143 -13.647896 0.720844 0.000000
3500 39.806969 0.581861 50.818378 -5.948128 -6.434665 0.789523 0.000000
4000 43.331097 0.661110 61.749004 -6.719728 -13.167395 0.808109 0.000000
4500 46.775623 0.467684 62.367180 -3.787244 -13.145054 0.873054 0.000000
5000 66.592941 1.170410 64.684135 0.000000 0.000000 0.738393 0.000000
500 59.275948 0.569394 75.219482 -4.536992 -12.785629 0.809693 0.000000
1000 71.043373 1.507842 68.649414 0.000000 0.000000 0.886113 0.000000
1500 56.222019 0.782113 54.287354 0.000000 0.000000 1.152554 0.000000
2000 58.219597 0.493292 59.990082 -2.945764 0.000000 0.681985 0.000000
2500 55.658382 0.758645 58.130459 -0.087725 -4.061276 0.918282 0.000000
3000 69.682999 0.381643 68.303230 0.000000 0.000000 0.998126 0.000000
3500 70.451462 0.870887 68.654289 0.000000 0.000000 0.926288 0.000000
4000 56.210003 0.995526 54.822849 -0.523174 0.000000 0.914803 0.000000
4500 66.882088 0.379503 65.459488 0.000000 0.000000 1.043095 0.000000
5000 84.159103 0.585514 82.749977 -0.049102 0.000000 0.872712 0.000000
500 70.862160 0.485424 69.125916 0.000000 0.000000 1.250819 0.000000
1000 61.871758 0.919721 60.171150 0.000000 0.000000 0.780886 0.000000
1500 74.438126 0.304652 73.330063 0.000000 0.000000 0.803416 0.000000
2000 53.917843 0.464892 62.708981 -3.382564 -6.609957 0.736490 0.000000
2500 58.833447 0.601238 71.102066 -3.145957 -10.720511 0.996617 0.000000
3000 50.579746 0.710058 61.068619 -3.556602 -8.574532 0.932202 0.000000
3500 63.486420 0.366239 73.960274 -3.611801 -8.233086 1.004791 0.000000
4000 54.981564 0.714069 66.838936 -3.046758 -10.602423 1.077741 0.000000
4500 48.187569 0.526442 60.211937 -3.825165 -9.683520 0.957876 0.000000
5000 55.311138 0.951042 66.363670 -2.356548 -10.467393 0.820369 0.000000
500 29.367737 0.510104 49.839554 -5.644093 -16.175318 0.837488 0.000000
1000 28.079172 0.432140 51.738937 -7.862666 -16.957249 0.728011 0.000000
1500 35.268639 0.379642 61.674328 -7.502324 -20.034424 0.751415 0.000000
2000 37.865711 0.502225 65.644028 -9.044358 -19.933872 0.697687 0.000000
2500 22.680735 0.607966 51.740158 -7.971598 -22.409685 0.713893 0.000000
3000 41.827675 0.395758 62.113529 -6.722940 -14.758341 0.799669 0.000000
3500 35.274887 0.422221 53.015247 -6.718040 -12.377634 0.933088 0.000000
4000 41.906033 0.870300 56.332726 -6.678799 -9.615961 0.997769 0.000000
4500 32.198711 0.486022 54.651375 -7.132758 -16.563665 0.757739 0.000000
5000 24.546982 0.484294 51.256874 -7.174356 -20.849115 0.829283 0.000000
500 16.493681 0.469692 46.356033 -9.713557 -21.478191 0.859705 0.000000
1000 26.714588 0.523066 54.441544 -8.448750 -20.700230 0.898957 0.000000
1500 12.115695 0.520329 37.961086 -8.684942 -18.591818 0.911040 0.000000
2000 22.021059 0.558143 46.672764 -8.773738 -17.294600 0.858490 0.000000
2500 29.973726 0.603610 56.848957 -6.996661 -21.329533 0.847352 0.000000
3000 14.447509 0.923916 45.729576 -10.904469 -22.151903 0.850388 0.000000
3500 27.248203 0.342075 56.001858 -9.381071 -20.619410 0.904752 0.000000
4000 28.096859 0.564731 53.004951 -7.591040 -18.639832 0.758049 0.000000
4500 17.257795 0.634628 45.558117 -9.228911 -20.659288 0.953251 0.000000
5000 34.117535 0.758258 64.554787 -9.711020 -22.324268 0.839784 0.000000
500 38.447094 0.747956 58.979179 -5.093750 -17.163410 0.977120 0.000000
1000 32.590221 0.442786 59.579601 -9.028114 -19.281641 0.877590 0.000000
1500 27.540039 1.889053 53.532742 -9.566915 -19.250130 0.935288 0.000000
2000 44.179756 0.933600 56.467552 -4.604955 -9.456929 0.840483 0.000000
2500 33.058754 0.505296 54.581379 -7.075965 -15.799883 0.847931 0.000000
3000 30.328728 0.443023 51.043072 -6.191540 -15.849358 0.883530 0.000000
3500 24.728231 1.802533 52.960739 -7.599830 -23.505352 1.070142 0.000000
4000 6.538900 0.455789 39.388351 -10.451666 -23.726133 0.872561 0.000000
4500 27.632881 0.738021 52.831207 -6.043566 -20.917282 1.024499 0.000000
5000 28.876972 0.712625 52.771904 -5.749514 -19.679899 0.821856 0.000000
500 32.305130 0.278718 51.350624 -4.833364 -15.249144 0.758298 0.000000
1000 48.565147 1.302150 64.495338 -6.178258 -12.023535 0.969451 0.000000
1500 32.422112 0.397122 53.409702 -4.469990 -17.769089 0.854366 0.000000
2000 23.843012 0.258121 51.214405 -6.732032 -21.604557 0.707075 0.000000
2500 19.900509 0.397419 47.199081 -5.992319 -22.489614 0.785944 0.000000
3000 21.771154 0.795530 47.531670 -6.358605 -21.073833 0.876395 0.000000
3500 24.341640 0.711301 48.816925 -7.319296 -18.673063 0.805776 0.000000
4000 29.652956 0.413690 55.356026 -6.641982 -20.258909 0.784134 0.000000
4500 28.128496 0.916391 53.783470 -8.391723 -18.875093 0.695454 0.000000
5000 28.639643 0.493258 53.323658 -8.002090 -17.857620 0.682437 0.000000
500 24.563766 0.627792 50.461384 -7.088745 -20.211849 0.775184 0.000000
1000 31.402679 0.891756 59.260723 -6.084932 -23.451982 0.787111 0.000000
1500 27.183365 0.726555 53.406422 -6.494360 -21.177685 0.722431 0.000000
2000 24.083536 0.641215 51.171017 -5.178441 -23.237417 0.687160 0.000000
2500 24.893412 0.637471 51.301498 -6.471643 -21.353519 0.779607 0.000000
3000 36.347393 1.468804 53.579906 -4.631584 -14.793297 0.723562 0.000000
3500 29.412674 0.255640 53.459415 -4.083978 -20.994930 0.776524 0.000000
4000 24.305586 0.778770 50.760036 -5.405026 -22.670547 0.842351 0.000000
4500 38.537628 0.590314 58.305450 -6.246773 -14.962502 0.851141 0.000000
5000 31.041761 0.624014 53.047157 -4.624602 -18.931139 0.926331 0.000000
500 34.603573 0.500935 57.571636 -4.543312 -19.683411 0.757724 0.000000
1000 36.923050 0.289747 57.068047 -3.866861 -17.410191 0.842305 0.000000
1500 43.867405 0.327736 58.900402 -3.757385 -12.505175 0.901829 0.000000
2000 53.451271 0.740933 68.946541 -5.307884 -11.847912 0.919590 0.000000
2500 30.359180 0.480088 54.642063 -9.463722 -16.186930 0.887682 0.000000
3000 32.932961 0.469731 54.496040 -6.764748 -16.263121 0.995060 0.000000
3500 22.201883 0.427034 50.431908 -8.310870 -21.151232 0.805047 0.000000
4000 25.582771 0.742263 52.661438 -6.128327 -22.511328 0.818723 0.000000
4500 22.081581 0.390496 49.960377 -7.624470 -21.417448 0.772626 0.000000
5000 22.877771 0.431021 49.841900 -8.537447 -19.682144 0.824441 0.000000
500 48.624622 0.477754 52.682705 -0.986050 -4.349949 0.800162 0.000000
1000 55.679249 1.873305 63.713009 -2.630538 -8.213524 0.937002 0.000000
1500 41.827061 0.748001 49.929798 -3.754013 -5.866058 0.769331 0.000000
2000 47.458435 0.580474 63.346230 -4.998505 -12.335871 0.866105 0.000000
2500 49.289249 0.441758 66.311203 -5.652956 -12.749828 0.939071 0.000000
3000 43.868729 1.379837 61.403008 -5.803682 -13.890246 0.779814 0.000000
3500 48.821075 1.219977 71.753220 -5.849681 -19.376560 1.074117 0.000000
4000 38.858089 1.050927 56.012478 -6.793262 -12.374660 0.962609 0.000000
4500 31.515802 2.171379 53.616280 -7.221601 -17.788054 0.737797 0.000000
5000 33.786011 0.717569 57.922737 -7.511226 -18.053335 0.710267 0.000000
500 29.301880 0.692347 56.777527 -7.025968 -21.928339 0.786310 0.000000
1000 33.469501 0.486517 60.116947 -8.763926 -19.194717 0.824680 0.000000
1500 24.258879 0.337951 52.379742 -8.884421 -20.321045 0.746653 0.000000
2000 31.202570 0.464116 57.842556 -6.816634 -21.024948 0.737481 0.000000
2500 29.536289 0.470182 60.229538 -9.231650 -22.774279 0.842500 0.000000
3000 35.860275 0.571358 58.164558 -7.023177 -16.797352 0.944888 0.000000
3500 19.258434 0.459615 49.978874 -8.024949 -23.920252 0.765145 0.000000
4000 21.718105 0.679505 51.960690 -8.804268 -22.941685 0.823864 0.000000
4500 21.701452 0.383393 50.834755 -9.208368 -21.078230 0.769901 0.000000
5000 23.793390 0.488364 50.412159 -6.580335 -21.402262 0.875461 0.000000
500 31.003056 0.687049 59.546410 -7.987521 -22.032127 0.789246 0.000000
1000 22.121025 0.334437 50.691998 -8.411736 -21.254990 0.761315 0.000000
1500 31.268080 0.527614 58.858456 -7.223479 -21.719412 0.824902 0.000000
2000 30.206146 0.342163 57.569923 -6.942381 -21.543674 0.780116 0.000000
2500 36.610950 0.482289 58.154129 -6.666621 -16.179699 0.820854 0.000000
3000 33.948242 0.493051 52.004120 -6.122373 -13.093901 0.667345 0.000000
3500 23.498108 0.441693 50.744289 -7.638982 -20.808455 0.759562 0.000000
4000 17.949329 0.477466 46.963158 -8.137559 -22.176559 0.822823 0.000000
4500 23.969385 1.283937 52.371166 -8.412607 -22.082542 0.809435 0.000000
5000 24.494875 0.405309 53.024593 -10.710560 -19.170338 0.945871 0.000000
500 40.851460 1.039345 56.047100 -4.700755 -12.839895 1.305667 0.000000
1000 45.499432 0.340276 57.337101 -4.098094 -9.267700 1.187850 0.000000
1500 49.910294 1.196208 63.665009 -2.587090 -13.850845 1.487015 0.000000
2000 37.509647 0.447800 49.857613 -4.347587 -9.706708 1.258528 0.000000
2500 33.300945 0.319512 45.771381 -2.787155 -10.906586 0.903793 0.000000
3000 43.333935 0.575564 56.761406 -3.606647 -11.226583 0.830194 0.000000
3500 32.411694 0.854794 47.966774 -2.264855 -14.989780 0.844761 0.000000
4000 45.962097 0.568272 58.465473 -0.960339 -12.978109 0.866797 0.000000
4500 32.323288 0.485214 44.397537 -0.489915 -12.922360 0.852811 0.000000
5000 36.474529 0.564202 52.072208 -1.211381 -15.873758 0.923261 0.000000
500 24.304655 0.407627 53.841103 -7.742787 -23.093321 0.892033 0.000000
1000 34.800407 0.511651 62.187878 -9.166074 -19.460808 0.727761 0.000000
1500 29.739574 0.570706 54.467781 -6.284475 -19.751659 0.737221 0.000000
2000 35.187443 0.471796 55.868660 -7.279490 -14.717950 0.844424 0.000000
2500 32.630386 0.571656 57.452885 -7.609102 -18.628029 0.842975 0.000000
3000 33.311359 0.482293 58.414368 -7.321095 -19.198532 0.934327 0.000000
3500 28.560139 0.906332 57.027607 -7.543957 -22.723736 0.893895 0.000000
4000 21.712500 1.385328 49.828732 -7.819942 -22.426174 0.744558 0.000000
4500 26.567568 0.569371 52.067196 -7.585524 -19.304821 0.821347 0.000000
5000 17.889704 0.909596 47.252960 -9.387776 -21.824871 0.939795 0.000000
500 38.352066 0.486264 61.951626 -6.772038 -18.168476 0.854692 0.000000
1000 44.078197 0.546240 61.142281 -5.900662 -12.714054 1.004392 0.000000
1500 35.041492 1.331244 57.514874 -4.168736 -20.982788 1.346897 0.000000
2000 40.080952 1.086360 60.069225 -4.328881 -17.873091 1.127338 0.000000
2500 40.901035 0.799329 61.143814 -4.762522 -17.235035 0.955453 0.000000
3000 39.375595 0.443065 64.375549 -5.199562 -21.067606 0.824148 0.000000
3500 46.353832 0.577506 64.162079 -4.949378 -14.172342 0.735965 0.000000
4000 37.820766 0.389814 53.178902 -2.746058 -13.995568 0.993681 0.000000
4500 44.506294 0.295446 62.995155 -1.386089 -18.340462 0.942247 0.000000
5000 59.073952 3.893245 66.328575 -4.563439 -7.637541 1.053116 0.000000
500 61.100056 0.889872 66.291916 -1.383328 -5.617635 0.919237 0.000000
1000 57.037178 0.614141 62.830891 -1.621739 -5.668591 0.882475 0.000000
1500 66.987915 1.629917 70.382919 -1.789912 -4.101470 0.866457 0.000000
2000 75.385750 0.637696 73.713463 0.000000 0.000000 1.034595 0.000000
2500 53.323681 0.413212 59.148632 -0.158976 -7.276925 1.197736 0.000000
3000 52.775864 1.735033 59.434296 -0.193742 -9.525997 1.326276 0.000000
3500 47.587082 0.640187 57.491291 -0.153452 -11.820455 1.429513 0.000000
4000 59.131973 0.551042 57.780659 0.000000 0.000000 0.800273 0.000000
4500 67.290230 0.692251 65.612366 0.000000 0.000000 0.985608 0.000000
5000 67.516899 0.398377 68.717392 -2.449664 0.000000 0.850788 0.000000
500 52.147316 0.734755 50.247299 0.000000 0.000000 1.165262 0.000000
1000 64.182106 0.446495 63.040730 0.000000 0.000000 0.694879 0.000000
1500 50.684082 0.773007 49.970882 -1.031554 0.000000 0.971748 0.000000
2000 72.330643 0.773539 70.729439 0.000000 0.000000 0.827668 0.000000
2500 56.151134 0.976495 66.322586 -1.724849 -10.433340 1.010243 0.000000
3000 59.532104 0.446731 66.600250 -1.015215 -7.421217 0.921556 0.000000
3500 66.269279 2.120697 63.145206 0.000000 0.000000 1.003383 0.000000
4000 69.913368 0.518903 70.273621 -1.679509 0.000000 0.800353 0.000000
4500 58.043144 1.075326 61.793804 -0.968260 -5.385109 1.527385 0.000000
5000 71.195084 0.561597 69.946625 0.000000 0.000000 0.686862 0.000000
500 67.204765 0.566836 66.870171 -1.075374 0.000000 0.843131 0.000000
1000 67.403679 0.546351 65.898979 0.000000 0.000000 0.958352 0.000000
1500 70.328346 1.224006 68.184311 0.000000 0.000000 0.920030 0.000000
2000 56.649834 0.583629 56.106720 -0.769342 0.000000 0.728824 0.000000
2500 62.351032 0.376210 61.467510 -0.357808 0.000000 0.865121 0.000000
3000 60.136459 0.726699 58.595127 0.000000 0.000000 0.814633 0.000000
3500 69.324417 0.520168 68.056717 0.000000 0.000000 0.747525 0.000000
4000 58.737480 1.073885 62.250854 -0.439094 -5.532107 1.383941 0.000000
4500 60.987411 0.612296 68.219704 -0.484415 -8.437414 1.077239 0.000000
5000 54.961418 0.543045 63.745049 -0.517579 -9.842813 1.033716 0.000000
500 38.256565 0.507157 50.272907 -4.580415 -8.840372 0.897290 0.000000
1000 28.442806 0.764250 48.788837 -8.420774 -13.630173 0.940669 0.000000
1500 35.511753 0.599107 54.034702 -6.878939 -13.020816 0.777701 0.000000
2000 34.815590 0.588589 56.899677 -8.478094 -15.077478 0.882897 0.000000
2500 38.796371 1.332246 58.747871 -7.296965 -15.018642 1.031864 0.000000
3000 43.734444 0.552814 65.508049 -8.370810 -14.824039 0.868434 0.000000
3500 42.033142 0.423830 61.341690 -5.870414 -14.649424 0.787459 0.000000
4000 41.105160 1.017373 59.754650 -5.381317 -15.161244 0.875699 0.000000
4500 36.028000 0.637923 50.196098 -3.658145 -11.873322 0.725443 0.000000
5000 35.778069 0.932807 52.153111 -4.910200 -13.213518 0.815864 0.000000
500 34.384098 1.064884 49.675327 -4.289391 -12.840807 0.774083 0.000000
1000 40.431469 0.574594 58.733986 -7.163550 -12.469604 0.756047 0.000000
1500 35.171547 0.487526 53.408859 -5.781833 -13.865801 0.922796 0.000000
2000 31.175287 0.498119 50.962582 -7.207473 -13.921729 0.843790 0.000000
2500 35.259289 0.384506 53.808708 -6.276269 -13.504126 0.846469 0.000000
3000 47.646530 0.384471 61.313896 -6.046205 -8.937518 0.931885 0.000000
3500 36.517891 0.328277 55.930840 -7.400262 -13.371468 1.030500 0.000000
4000 42.244568 0.387683 62.365639 -7.231310 -14.127176 0.849730 0.000000
4500 35.742271 0.740845 51.848152 -5.457110 -12.332968 0.943350 0.000000
5000 38.436806 0.340054 54.538055 -6.079190 -11.278194 0.916082 0.000000
500 47.710888 0.697150 59.068245 -3.184911 -9.888618 1.019020 0.000000
1000 38.142342 0.671509 52.525181 -5.607970 -10.464790 1.018415 0.000000
1500 45.926208 0.952394 65.301186 -7.117575 -14.280025 1.070233 0.000000
2000 51.290142 0.513351 67.426361 -5.309766 -12.309296 0.969490 0.000000
2500 42.539909 0.995240 55.016888 -5.090621 -9.181950 0.800353 0.000000
3000 44.307446 0.886276 59.086224 -6.283150 -10.358586 0.976682 0.000000
3500 41.865162 0.398684 55.449932 -5.682411 -9.179624 0.878579 0.000000
4000 29.331320 0.405764 48.065426 -7.187714 -12.771702 0.819545 0.000000
4500 37.453995 0.476958 56.993565 -7.468152 -13.515189 0.966811 0.000000
5000 43.288292 1.132832 61.230484 -6.964077 -12.916740 0.805793 0.000000
500 51.988018 0.534041 65.927002 -5.491990 -9.810073 0.829037 0.000000
1000 41.131859 0.576783 57.333176 -5.294328 -12.485067 1.001295 0.000000
1500 32.661884 0.690333 51.599819 -6.621645 -13.968719 0.962092 0.000000
2000 41.038357 0.764829 55.221153 -6.717344 -9.345313 1.115031 0.000000
2500 47.422211 0.683055 61.202248 -6.877640 -8.468441 0.882989 0.000000
3000 37.907310 0.766330 53.464165 -4.287666 -13.127880 1.092361 0.000000
3500 42.694176 0.632847 53.836338 -6.210718 -6.504838 0.940544 0.000000
4000 37.748833 0.516820 56.547058 -7.535099 -12.703012 0.923063 0.000000
4500 40.051048 0.775022 57.879917 -7.500342 -12.001993 0.898447 0.000000
5000 43.554756 0.572043 58.109936 -5.652043 -10.359421 0.884239 0.000000
500 33.910324 0.444671 59.977871 -8.712430 -18.861736 1.061949 0.000000
1000 49.609322 0.455995 69.519798 -3.762635 -17.746096 1.142258 0.000000
1500 47.289829 0.644486 64.214630 -4.010124 -14.674696 1.115534 0.000000
2000 62.576321 1.395912 78.408005 -4.474204 -13.674405 0.921012 0.000000
2500 40.151062 0.381591 60.148914 -7.199144 -14.271099 1.090800 0.000000
3000 55.299149 0.425855 77.936493 -8.046395 -15.893332 0.876526 0.000000
3500 55.646626 0.198519 70.512192 -6.968813 -9.095518 1.000247 0.000000
4000 57.384102 0.984582 58.026474 -0.250156 -2.316167 0.939368 0.000000
4500 62.532299 2.355739 59.460880 0.000000 0.000000 0.715678 0.000000
5000 71.421165 0.307248 70.044464 0.000000 0.000000 1.069451 0.000000
500 49.612904 0.637339 61.143265 -3.238468 -9.742321 0.813086 0.000000
1000 49.630428 0.407549 48.453854 0.000000 0.000000 0.769025 0.000000
1500 62.777050 0.478530 61.489975 0.000000 0.000000 0.808544 0.000000
2000 67.343155 0.485333 65.890411 0.000000 0.000000 0.967407 0.000000
2500 63.698017 0.376916 63.690468 -1.242579 0.000000 0.873214 0.000000
3000 64.938530 0.376483 63.787743 0.000000 0.000000 0.774309 0.000000
3500 58.046375 0.648786 57.548164 -0.948142 0.000000 0.797569 0.000000
4000 63.854362 0.581287 62.339306 0.000000 0.000000 0.933768 0.000000
4500 62.782833 0.518704 61.994930 -0.627583 0.000000 0.896780 0.000000
5000 73.080307 0.901257 71.189659 0.000000 0.000000 0.989384 0.000000
500 73.359818 1.152225 71.686386 -0.450205 0.000000 0.971416 0.000000
1000 76.739830 1.574916 74.182213 0.000000 0.000000 0.982704 0.000000
1500 63.499264 0.483026 62.100285 0.000000 0.000000 0.915956 0.000000
2000 74.297783 0.293645 73.098183 0.000000 0.000000 0.905954 0.000000
2500 62.739819 0.821591 60.747063 -0.106929 0.000000 1.278097 0.000000
3000 69.903206 1.223451 67.928169 -0.379182 0.000000 1.130770 0.000000
3500 70.183090 0.792110 69.501266 -0.926713 0.000000 0.816427 0.000000
4000 75.713974 0.490102 74.210648 -0.153832 0.000000 1.167056 0.000000
4500 61.926056 0.497726 68.867867 -0.379214 -8.389306 1.328981 0.000000
5000 60.991161 0.594305 64.602913 -0.567218 -4.441056 0.802212 0.000000
500 38.075809 0.674619 62.003914 -5.085608 -20.340231 0.823118 0.000000
1000 33.028126 0.553632 55.341728 -6.075587 -17.790043 0.998399 0.000000
1500 48.192837 1.309770 68.346016 -4.865169 -17.489422 0.891641 0.000000
2000 50.802933 1.000604 63.565186 -4.745955 -9.973047 0.956147 0.000000
2500 39.663776 0.624285 60.842873 -6.203349 -16.689056 1.089028 0.000000
3000 32.478046 0.588977 56.699100 -7.404422 -18.251247 0.845639 0.000000
3500 43.118324 0.457270 59.576019 -6.703243 -10.996476 0.784755 0.000000
4000 37.498348 0.417585 60.152584 -6.851077 -17.281837 1.061092 0.000000
4500 38.345291 1.417982 63.957981 -6.240056 -21.727987 0.937371 0.000000
5000 35.096725 0.480916 61.125061 -7.257061 -20.194523 0.942334 0.000000
500 33.464596 0.734021 54.551983 -4.519442 -18.044540 0.742572 0.000000
1000 37.844505 1.150925 59.753773 -4.622676 -19.263000 0.825486 0.000000
1500 46.220634 0.533696 65.910378 -5.878509 -15.170052 0.825119 0.000000
2000 37.465870 0.551802 56.910980 -4.867117 -15.925409 0.795614 0.000000
2500 32.367226 1.248675 60.324554 -7.351520 -22.702093 0.847609 0.000000
3000 35.022175 0.562109 60.723389 -8.658072 -18.368818 0.763568 0.000000
3500 38.042046 0.285722 60.460823 -5.972439 -17.467775 0.735719 0.000000
4000 38.303135 0.537348 57.047371 -5.246161 -14.861246 0.825825 0.000000
4500 48.899307 0.682838 68.804459 -5.257862 -16.074453 0.744323 0.000000
5000 38.340561 0.841142 54.548981 -5.779384 -11.963895 0.693716 0.000000
500 27.048122 0.583536 53.011024 -9.095573 -18.259186 0.808323 0.000000
1000 29.511732 0.666061 57.234219 -7.662109 -21.678432 0.951994 0.000000
1500 25.922207 0.463819 54.159119 -9.870161 -19.785229 0.954658 0.000000
2000 19.510618 0.452780 47.255817 -8.637249 -20.622952 1.062224 0.000000
2500 28.123985 0.286096 50.842758 -7.556286 -16.523331 1.074750 0.000000
3000 26.780064 0.398782 53.198341 -8.468240 -19.319883 0.971063 0.000000
3500 28.446825 0.448070 50.326950 -7.386185 -15.917708 0.975699 0.000000
4000 36.811764 0.570682 57.585995 -6.728828 -15.586598 0.970512 0.000000
4500 40.417515 0.311467 66.402718 -7.600163 -19.732094 1.035582 0.000000
5000 30.765499 0.561552 53.030369 -6.773634 -17.253693 1.200902 0.000000
500 34.864372 0.519018 58.083282 -6.370838 -18.281960 0.914870 0.000000
1000 30.046379 0.195333 53.107620 -8.215069 -16.023941 0.982438 0.000000
1500 33.676941 0.216947 53.823452 -7.828031 -13.414984 0.879554 0.000000
2000 37.554516 0.481958 55.640598 -5.572360 -13.890339 0.894660 0.000000
2500 57.986992 0.371877 72.913391 -4.764335 -11.457149 0.923208 0.000000
3000 39.111347 0.641923 56.479385 -5.173542 -13.799345 0.962924 0.000000
3500 42.003559 0.489327 62.392849 -5.670959 -16.132805 0.925150 0.000000
4000 42.684170 0.603742 57.289707 -5.220078 -11.264927 1.275727 0.000000
4500 41.237690 0.549520 56.184696 -6.255877 -10.191961 0.951312 0.000000
5000 49.005013 0.943166 58.125397 -4.924355 -6.262900 1.123708 0.000000
500 40.717175 1.724761 59.250580 -6.527700 -14.631793 0.901331 0.000000
1000 50.635490 0.423232 64.900139 -4.942881 -10.823893 1.078896 0.000000
1500 38.893280 0.455681 61.397064 -7.440859 -16.516785 0.998175 0.000000
2000 40.599541 0.749362 67.044388 -6.733331 -21.417698 0.956821 0.000000
2500 41.040863 0.546551 68.371666 -8.639563 -20.042025 0.804231 0.000000
3000 25.893990 0.646901 56.395046 -8.744169 -23.185444 0.781659 0.000000
3500 30.216425 0.756416 58.504311 -7.710806 -22.200802 0.867308 0.000000
4000 32.102478 0.506386 58.974503 -8.009469 -20.280056 0.911113 0.000000
4500 25.274858 0.451603 49.376682 -7.783498 -17.648685 0.878756 0.000000
5000 28.628685 0.458171 54.820194 -6.324986 -21.210073 0.885378 0.000000
500 50.621475 0.485723 68.343231 -5.347725 -14.027464 1.167709 0.000000
1000 41.739418 0.459474 60.619869 -6.408812 -14.581616 1.650501 0.000000
1500 41.908180 0.492958 63.176571 -7.788742 -15.054739 1.082129 0.000000
2000 42.579418 0.234221 53.351295 -5.245057 -6.853653 1.092609 0.000000
2500 49.104347 0.281281 62.295307 -3.364522 -11.357759 1.250038 0.000000
3000 73.098549 1.235644 70.696457 -0.022587 0.000000 1.189036 0.000000
3500 67.687950 0.677234 66.090637 0.000000 0.000000 0.920084 0.000000
4000 64.858917 0.866302 63.003071 0.000000 0.000000 0.989544 0.000000
4500 72.504974 0.624757 71.054771 0.000000 0.000000 0.825449 0.000000
5000 57.109779 0.482546 66.007576 -1.875757 -8.791759 1.287173 0.000000
500 34.088009 0.479110 59.025761 -5.548532 -20.647654 0.779324 0.000000
1000 34.433987 0.376401 55.420532 -5.419761 -16.741430 0.798243 0.000000
1500 28.182613 0.162972 53.647282 -6.083395 -20.358063 0.813816 0.000000
2000 42.219826 0.330556 59.348389 -2.907868 -15.422134 0.870885 0.000000
2500 46.859264 0.971010 62.669518 -3.764618 -14.137192 1.120549 0.000000
3000 51.041111 0.331429 60.673454 -3.673999 -7.144170 0.854397 0.000000
3500 37.886497 0.694580 54.351963 -4.582716 -13.384934 0.807605 0.000000
4000 30.300880 0.286770 52.942604 -2.981725 -21.379475 1.432705 0.000000
4500 45.082626 0.428559 54.293720 -2.190446 -8.516050 1.066842 0.000000
5000 42.328815 1.002320 63.360504 -6.375460 -16.634010 0.975465 0.000000
500 39.752247 0.897178 62.124043 -5.330544 -19.142841 1.204411 0.000000
1000 28.163809 0.547751 52.884644 -5.541074 -20.705017 0.977502 0.000000
1500 28.385654 1.284472 54.344772 -7.097126 -21.107645 0.961179 0.000000
2000 32.405807 1.053087 58.668461 -8.443624 -19.716614 0.844493 0.000000
2500 24.791157 1.086525 50.781853 -5.615920 -22.428221 0.966920 0.000000
3000 40.611065 0.527629 63.204288 -7.466497 -16.664139 1.009780 0.000000
3500 36.676964 1.794417 59.340874 -7.544421 -18.097273 1.183367 0.000000
4000 44.216099 1.563593 65.779732 -6.393230 -17.728411 0.994421 0.000000
4500 33.701332 1.001152 58.035133 -7.496146 -18.719170 0.880363 0.000000
5000 30.920979 0.682026 54.701344 -6.732057 -18.655176 0.924842 0.000000
500 44.126568 0.337558 59.083378 -4.104328 -12.050951 0.860913 0.000000
1000 54.018238 1.368181 66.902451 -3.229625 -12.092049 1.069280 0.000000
1500 57.986607 0.294731 67.382095 -1.928943 -8.982369 1.221090 0.000000
2000 44.431812 0.417562 59.195019 -5.506196 -10.568179 0.893607 0.000000
2500 44.333344 0.388688 67.873238 -4.558002 -20.293007 0.922426 0.000000
3000 40.694351 0.736711 62.255241 -2.743730 -20.416859 0.862987 0.000000
3500 52.515072 0.877033 74.219757 -4.192332 -19.199467 0.810082 0.000000
4000 52.476479 0.657795 72.583778 -5.554061 -16.044432 0.833404 0.000000
4500 42.462925 0.518984 67.212822 -4.654514 -21.476103 0.861737 0.000000
5000 34.242653 0.646033 59.752415 -7.946488 -19.032097 0.822787 0.000000
500 56.956585 1.032432 69.460617 -5.288995 -9.295794 1.048320 0.000000
1000 53.172222 0.394055 58.817455 -3.430969 -3.451436 0.843115 0.000000
1500 51.733772 0.311774 67.912415 -3.247512 -14.246318 1.003416 0.000000
2000 48.296806 2.023455 56.663258 -3.013984 -8.401259 1.025339 0.000000
2500 50.872978 0.373843 68.031914 -3.841736 -14.643729 0.952689 0.000000
3000 46.955544 0.384206 64.364677 -2.249089 -16.620377 1.076124 0.000000
3500 62.335251 0.466192 69.242279 -0.366076 -8.041935 1.034788 0.000000
4000 52.137459 0.739117 67.259285 -1.802920 -15.009894 0.951867 0.000000
4500 47.704998 0.397605 58.444313 -3.601452 -8.491516 0.956046 0.000000
5000 39.613888 0.216969 59.314758 -6.540936 -14.368968 0.992067 0.000000
500 48.240963 0.377420 64.233330 -4.154735 -13.282815 1.067764 0.000000
1000 38.104504 0.579802 55.634350 -5.156878 -13.954752 1.001978 0.000000
1500 45.489555 0.452801 57.538658 -3.453680 -10.060238 1.012011 0.000000
2000 48.449104 1.316703 58.951023 -2.297409 -10.507299 0.986082 0.000000
2500 50.815586 0.634436 65.830276 -2.060272 -14.577888 0.989032 0.000000
3000 55.619324 0.723212 64.384735 -1.709826 -9.143211 1.364413 0.000000
3500 44.180313 0.988248 54.075233 -2.227325 -10.480804 1.824963 0.000000
4000 49.000504 0.715255 63.134628 -1.821211 -14.176296 1.148127 0.000000
4500 52.309254 1.407675 59.010880 -2.148779 -7.021074 1.060551 0.000000
5000 54.338604 0.553189 64.037308 -1.477789 -9.720048 0.945943 0.000000
500 62.143929 0.292701 62.567326 -1.536692 0.000000 0.820594 0.000000
1000 65.659180 0.468298 64.422890 0.000000 0.000000 0.767992 0.000000
1500 59.254871 0.307844 58.080379 0.000000 0.000000 0.866651 0.000000
2000 60.373611 1.299686 63.657429 -0.889138 -4.693230 0.998861 0.000000
2500 65.398705 0.551130 64.511307 -0.483791 0.000000 0.820050 0.000000
3000 64.405273 0.897523 62.921207 -0.145528 0.000000 0.732071 0.000000
3500 58.436802 0.347514 57.224148 0.000000 0.000000 0.865140 0.000000
4000 69.607826 0.415185 68.456848 0.000000 0.000000 0.735792 0.000000
4500 67.710373 1.643048 64.835045 0.000000 0.000000 1.232277 0.000000
5000 79.163834 0.596187 77.714470 0.000000 0.000000 0.853180 0.000000
500 67.256653 0.730695 65.630989 0.000000 0.000000 0.894968 0.000000
1000 52.516933 1.699785 59.953701 -0.577051 -9.483480 0.923983 0.000000
1500 59.877281 0.814867 64.347137 -0.449217 -5.701283 0.865779 0.000000
2000 51.663437 0.405523 67.629913 -3.133446 -14.083542 0.844987 0.000000
2500 57.602909 0.550482 70.816330 -4.510750 -10.145000 0.891844 0.000000
3000 35.877457 0.347101 48.328598 -2.926841 -10.781055 0.909656 0.000000
3500 43.099140 0.877637 54.888783 -3.695719 -9.797007 0.825450 0.000000
4000 57.149403 0.572473 63.949001 -4.478370 -3.707027 0.813324 0.000000
4500 56.221130 1.173836 62.386669 -0.191331 -8.135475 0.987431 0.000000
5000 62.636665 0.526391 64.297707 -0.113228 -3.152679 1.078477 0.000000
500 52.575344 0.408441 69.317886 -4.941651 -12.927408 0.718074 0.000000
1000 57.964451 0.343248 77.912872 -2.008340 -19.110914 0.827588 0.000000
1500 35.613644 0.595988 56.385269 -3.269569 -18.793188 0.695143 0.000000
2000 31.600985 0.508727 58.652279 -6.814674 -21.456974 0.711626 0.000000
2500 40.062092 0.353402 58.265411 -6.773417 -12.460613 0.677307 0.000000
3000 43.990807 0.626564 60.359791 -3.520221 -14.274858 0.799528 0.000000
3500 43.583828 0.342880 62.716442 -4.072171 -16.310696 0.907373 0.000000
4000 37.589935 0.804025 54.535755 -3.498346 -15.136681 0.885183 0.000000
4500 42.018494 0.445266 59.630047 -4.468014 -14.536683 0.947876 0.000000
5000 40.185291 0.575318 59.545139 -4.713444 -16.074944 0.853224 0.000000
500 32.381416 0.271828 57.105556 -5.126311 -20.722538 0.852884 0.000000
1000 27.933229 0.376413 51.435146 -7.823398 -16.794918 0.739984 0.000000
1500 38.983265 0.659547 60.741589 -5.053807 -18.275774 0.911710 0.000000
2000 37.994602 0.899122 56.424683 -4.329222 -16.221287 1.221307 0.000000
2500 42.430050 0.446692 59.814034 -1.550693 -17.071320 0.791335 0.000000
3000 43.443611 0.276676 58.350811 -2.300505 -13.810565 0.927198 0.000000
3500 36.073776 0.259649 52.654625 -3.202683 -14.518887 0.881072 0.000000
4000 38.258335 0.251825 59.736271 -3.362750 -19.124962 0.757949 0.000000
4500 45.596397 0.960906 60.748734 -4.606116 -12.233580 0.726457 0.000000
5000 44.796162 1.573634 61.233456 -5.334678 -13.458296 0.782046 0.000000
500 26.726118 0.503506 52.683510 -7.916896 -19.242155 0.698154 0.000000
1000 35.450146 1.516962 56.587666 -7.175400 -16.319176 0.840097 0.000000
1500 35.298599 0.721966 58.700424 -7.746933 -17.197075 0.820215 0.000000
2000 30.436609 0.709749 49.223804 -4.558643 -15.724350 0.786047 0.000000
2500 36.889362 0.366547 58.496346 -4.463332 -18.519112 1.008915 0.000000
3000 28.751068 0.397706 50.151295 -4.471714 -18.111391 0.785173 0.000000
3500 41.905354 0.737397 64.726990 -4.922080 -19.527126 0.890173 0.000000
4000 35.384190 0.391714 56.127708 -3.951367 -17.962309 0.778437 0.000000
4500 48.976635 0.652875 67.346939 -5.878195 -13.864891 0.719908 0.000000
5000 28.990221 0.518025 51.130264 -6.255317 -17.228382 0.825632 0.000000
500 32.626343 0.688770 60.027927 -7.731099 -21.210003 0.850746 0.000000
1000 33.446831 0.333526 53.125324 -6.198137 -14.704380 0.890494 0.000000
1500 35.115463 0.681267 57.637527 -6.409726 -17.607702 0.814095 0.000000
2000 32.091991 0.369086 56.372620 -5.214603 -20.333601 0.898490 0.000000
2500 37.405807 0.674854 57.787075 -4.610283 -17.269791 0.823950 0.000000
3000 46.496624 0.225190 63.518570 -5.263373 -12.785244 0.801484 0.000000
3500 42.785954 0.753433 63.466633 -4.796064 -17.396542 0.758498 0.000000
4000 40.395260 0.636420 62.808216 -7.803326 -15.970345 0.724294 0.000000
4500 44.589317 0.654456 66.284592 -4.570687 -18.715410 0.936365 0.000000
5000 41.142357 0.469179 55.535168 -4.847889 -10.761816 0.747717 0.000000
