500 40.854782 0.632023 55.750599 -3.690653 -12.766197 0.929008 0.000000
1000 30.363335 0.407109 48.149887 -3.579466 -15.577776 0.963580 0.000000
1500 46.970150 0.674955 62.572842 -3.008598 -14.123572 0.854528 0.000000
2000 41.475029 0.583606 58.904942 -3.207141 -15.588202 0.781824 0.000000
2500 43.267315 1.010278 54.327560 -4.233390 -8.613083 0.775951 0.000000
3000 33.471153 0.397615 54.603703 -5.705868 -16.738422 0.914126 0.000000
3500 38.440018 1.262028 57.049622 -5.021876 -15.960215 1.110458 0.000000
4000 45.106956 0.754397 62.429409 -6.173951 -13.115887 1.212986 0.000000
4500 40.846443 0.380613 51.651390 -4.948043 -7.335150 1.097633 0.000000
5000 39.276852 0.562385 58.908710 -8.288490 -13.591496 1.685742 0.000000
500 25.803064 1.218803 50.098564 -7.934720 -18.483852 0.904268 0.000000
1000 31.872362 1.236379 54.808285 -7.336561 -18.207655 1.371913 0.000000
1500 25.574841 0.386402 48.646881 -4.929877 -19.776354 1.247790 0.000000
2000 23.996548 0.632088 48.546650 -5.360709 -21.151730 1.330251 0.000000
2500 29.996626 1.065276 57.376579 -7.256202 -22.549286 1.360258 0.000000
3000 20.678925 0.865884 49.404163 -8.665954 -22.591049 1.665882 0.000000
3500 22.379410 1.450219 49.696457 -6.224893 -24.615921 2.073547 0.000000
4000 24.697077 0.638858 47.370110 -5.273901 -19.351288 1.313296 0.000000
4500 28.010424 1.162351 49.389244 -5.733919 -17.873991 1.066738 0.000000
5000 25.618622 0.588015 55.919933 -7.178140 -24.718014 1.006824 0.000000
500 26.382242 0.601264 51.904182 -5.715292 -21.280962 0.873050 0.000000
1000 30.774387 1.104484 58.597809 -6.760254 -22.936316 0.768664 0.000000
1500 26.497440 0.586510 49.941750 -5.953906 -18.932127 0.855214 0.000000
2000 30.632175 1.056787 53.848881 -4.873206 -20.160091 0.759807 0.000000
2500 30.413042 0.363588 55.101501 -5.925037 -20.018053 0.891045 0.000000
3000 20.009317 0.366874 47.911751 -6.681531 -22.422050 0.834273 0.000000
3500 20.625370 0.635097 47.868286 -6.697780 -21.963408 0.783174 0.000000
4000 14.970274 0.961234 40.400620 -6.766661 -20.518597 0.893678 0.000000
4500 22.642834 0.756461 49.715282 -5.449817 -23.213612 0.834519 0.000000
5000 29.137518 0.488005 57.088142 -5.547993 -23.724052 0.833414 0.000000
500 26.735903 1.025496 47.163490 -4.769743 -17.801731 1.118391 0.000000
1000 30.269552 0.575108 50.693699 -4.289656 -17.719664 1.010068 0.000000
1500 42.648869 0.294689 62.992050 -2.650999 -19.028614 1.041739 0.000000
2000 36.931995 0.542933 59.173595 -2.519279 -21.318726 1.053469 0.000000
2500 28.858261 0.754495 49.085190 -2.450597 -19.745794 1.214967 0.000000
3000 41.076382 0.901371 56.869080 -3.765381 -14.042730 1.114042 0.000000
3500 42.384727 1.107417 57.021782 -3.343292 -13.552654 1.151475 0.000000
4000 23.639570 2.444669 45.736809 -4.010622 -21.630104 1.098822 0.000000
4500 46.259483 0.788682 60.772312 -2.759950 -13.609327 1.067764 0.000000
5000 39.411201 1.342814 61.015610 -5.449048 -18.701210 1.203033 0.000000
500 23.520947 0.530795 51.992901 -6.984530 -22.948824 0.930604 0.000000
1000 18.090887 0.528302 47.885830 -9.297091 -21.896595 0.870440 0.000000
1500 21.324156 0.530818 50.147926 -9.213884 -21.019119 0.878416 0.000000
2000 25.241545 0.622263 54.246853 -8.429729 -22.016621 0.818776 0.000000
2500 21.519768 0.726754 43.078609 -6.041526 -17.139784 0.895716 0.000000
3000 25.224979 0.562519 47.719769 -7.499135 -16.356104 0.797930 0.000000
3500 19.670227 2.217861 46.584793 -8.249325 -21.898285 1.015182 0.000000
4000 14.245695 0.745305 42.925011 -10.490718 -19.818111 0.884211 0.000000
4500 20.236822 0.449177 41.069145 -7.289541 -14.975142 0.983180 0.000000
5000 20.799791 0.552304 44.213512 -8.967435 -15.938365 0.939775 0.000000
500 27.316460 1.435593 51.112068 -5.217676 -21.262152 1.248625 0.000000
1000 43.353428 1.372831 65.691483 -4.510151 -20.360035 1.159300 0.000000
1500 32.813911 1.795328 52.033432 -3.364482 -18.714748 1.064379 0.000000
2000 42.448017 0.336283 60.640114 -3.915035 -15.905034 1.291687 0.000000
2500 38.276203 0.828231 57.020260 -5.075248 -15.695359 1.198318 0.000000
3000 33.837803 0.830595 57.834564 -7.423302 -18.506443 1.102392 0.000000
3500 30.795185 0.854295 55.468361 -5.492205 -21.375435 1.340171 0.000000
4000 44.949696 0.919113 61.283112 -4.292389 -14.116123 1.155984 0.000000
4500 34.136856 0.471793 55.855053 -3.530610 -19.871443 1.212058 0.000000
5000 38.446144 0.506894 58.136150 -3.684539 -17.744938 1.232578 0.000000
500 30.292610 0.340832 49.781460 -7.717523 -12.940297 0.828137 0.000000
1000 13.824872 0.386618 42.581039 -7.680099 -22.269047 0.806359 0.000000
1500 15.958853 0.576200 43.043964 -9.661126 -18.871613 0.871427 0.000000
2000 22.452887 0.546671 47.751789 -7.244061 -19.400961 0.799450 0.000000
2500 22.308300 0.940940 50.520729 -9.772912 -20.193832 0.813373 0.000000
3000 12.646988 0.643899 43.549854 -8.223411 -24.260845 0.937492 0.000000
3500 20.205851 0.507660 45.754368 -8.165031 -18.726730 0.835585 0.000000
4000 23.362551 0.616467 51.345013 -8.807347 -20.617325 0.825743 0.000000
4500 22.529621 0.446727 51.408142 -9.162444 -20.995138 0.832334 0.000000
5000 17.930832 0.349010 50.211483 -9.223832 -24.421862 1.016031 0.000000
500 35.758392 0.391796 57.107048 -6.954915 -16.104776 1.319236 0.000000
1000 29.835751 0.432463 55.925602 -7.145935 -20.611286 1.234905 0.000000
1500 33.579666 0.560267 56.498890 -7.525886 -18.193998 2.240394 0.000000
2000 27.959303 0.403281 48.919601 -4.589200 -18.278934 1.504553 0.000000
2500 15.978882 0.478594 43.618061 -7.478160 -21.996758 1.357148 0.000000
3000 31.935671 0.412203 51.442612 -5.066717 -16.097807 1.245377 0.000000
3500 34.605289 0.811114 54.938358 -3.215903 -19.175411 1.247133 0.000000
4000 19.862011 0.669985 43.259544 -5.965408 -19.202030 1.099919 0.000000
4500 43.146454 1.618188 56.286068 -4.403354 -11.358975 1.004527 0.000000
5000 39.608223 0.531936 56.808517 -3.934137 -15.195325 1.397228 0.000000
500 30.471436 0.310671 57.201847 -7.058395 -20.913845 0.931156 0.000000
1000 18.947283 0.301352 45.717365 -7.277776 -20.631739 0.838077 0.000000
1500 24.175032 1.090896 52.078835 -7.461816 -22.345337 0.812452 0.000000
2000 22.782913 0.453843 49.533024 -6.298876 -21.735256 0.830181 0.000000
2500 29.145721 0.471607 54.096806 -4.542800 -21.832773 0.952884 0.000000
3000 28.624134 0.515399 55.415699 -7.612401 -20.600941 0.906375 0.000000
3500 37.311977 0.553376 64.374252 -6.530593 -21.967493 0.882435 0.000000
4000 21.875303 0.301804 47.633606 -5.473837 -21.429976 0.843708 0.000000
4500 31.974133 1.863047 52.216400 -5.611157 -17.312918 0.818762 0.000000
5000 27.195721 0.837156 56.239449 -7.617098 -22.997328 0.733542 0.000000
500 21.883623 0.293323 51.624931 -7.073431 -23.633682 0.672479 0.000000
1000 19.041655 0.442575 48.721909 -9.127308 -21.761637 0.766118 0.000000
1500 13.419835 0.548933 43.853683 -9.096353 -22.588507 0.702079 0.000000
2000 18.458818 0.579796 49.447266 -8.262454 -24.104694 0.798906 0.000000
2500 26.330366 0.344678 55.333611 -8.351363 -21.697741 0.701184 0.000000
3000 19.373240 0.567126 50.015228 -9.199032 -22.800295 0.790210 0.000000
3500 22.966808 0.551368 54.793728 -9.941377 -23.165411 0.728499 0.000000
4000 18.887833 0.604082 50.276371 -9.493398 -23.321278 0.822051 0.000000
4500 19.527460 1.224720 50.004597 -10.171947 -22.424250 0.894340 0.000000
5000 17.333382 0.406995 47.095661 -8.710505 -22.231609 0.772839 0.000000
500 34.682419 0.650833 50.132046 -2.791666 -14.144053 0.835259 0.000000
1000 39.322014 1.292132 52.961178 -2.240648 -13.477116 0.786464 0.000000
1500 37.002815 0.652759 51.996685 -2.592946 -13.941689 0.888006 0.000000
2000 39.371159 0.366235 50.559284 -3.484227 -8.948842 0.878707 0.000000
2500 45.593918 1.677506 53.849747 -2.805986 -8.101198 0.973845 0.000000
3000 49.030376 1.097743 58.130707 -2.372856 -8.931566 1.106351 0.000000
3500 52.753830 0.644720 60.296501 -4.009440 -5.038260 0.860309 0.000000
4000 58.305000 2.306710 69.157127 -5.478137 -8.728301 1.047598 0.000000
4500 50.642284 0.927643 61.160984 -3.731253 -8.763399 1.048313 0.000000
5000 47.528336 0.991460 56.755554 -3.690337 -7.618411 1.090073 0.000000
500 44.001438 2.651703 53.038731 -3.196500 -9.767633 1.275134 0.000000
1000 54.278580 0.617209 66.567909 -2.331123 -11.746828 1.171410 0.000000
1500 47.697353 1.656049 55.492477 -2.050986 -8.506249 1.106065 0.000000
2000 50.348045 0.682223 56.024513 -2.116009 -5.364241 1.121559 0.000000
2500 57.755104 1.844270 63.924286 -1.494701 -7.468103 0.949358 0.000000
3000 46.250504 0.622936 57.611160 -3.255538 -9.763254 1.035202 0.000000
3500 46.553936 0.559180 61.792873 -4.839922 -11.932102 0.973909 0.000000
4000 32.608524 0.396714 50.400715 -5.590275 -13.519651 0.921021 0.000000
4500 40.509808 0.469608 55.542870 -3.406680 -13.239925 1.143935 0.000000
5000 44.166798 0.388748 61.029415 -3.048614 -15.180555 0.977801 0.000000
500 42.980194 0.954694 61.860008 -3.618197 -17.332830 1.116525 0.000000
1000 39.166836 0.518684 64.337868 -6.653402 -19.990200 0.953888 0.000000
1500 33.621735 0.597998 61.887447 -6.903608 -22.998692 1.038585 0.000000
2000 39.494907 0.951914 62.780602 -6.850758 -18.434690 1.047838 0.000000
2500 25.884705 1.188563 52.648476 -5.296988 -23.860508 1.205159 0.000000
3000 31.474636 0.609907 57.047127 -5.520822 -21.787928 1.126348 0.000000
3500 27.335182 0.858583 55.114986 -7.054591 -23.058537 1.474743 0.000000
4000 24.994289 0.357448 52.313450 -4.991517 -23.822617 1.137524 0.000000
4500 37.075478 0.959755 60.289181 -4.955195 -20.404858 1.186596 0.000000
5000 33.535408 0.643839 61.589859 -7.214314 -22.608118 1.124145 0.000000
500 23.601679 0.638295 54.173168 -8.567992 -23.462500 0.820708 0.000000
1000 12.557518 0.342289 44.335754 -9.404599 -23.633137 0.917210 0.000000
1500 26.570417 0.687643 56.744514 -10.185172 -21.461277 0.784708 0.000000
2000 24.672684 0.465579 53.399525 -8.047069 -21.960445 0.815093 0.000000
2500 22.978584 0.456663 53.954502 -9.068576 -23.165417 0.801411 0.000000
3000 10.023716 0.373386 39.964417 -8.255114 -22.802326 0.743355 0.000000
3500 11.209302 0.375665 42.644184 -9.604850 -22.863674 0.657979 0.000000
4000 12.216003 0.372195 41.928635 -7.248902 -23.544786 0.708861 0.000000
4500 21.335501 0.493884 49.940727 -8.124079 -21.763332 0.788302 0.000000
5000 18.230618 0.221828 47.986664 -8.010730 -22.659742 0.692599 0.000000
500 12.699484 0.325340 42.331749 -8.749345 -21.924335 0.716074 0.000000
1000 22.415461 0.379450 51.766758 -7.780210 -22.759632 0.809095 0.000000
1500 25.805555 0.540906 50.915951 -6.485785 -20.039696 0.874182 0.000000
2000 18.351912 0.464575 47.104130 -8.531024 -21.459126 0.773359 0.000000
2500 18.463289 0.392464 48.526226 -9.230770 -22.093315 0.868685 0.000000
3000 19.277262 0.355965 50.368004 -10.010242 -22.163427 0.726964 0.000000
3500 27.183430 0.521202 51.696224 -8.752316 -17.159054 0.877373 0.000000
4000 24.662712 0.392475 52.091789 -7.534560 -21.047792 0.760800 0.000000
4500 15.049820 0.443318 40.811340 -7.598158 -19.536047 0.929369 0.000000
5000 26.097347 0.782841 54.112602 -6.028628 -23.569391 0.799926 0.000000
500 18.141335 0.392319 46.524025 -7.546525 -22.057373 0.828888 0.000000
1000 23.167341 0.513863 48.972797 -7.958551 -19.261923 0.901157 0.000000
1500 30.913130 1.493654 53.437836 -6.934594 -17.995792 0.912027 0.000000
2000 21.766109 0.533318 46.664200 -8.634291 -17.730598 0.933482 0.000000
2500 11.304072 0.440888 41.308640 -9.134811 -22.199915 0.889272 0.000000
3000 19.185747 0.714662 42.814339 -6.921796 -18.354967 0.933510 0.000000
3500 9.628050 0.627348 40.639790 -9.971216 -22.480347 0.812477 0.000000
4000 31.700598 0.405426 55.073193 -6.304370 -18.487391 1.013740 0.000000
4500 30.029533 0.412993 51.564831 -6.323485 -16.556751 0.931945 0.000000
5000 10.474060 0.331619 43.192112 -9.945048 -24.017405 0.912783 0.000000
500 17.908339 0.762719 48.177486 -9.674562 -22.232512 0.875205 0.000000
1000 19.343792 0.571308 49.569172 -8.850557 -22.772341 0.826207 0.000000
1500 18.748562 0.353346 47.766178 -8.717631 -21.421473 0.768140 0.000000
2000 15.672526 0.423450 46.864731 -10.683524 -21.670683 0.738553 0.000000
2500 11.225406 0.428595 42.993927 -8.885530 -24.032219 0.720630 0.000000
3000 21.650682 0.551296 50.699299 -8.523643 -21.893751 0.817481 0.000000
3500 29.181137 0.437357 60.776493 -10.378642 -22.497240 0.843172 0.000000
4000 15.752664 0.476359 44.745338 -8.057842 -22.224644 0.813451 0.000000
4500 23.693815 0.352754 49.637260 -6.432223 -20.785671 0.921697 0.000000
5000 17.386211 0.996565 44.526684 -8.283131 -20.574530 0.720625 0.000000
500 23.026117 0.377501 52.574226 -8.630451 -22.060404 0.765244 0.000000
1000 21.987879 0.773981 51.786667 -8.013876 -23.480946 0.922057 0.000000
1500 9.812428 0.542363 41.049782 -9.442032 -23.165846 0.828161 0.000000
2000 21.621609 1.054895 49.230492 -8.886445 -20.649157 0.871825 0.000000
2500 19.592836 0.462789 49.005814 -7.424611 -23.291279 0.840124 0.000000
3000 20.935740 0.383809 48.414776 -8.017069 -20.669163 0.823385 0.000000
3500 17.431051 0.218511 43.123055 -6.416398 -20.272291 0.778176 0.000000
4000 15.100021 0.621739 41.299442 -7.540530 -20.155884 0.875255 0.000000
4500 31.144779 0.491427 52.947765 -4.853820 -18.238007 0.797412 0.000000
5000 26.220610 1.037321 47.308502 -5.907514 -17.137703 0.920000 0.000000
500 44.666687 0.408521 60.488121 -2.789948 -14.371620 0.931615 0.000000
1000 50.541199 0.453080 66.278664 -3.733194 -13.415770 0.958421 0.000000
1500 34.148468 0.283424 50.761513 -4.004342 -13.862091 0.969964 0.000000
2000 41.409847 0.491037 59.054264 -4.689418 -14.457354 1.011318 0.000000
2500 42.858280 0.832382 60.828152 -5.560132 -14.219557 0.977434 0.000000
3000 39.851006 0.833118 57.632473 -5.524259 -14.164550 1.074221 0.000000
3500 47.856907 0.969610 62.571915 -4.232813 -12.281221 0.829417 0.000000
4000 34.344101 0.350588 52.585796 -5.883461 -13.735187 1.026364 0.000000
4500 48.235828 2.193547 62.739597 -3.805724 -14.088806 1.197218 0.000000
5000 41.165024 0.645372 53.472481 -2.661704 -11.710518 1.419396 0.000000
500 53.375301 0.401125 68.471039 -2.622063 -14.006646 1.131846 0.000000
1000 52.365356 0.345687 68.017319 -3.386143 -13.761206 1.149703 0.000000
1500 50.283234 0.440849 65.628769 -2.310659 -14.666568 1.190845 0.000000
2000 49.462933 0.496588 64.028381 -3.358083 -12.837233 1.133274 0.000000
2500 59.207714 0.504553 69.042435 -2.104722 -9.170570 0.936016 0.000000
3000 50.283245 0.499146 62.201126 -1.636956 -12.070372 1.290304 0.000000
3500 61.907619 0.561517 67.672043 -2.232859 -5.094739 1.001657 0.000000
4000 38.575191 0.530667 53.561607 -3.478583 -13.197660 1.159162 0.000000
4500 36.501949 0.535978 54.071739 -4.081535 -15.156233 1.131999 0.000000
5000 44.484745 0.584766 60.401714 -3.461030 -14.049082 1.008373 0.000000
500 49.518440 3.355993 62.301441 -2.567184 -14.655149 1.083345 0.000000
1000 53.251606 1.404082 63.583778 -2.469300 -10.344884 1.077925 0.000000
1500 51.104916 0.817980 60.994255 -1.921155 -9.850258 1.064089 0.000000
2000 40.667793 0.292501 56.951317 -5.544825 -11.928543 0.897346 0.000000
2500 40.090733 0.990885 58.250568 -5.142952 -15.079082 1.071314 0.000000
3000 56.469505 0.506454 67.818504 -2.299679 -10.552122 0.996345 0.000000
3500 41.093307 0.573125 57.766407 -5.326165 -12.901111 0.981052 0.000000
4000 35.494537 0.601183 51.698311 -4.478516 -13.157347 0.830902 0.000000
4500 45.536102 0.970195 60.748852 -3.133797 -14.037901 0.988754 0.000000
5000 44.619976 0.829855 60.285152 -3.807239 -13.620820 0.933028 0.000000
500 32.749584 0.502372 56.032978 -6.058022 -18.705347 0.977604 0.000000
1000 29.531635 0.523817 54.206055 -7.795577 -18.321772 0.919116 0.000000
1500 19.423317 0.468013 45.397751 -8.467365 -18.826536 0.851453 0.000000
2000 27.057945 0.684604 56.235771 -9.209039 -21.641148 0.987755 0.000000
2500 21.300724 0.571636 49.902180 -8.194949 -21.921600 0.943458 0.000000
3000 29.431355 0.610722 53.215286 -6.706401 -18.555084 0.866832 0.000000
3500 19.031452 0.486683 45.701458 -7.622252 -20.303949 0.769514 0.000000
4000 25.324345 0.710128 53.986881 -8.490325 -21.681170 0.798830 0.000000
4500 33.320419 0.703713 59.674583 -6.254353 -21.699322 0.895800 0.000000
5000 35.662537 0.544800 62.355469 -7.559157 -20.430986 0.752411 0.000000
500 35.863998 0.354478 52.961903 -4.106447 -14.595160 1.249228 0.000000
1000 51.966164 0.513637 67.748688 -3.834801 -13.466032 1.004677 0.000000
1500 37.677895 0.674330 54.643993 -4.474831 -14.185959 1.020357 0.000000
2000 48.900650 0.785695 64.359482 -4.022573 -13.191042 0.969088 0.000000
2500 56.633854 0.648930 69.761406 -2.986968 -11.781717 0.992198 0.000000
3000 39.304680 0.783425 56.321625 -4.234333 -14.612785 1.046751 0.000000
3500 31.519089 0.382128 47.842594 -2.833740 -14.932943 1.061049 0.000000
4000 32.518784 0.503857 49.666916 -5.087786 -13.497486 0.933283 0.000000
4500 39.871227 0.585109 58.590618 -6.266268 -14.029293 0.991061 0.000000
5000 44.828026 0.820701 61.305374 -7.833414 -10.460861 0.996225 0.000000
500 29.312891 0.464638 60.073288 -8.894135 -23.156973 0.826072 0.000000
1000 29.166517 0.430639 56.334381 -5.753796 -22.626341 0.781635 0.000000
1500 35.880054 0.712254 63.196072 -7.785483 -21.059654 0.816867 0.000000
2000 31.956255 0.435963 60.026588 -8.431413 -20.970278 0.895394 0.000000
2500 29.525251 0.433624 61.158077 -9.210867 -23.743267 0.887681 0.000000
3000 41.823879 0.568518 63.767265 -7.048609 -16.305273 0.841978 0.000000
3500 29.117571 0.334056 59.164700 -9.246534 -21.919725 0.785077 0.000000
4000 30.365242 0.575936 57.115662 -7.360753 -20.842859 0.877256 0.000000
4500 43.059002 0.522306 68.118515 -8.567394 -17.857130 0.842699 0.000000
5000 33.263371 0.715550 60.959335 -7.968406 -21.315765 0.872659 0.000000
500 38.498501 0.412363 63.726685 -7.757386 -18.781452 0.898293 0.000000
1000 41.220699 0.532285 65.547333 -7.732338 -18.033838 0.907252 0.000000
1500 24.214245 0.360568 52.549480 -8.595658 -20.823805 0.723657 0.000000
2000 28.707079 0.332254 53.041191 -7.219692 -18.150307 0.703630 0.000000
2500 29.906792 0.519189 57.073727 -7.683844 -20.700111 0.697830 0.000000
3000 24.211424 0.407716 54.081215 -8.795382 -22.201275 0.719153 0.000000
3500 24.591318 0.280409 48.648220 -7.202796 -17.850176 0.715664 0.000000
4000 29.467560 0.510727 56.158722 -8.264748 -19.743080 0.805940 0.000000
4500 30.490150 0.718292 52.235779 -6.315155 -17.055191 0.906426 0.000000
5000 29.536585 0.516697 53.759377 -5.548353 -19.977217 0.786079 0.000000
500 31.465366 0.614601 59.062988 -5.772605 -23.312416 0.872800 0.000000
1000 34.089218 0.353227 63.704247 -8.205330 -22.868855 1.105932 0.000000
1500 32.431557 1.319359 60.166618 -7.658500 -22.409805 1.013886 0.000000
2000 32.163143 0.762219 59.904377 -7.775530 -21.608753 0.880829 0.000000
2500 23.856050 0.303892 50.870949 -5.425727 -22.981808 1.088746 0.000000
3000 35.659100 0.859550 57.082211 -5.502681 -17.802502 1.022522 0.000000
3500 26.505085 0.512175 53.269672 -6.581928 -21.818996 1.124161 0.000000
4000 27.231508 1.402988 55.438988 -7.690568 -23.010885 1.090984 0.000000
4500 40.987568 0.593398 64.891129 -4.926680 -20.451870 0.881590 0.000000
5000 49.409801 0.477153 66.781235 -3.851470 -14.945889 0.948775 0.000000
500 30.645960 0.286084 57.710144 -7.053282 -21.123444 0.826457 0.000000
1000 20.048674 0.213577 48.490948 -9.869289 -19.620794 0.834232 0.000000
1500 22.567032 0.423814 53.815651 -8.566685 -24.116707 1.010960 0.000000
2000 18.347948 0.427821 50.205124 -9.478149 -23.678123 0.871275 0.000000
2500 29.519201 1.348029 56.984577 -9.068482 -20.576447 0.831523 0.000000
3000 18.420349 0.372008 46.092640 -8.425541 -20.430836 0.812078 0.000000
3500 24.536427 0.661229 54.424847 -8.585588 -22.899260 0.935197 0.000000
4000 18.000729 0.351894 48.513454 -10.453351 -21.386869 0.975600 0.000000
4500 15.457154 0.604254 46.369099 -9.595593 -22.895462 0.974858 0.000000
5000 17.455776 0.435036 49.494476 -11.033485 -22.428007 0.987756 0.000000
500 31.804720 0.308384 50.579327 -3.529413 -16.388319 0.834744 0.000000
1000 34.610188 0.512679 58.960236 -5.993091 -19.668358 0.798722 0.000000
1500 38.012085 0.595048 57.255173 -4.334857 -16.394413 0.891138 0.000000
2000 30.531183 0.440157 53.238400 -5.242423 -18.765537 0.860590 0.000000
2500 35.434784 0.598760 58.572086 -6.515406 -18.027964 0.807312 0.000000
3000 49.086662 0.595089 67.844757 -4.008928 -16.157036 0.812775 0.000000
3500 46.638985 0.540818 64.671425 -6.002902 -13.385091 0.814736 0.000000
4000 32.371780 0.619596 49.774498 -4.646161 -14.204381 0.828226 0.000000
4500 33.367176 0.621676 53.831375 -4.608951 -17.277225 0.800299 0.000000
5000 33.685463 0.450714 54.381264 -4.562801 -17.386131 0.802417 0.000000
500 25.496174 0.431932 50.065567 -7.256004 -18.597500 0.852180 0.000000
1000 27.103331 0.568995 51.733734 -7.293904 -18.885975 0.980478 0.000000
1500 36.039883 0.495627 63.353821 -8.441000 -20.129911 0.761349 0.000000
2000 31.367479 0.463597 60.449753 -7.872807 -22.448454 0.775392 0.000000
2500 28.838568 0.945125 51.976665 -7.246269 -17.717728 0.880774 0.000000
3000 23.389690 0.551125 51.034332 -9.152436 -19.883411 0.840081 0.000000
3500 29.589104 0.368361 52.387814 -6.928067 -16.997826 0.758820 0.000000
4000 38.711044 0.373868 54.451530 -6.652144 -10.375437 0.913232 0.000000
4500 27.355690 0.556692 49.828514 -7.241960 -16.793701 1.006145 0.000000
5000 25.890038 0.468272 50.081528 -7.239765 -18.333855 0.913856 0.000000
500 34.782867 0.490666 61.542210 -8.176493 -19.924015 0.850497 0.000000
1000 48.467064 2.073600 69.482880 -6.114167 -18.307676 1.332429 0.000000
1500 28.671682 0.428035 57.871975 -9.828896 -20.707823 0.908390 0.000000
2000 34.224854 0.542572 56.365242 -6.930787 -16.819883 1.067713 0.000000
2500 37.303219 0.458786 59.195450 -5.474168 -17.802168 0.925319 0.000000
3000 41.495037 1.216912 64.126068 -7.217329 -17.691223 1.060609 0.000000
3500 31.456932 0.523807 56.631741 -5.968381 -20.608208 0.877972 0.000000
4000 40.325264 0.516083 65.628944 -7.840642 -19.076250 1.097130 0.000000
4500 32.334309 0.575678 60.994308 -8.137189 -22.164616 1.066128 0.000000
5000 30.930353 0.554744 61.910213 -9.538369 -23.045774 1.049538 0.000000
500 40.253231 0.695502 61.437988 -2.695896 -20.134068 0.949705 0.000000
1000 29.278494 0.523180 50.659988 -2.933056 -19.987324 1.015702 0.000000
1500 28.648136 1.071938 46.550964 -2.347830 -17.682545 1.055611 0.000000
2000 40.472900 0.602405 54.396660 -2.603979 -12.936522 1.014336 0.000000
2500 32.961605 0.402671 50.997414 -2.107512 -17.221388 0.890423 0.000000
3000 36.636654 0.841428 55.329449 -3.539330 -16.807938 0.813045 0.000000
3500 28.348240 0.564483 46.844345 -2.795897 -17.203318 0.938628 0.000000
4000 28.788500 0.560376 45.798260 -3.363437 -15.308483 1.101786 0.000000
4500 43.120712 0.849538 60.632481 -2.704792 -17.097895 1.441383 0.000000
5000 30.395981 0.517408 50.030579 -3.626381 -17.574635 1.049012 0.000000
500 30.295683 0.349482 52.610527 -3.838269 -19.793095 0.967036 0.000000
1000 27.750435 0.548925 48.143456 -4.272822 -17.580900 0.911780 0.000000
1500 17.708759 0.742782 43.380283 -5.157737 -22.574671 1.318103 0.000000
2000 42.882721 1.403912 64.385056 -4.688352 -19.342426 1.124527 0.000000
2500 33.920345 0.348192 59.980457 -6.533624 -21.132053 1.257373 0.000000
3000 15.348037 0.257546 41.154579 -6.256595 -21.167992 1.360499 0.000000
3500 24.701748 0.269655 46.657516 -4.253596 -19.235435 1.263611 0.000000
4000 11.131357 0.266003 39.068954 -6.483952 -22.931656 1.212007 0.000000
4500 17.687717 0.481552 45.594276 -7.717049 -22.164694 1.493631 0.000000
5000 20.468992 0.685951 49.333797 -7.453758 -23.372683 1.275684 0.000000
500 25.560312 0.748790 51.811577 -6.923280 -21.307825 1.231049 0.000000
1000 19.341137 0.480769 44.836803 -7.555436 -19.643440 1.222439 0.000000
1500 20.401226 0.352102 48.102287 -8.382683 -20.888313 1.217830 0.000000
2000 25.585245 0.808693 53.879337 -8.794263 -21.636965 1.328442 0.000000
2500 22.269524 0.403967 48.094791 -9.068868 -18.188725 1.028358 0.000000
3000 32.353924 0.619691 58.683647 -8.227586 -19.863651 1.141823 0.000000
3500 25.785301 0.632374 53.720493 -7.925052 -21.566671 0.924158 0.000000
4000 29.902834 1.063224 54.241207 -7.070430 -19.516680 1.185512 0.000000
4500 24.477432 0.953238 48.709099 -5.232643 -21.046877 1.094614 0.000000
5000 31.644127 0.445859 57.993454 -6.068112 -21.703449 0.976375 0.000000
500 39.034698 0.531097 60.104317 -5.300630 -17.524113 1.224027 0.000000
1000 47.866379 3.985534 58.451973 -5.970363 -9.876636 1.275870 0.000000
1500 45.449574 0.532526 60.408295 -5.971373 -10.519716 0.999845 0.000000
2000 46.218971 0.829092 61.496670 -5.348059 -11.853312 1.094581 0.000000
2500 30.216860 0.792330 51.807026 -6.002742 -17.493635 1.113879 0.000000
3000 30.510391 0.446159 53.497757 -6.900553 -17.550697 1.017727 0.000000
3500 32.216549 0.355759 54.566441 -5.718394 -18.080084 1.092829 0.000000
4000 33.084072 0.363575 57.638824 -6.197280 -19.743040 1.021993 0.000000
4500 38.119236 0.431518 56.751659 -5.531284 -14.479385 0.946729 0.000000
5000 25.113914 0.878299 46.392979 -6.445309 -16.859112 1.147056 0.000000
500 35.217701 1.513266 52.788635 -3.935475 -16.234425 1.085698 0.000000
1000 41.431889 1.181136 63.034344 -3.918519 -19.884977 1.019911 0.000000
1500 42.102352 1.226673 59.466389 -5.986033 -13.667471 1.062793 0.000000
2000 34.388027 2.141402 51.107487 -4.268123 -15.613178 1.020441 0.000000
2500 34.306713 0.571957 58.731880 -7.139549 -18.868158 1.010586 0.000000
3000 43.749554 1.244126 64.986488 -5.963911 -17.671881 1.154728 0.000000
3500 39.000790 0.391525 59.978218 -6.297511 -16.296152 1.224713 0.000000
4000 34.341030 0.368036 56.858547 -6.254480 -17.792961 1.161892 0.000000
4500 36.334892 0.585075 58.041367 -4.604370 -18.778446 1.091268 0.000000
5000 28.625334 0.586747 49.959408 -4.720711 -18.420559 1.220449 0.000000
500 29.772451 2.360536 53.458134 -6.309547 -20.686857 0.950188 0.000000
1000 26.705027 0.528666 47.982937 -4.933995 -17.779219 0.906635 0.000000
1500 41.004604 0.540708 54.776951 -5.760696 -9.787101 1.234743 0.000000
2000 37.813690 0.855735 55.098896 -4.740830 -14.381680 0.981568 0.000000
2500 30.330212 0.523636 50.084450 -4.165595 -17.488543 1.376265 0.000000
3000 34.938702 0.915785 52.143578 -4.298874 -14.931314 1.109522 0.000000
3500 30.252687 0.612769 48.549217 -6.830142 -13.184135 1.104979 0.000000
4000 32.467026 1.955692 53.335175 -5.828921 -18.350946 1.356026 0.000000
4500 36.690800 1.606194 58.302456 -5.810296 -18.819153 1.411599 0.000000
5000 45.269497 1.496204 58.032879 -4.863369 -10.459339 1.063122 0.000000
500 39.518738 0.387015 59.958466 -4.235504 -17.669338 1.078099 0.000000
1000 37.475979 0.773152 53.412643 -4.970548 -13.015837 1.276571 0.000000
1500 40.233215 0.555749 58.319138 -4.291198 -15.314800 0.964330 0.000000
2000 32.055717 0.547641 55.396332 -7.685571 -17.322344 1.119659 0.000000
2500 42.195843 0.437143 60.362686 -5.528271 -14.105917 1.030199 0.000000
3000 43.601307 2.172890 63.182495 -4.930963 -17.960022 1.136906 0.000000
3500 30.470097 0.611344 53.268116 -5.428104 -19.073383 1.092126 0.000000
4000 38.950005 0.789533 62.732071 -5.325368 -20.418615 1.172386 0.000000
4500 32.615948 1.649031 58.310986 -8.026171 -20.441339 1.123441 0.000000
5000 29.666208 0.618734 51.421230 -6.099006 -17.389366 1.114619 0.000000
500 27.687387 0.663672 54.953941 -7.149411 -22.070879 1.290062 0.000000
1000 21.894787 0.376716 49.375935 -6.871623 -22.127186 1.140944 0.000000
1500 15.533451 0.377311 40.318008 -6.744753 -19.548590 1.131475 0.000000
2000 17.059399 0.405803 43.101955 -6.121368 -21.423313 1.096321 0.000000
2500 26.205463 0.540677 52.486584 -7.055973 -20.965466 1.199641 0.000000
3000 28.503023 0.480362 55.688168 -7.152612 -21.660858 1.147963 0.000000
3500 26.723690 0.955364 48.700539 -6.653599 -17.622547 1.343933 0.000000
4000 28.500051 0.425763 50.771221 -6.089209 -17.823250 1.215529 0.000000
4500 44.862122 0.768862 67.332016 -6.814594 -17.737251 1.313090 0.000000
5000 39.281540 1.513815 60.475250 -7.378248 -16.753117 1.423841 0.000000
500 31.644022 0.655920 54.168983 -6.625753 -18.249699 1.694571 0.000000
1000 30.229191 0.985828 55.988728 -9.159855 -18.947269 1.361759 0.000000
1500 27.191048 1.469524 51.218727 -9.541136 -17.354832 1.398763 0.000000
2000 22.314535 0.541427 47.863617 -7.455011 -19.856443 1.220943 0.000000
2500 23.026766 0.371227 54.525856 -9.356539 -23.622383 1.108607 0.000000
3000 32.018013 0.608164 55.594704 -7.197980 -18.357454 1.370576 0.000000
3500 26.232815 3.892224 51.123695 -8.739608 -21.160347 1.116851 0.000000
4000 33.895309 0.592055 61.028111 -9.878572 -19.258007 1.411721 0.000000
4500 32.835434 0.490341 59.173992 -6.666119 -21.278866 1.116087 0.000000
5000 31.064137 0.739776 53.799843 -7.424319 -17.050022 0.998860 0.000000
500 35.919636 0.692613 55.597046 -6.447496 -14.922604 1.000075 0.000000
1000 19.063231 0.634271 47.810463 -7.838901 -22.861694 1.319093 0.000000
1500 21.112181 0.458157 48.434601 -7.482796 -21.447735 1.149955 0.000000
2000 20.581059 0.336406 50.607361 -8.209384 -23.340881 1.187557 0.000000
2500 31.357594 0.216203 57.211845 -5.856444 -21.421795 1.207786 0.000000
3000 42.417568 0.438394 63.507168 -4.972209 -17.867987 1.312206 0.000000
3500 27.475258 0.604548 51.355259 -6.312138 -19.484936 1.312522 0.000000
4000 41.500591 0.970849 63.758354 -4.655478 -19.697756 1.124622 0.000000
4500 30.155214 1.458565 52.007133 -5.213941 -19.477901 1.381356 0.000000
5000 43.034264 1.185099 55.540710 -4.117963 -11.065605 1.492025 0.000000
500 39.238789 0.630984 57.939373 -3.751757 -17.151527 1.571717 0.000000
1000 42.770546 0.395399 57.661980 -2.192865 -14.458156 1.364192 0.000000
1500 40.323521 0.455760 64.094131 -3.064974 -22.180126 1.018735 0.000000
2000 24.427349 0.350156 45.668739 -2.993383 -19.819822 1.221659 0.000000
2500 35.381851 0.425511 57.504726 -3.952279 -19.658083 1.061973 0.000000
3000 21.540030 0.525968 45.856823 -5.774644 -20.096622 1.028505 0.000000
3500 45.541981 0.332487 61.447990 -4.697153 -12.519813 0.978468 0.000000
4000 38.645424 0.569450 55.544876 -4.227618 -14.303387 1.062103 0.000000
4500 36.538292 0.411463 58.796665 -5.532080 -18.184330 1.046572 0.000000
5000 36.518040 0.567106 61.679424 -5.755332 -21.111094 1.137936 0.000000
500 48.795731 0.991345 65.775848 -3.540652 -15.760207 1.329395 0.000000
1000 32.641136 0.518007 55.112099 -2.822848 -21.046322 0.880203 0.000000
1500 39.291344 0.469259 59.596237 -3.083683 -18.528418 0.837950 0.000000
2000 33.642681 0.604809 55.887768 -4.274165 -19.450642 0.874912 0.000000
2500 46.015194 0.409928 67.201050 -3.553367 -19.002169 0.959751 0.000000
3000 26.613499 0.380789 52.714485 -4.504818 -22.863884 0.886925 0.000000
3500 50.822781 0.566105 67.124146 -4.148113 -13.735138 1.015787 0.000000
4000 38.000134 0.476834 65.703766 -6.715925 -22.401917 0.937374 0.000000
4500 32.385685 0.719643 55.737801 -2.911104 -21.983704 0.823049 0.000000
5000 43.340382 0.505719 65.205894 -4.102220 -19.087772 0.818755 0.000000
500 48.839268 0.407166 60.084469 -1.891316 -10.975472 1.214419 0.000000
1000 45.757133 0.388594 61.761738 -3.362246 -14.167068 1.136121 0.000000
1500 49.138268 0.563840 65.653389 -1.943165 -16.497036 1.361235 0.000000
2000 43.564892 0.815128 56.406197 -1.535184 -13.291754 1.170507 0.000000
2500 38.847855 1.790139 57.269520 -2.139151 -19.417976 1.345325 0.000000
3000 36.841019 0.499534 59.605755 -2.924569 -21.598360 1.258661 0.000000
3500 42.460640 0.607791 59.314716 -2.299475 -16.469021 1.306628 0.000000
4000 40.452103 1.133389 58.903877 -1.908689 -18.989826 1.313352 0.000000
4500 38.282467 0.659262 59.082890 -2.736938 -19.864693 1.141945 0.000000
5000 30.719252 1.111701 50.420780 -3.195457 -18.839436 1.221663 0.000000
500 52.101662 0.455533 63.384514 -4.480015 -8.496667 1.238295 0.000000
1000 41.706219 1.610700 57.378994 -6.222618 -12.695729 1.634874 0.000000
1500 30.977888 0.702757 49.766914 -5.936238 -15.138930 1.583388 0.000000
2000 32.404510 1.159911 54.883305 -4.876705 -20.382917 1.620918 0.000000
2500 34.634010 0.688102 55.580700 -4.875462 -18.059868 1.300536 0.000000
3000 32.221340 0.608656 49.166912 -5.669130 -13.042075 1.156979 0.000000
3500 28.635956 0.420422 51.153263 -5.653348 -18.580378 1.295997 0.000000
4000 35.971836 0.518108 56.863995 -4.751415 -17.691650 1.032798 0.000000
4500 32.670887 1.115123 54.732391 -6.821218 -17.587568 1.232159 0.000000
5000 23.919418 0.698040 48.709049 -5.628099 -20.925074 1.065501 0.000000
500 28.983532 1.032086 56.987400 -5.376188 -24.992754 1.332987 0.000000
1000 17.968021 0.359943 42.072502 -5.714792 -19.860851 1.111220 0.000000
1500 27.355450 0.332527 53.990250 -5.976408 -22.013288 1.022372 0.000000
2000 25.536415 0.497736 54.917889 -8.109922 -23.030603 1.261315 0.000000
2500 24.632805 0.527625 49.754025 -5.418584 -21.365559 1.135296 0.000000
3000 23.524273 0.444981 47.474457 -6.183789 -19.480421 1.269046 0.000000
3500 16.774029 0.964044 42.670635 -6.578628 -21.399715 1.117694 0.000000
4000 33.969044 1.063299 58.802395 -5.841022 -21.377415 1.321787 0.000000
4500 24.752846 0.256435 51.210236 -5.778588 -22.175980 1.240741 0.000000
5000 37.225441 0.354739 56.446922 -6.069729 -14.825344 1.318853 0.000000
500 43.676250 1.274941 60.027920 -6.506938 -12.001746 0.882076 0.000000
1000 46.300247 0.768525 60.875317 -4.151908 -12.367639 1.175953 0.000000
1500 37.834122 0.480328 53.288296 -4.532255 -12.570559 1.168311 0.000000
2000 33.266712 0.222850 54.348419 -4.656654 -17.546680 0.898778 0.000000
2500 41.807411 0.449895 59.311989 -5.265192 -13.661658 0.972381 0.000000
3000 39.135632 0.484259 57.791828 -5.466414 -14.629161 0.955124 0.000000
3500 43.214767 0.656707 64.554054 -6.054173 -16.935585 0.993761 0.000000
4000 49.031391 0.763312 62.589317 -4.506341 -11.039680 1.224782 0.000000
4500 44.277863 0.796274 66.611618 -7.900321 -16.234549 1.004844 0.000000
5000 40.361755 0.381057 60.620827 -7.231838 -14.422414 1.014123 0.000000
500 38.798748 0.653430 62.920403 -6.344661 -19.275696 0.845273 0.000000
1000 28.339237 0.560994 45.449497 -4.897978 -13.964300 1.191028 0.000000
1500 29.183357 0.438342 45.836552 -4.393725 -13.722860 1.025048 0.000000
2000 32.357384 0.685092 53.551979 -3.516519 -19.289543 0.926373 0.000000
2500 36.211926 0.767623 56.357735 -4.546166 -17.180424 0.813157 0.000000
3000 31.172743 0.325016 50.416855 -4.190698 -16.398706 1.020276 0.000000
3500 33.821583 0.551840 48.360474 -2.343778 -13.799984 1.053031 0.000000
4000 34.592075 0.327736 57.432117 -4.632630 -19.624971 1.089825 0.000000
4500 43.608795 0.597489 60.230625 -2.901157 -15.417288 1.099127 0.000000
5000 38.975853 0.739206 51.280285 -3.368208 -10.846218 1.170794 0.000000
500 45.642197 0.798160 58.774670 -4.070817 -11.078439 1.218619 0.000000
1000 36.120567 0.296306 58.853649 -3.539956 -20.464474 0.975040 0.000000
1500 31.483582 0.802162 52.556873 -4.485452 -18.254339 0.864337 0.000000
2000 40.643753 0.548993 54.023029 -3.647545 -11.341854 1.061130 0.000000
2500 37.765797 1.125753 55.029026 -2.693274 -17.118944 1.423236 0.000000
3000 33.767971 0.486341 54.051620 -3.550372 -18.175083 0.955467 0.000000
3500 44.446846 0.622187 63.178368 -4.093328 -16.232285 0.971901 0.000000
4000 29.203279 0.627973 53.440826 -6.607737 -19.197704 0.939923 0.000000
4500 39.709129 0.538686 59.508591 -5.105869 -16.159534 0.927258 0.000000
5000 43.320065 0.310073 60.714146 -5.737133 -12.976779 1.009756 0.000000
500 41.352020 0.555672 59.437176 -5.991780 -13.701197 1.052148 0.000000
1000 40.648697 0.325542 61.708679 -7.684228 -14.504128 0.802831 0.000000
1500 45.845745 1.517188 59.224625 -5.880592 -9.909988 0.894511 0.000000
2000 27.871981 1.403294 43.255371 -6.127551 -11.650368 0.991237 0.000000
2500 42.301624 0.819108 57.140820 -3.544031 -13.193798 1.079529 0.000000
3000 43.845634 1.516100 66.781403 -6.602477 -18.942163 1.092774 0.000000
3500 36.514675 0.693950 60.437851 -6.708924 -18.832895 0.924696 0.000000
4000 31.278738 0.439354 52.295521 -6.219423 -16.125269 0.888558 0.000000
4500 26.584522 0.263471 52.635715 -7.460300 -19.676565 0.822202 0.000000
5000 37.144524 1.276403 50.468170 -3.490098 -12.114298 1.004348 0.000000
500 32.605381 1.634987 49.974468 -4.819854 -15.088932 0.904711 0.000000
1000 40.562168 0.719892 59.971451 -4.866741 -16.334829 1.072398 0.000000
1500 25.640511 0.723543 52.263420 -8.372355 -19.796890 0.822796 0.000000
2000 26.304493 0.650174 47.779221 -6.025585 -17.125149 1.025834 0.000000
2500 30.080042 0.573993 50.596180 -7.508312 -14.412958 0.831139 0.000000
3000 41.675594 0.649922 61.407524 -6.310030 -14.989117 0.917298 0.000000
3500 19.105684 0.389867 48.846813 -8.663152 -22.436729 0.968885 0.000000
4000 13.152734 0.817216 45.248241 -9.496991 -24.235426 0.819694 0.000000
4500 10.891176 0.314210 39.688053 -6.148660 -23.767700 0.805273 0.000000
5000 36.150787 0.716401 60.423027 -8.977388 -16.928007 0.916757 0.000000
500 33.609818 0.512174 54.657219 -4.980174 -17.272835 0.693437 0.000000
1000 28.372337 0.523439 55.650490 -6.513655 -22.024471 0.736539 0.000000
1500 29.694307 0.314949 50.446442 -5.091475 -16.725340 0.749733 0.000000
2000 36.678856 0.653138 63.947712 -5.814306 -22.967688 0.859993 0.000000
2500 27.815941 0.454093 55.791912 -6.810311 -22.474524 0.854770 0.000000
3000 25.330496 0.357161 52.460148 -6.328439 -21.931164 0.772788 0.000000
3500 22.791054 0.674476 50.187836 -7.264358 -21.727869 0.920970 0.000000
4000 28.856873 0.351504 47.440407 -4.851262 -14.887522 0.803743 0.000000
4500 20.596153 0.281384 49.501884 -9.525672 -20.515896 0.854453 0.000000
5000 22.066019 0.437764 52.782097 -10.615082 -21.450308 0.911548 0.000000
500 18.486048 0.445597 47.972107 -10.387521 -20.339806 0.795668 0.000000
1000 9.846181 0.400902 44.502899 -11.109896 -24.806599 0.858872 0.000000
1500 20.552511 0.338758 46.917206 -5.837679 -21.847214 0.981443 0.000000
2000 21.028738 0.414986 50.954029 -7.971773 -23.282398 0.913893 0.000000
2500 20.676464 0.372532 48.346024 -9.370154 -19.566080 0.894145 0.000000
3000 32.797131 0.355383 54.177490 -5.779545 -16.842743 0.886542 0.000000
3500 33.719658 0.493486 54.165066 -5.052458 -16.674391 0.787956 0.000000
4000 36.000332 2.136500 54.340523 -5.178185 -16.083427 0.784919 0.000000
4500 31.242146 2.650281 50.076477 -5.254518 -17.049095 0.819000 0.000000
5000 21.205732 0.308599 47.090324 -5.055974 -21.956434 0.819218 0.000000
500 27.304909 0.466021 48.180141 -4.973883 -17.112156 0.744786 0.000000
1000 23.069603 0.459207 50.217770 -5.742524 -22.760029 0.895179 0.000000
1500 26.025957 0.459893 53.422363 -5.589181 -23.071053 0.803935 0.000000
2000 14.107295 0.694415 42.897144 -6.454318 -23.968529 0.938582 0.000000
2500 35.777351 0.723245 59.388031 -7.088921 -18.200073 0.955071 0.000000
3000 17.704176 0.353928 41.772606 -6.074408 -19.171772 0.823824 0.000000
3500 20.182077 0.410942 46.703800 -6.761235 -20.934174 0.762743 0.000000
4000 22.700705 0.692122 51.299820 -7.629659 -22.430984 0.769404 0.000000
4500 40.075653 0.464469 61.598534 -6.395352 -16.474669 0.882666 0.000000
5000 25.736654 0.187917 50.006523 -5.783606 -19.498430 0.824249 0.000000
500 30.904345 0.572724 53.185917 -4.721621 -18.837103 0.704430 0.000000
1000 26.120869 0.347787 54.771248 -6.626963 -23.095024 0.723820 0.000000
1500 32.986073 0.298382 55.620541 -5.671809 -17.967564 0.706526 0.000000
2000 26.201700 0.779363 48.444904 -5.472463 -18.472393 0.922289 0.000000
2500 23.886061 0.572454 52.998272 -5.361859 -25.279152 0.956347 0.000000
3000 36.871605 0.789609 61.878708 -6.414797 -20.305552 0.923635 0.000000
3500 28.479036 0.548671 56.075081 -5.781025 -23.268257 0.904566 0.000000
4000 41.668049 0.544875 60.740871 -4.196951 -16.251040 0.830297 0.000000
4500 37.391357 1.030020 64.412781 -6.710391 -22.138664 0.797610 0.000000
5000 29.270718 0.827856 58.817421 -7.430149 -23.756380 0.811967 0.000000
500 31.602444 0.525960 54.866024 -7.972880 -16.623611 0.806954 0.000000
1000 27.741682 0.722667 51.368736 -7.671031 -17.506664 0.827975 0.000000
1500 26.846827 0.858305 47.672180 -7.499812 -14.978501 0.794654 0.000000
2000 22.955040 0.594243 52.280796 -7.880164 -22.911825 0.871992 0.000000
2500 28.253851 0.536893 57.161659 -8.160052 -22.117382 0.832735 0.000000
3000 27.512564 0.577179 55.505905 -10.588973 -18.834364 0.852818 0.000000
3500 24.247887 0.615887 51.677071 -8.381440 -20.462187 0.798555 0.000000
4000 28.234255 0.863170 52.408432 -6.605355 -19.264036 0.832043 0.000000
4500 37.597107 0.656119 55.774666 -4.801750 -15.019297 0.987365 0.000000
5000 38.323452 0.881047 66.630852 -7.042988 -23.081606 0.936147 0.000000
500 18.981878 0.447510 50.413120 -9.014479 -23.745031 0.880757 0.000000
1000 18.240192 0.493625 50.000557 -9.514126 -23.674526 0.934662 0.000000
1500 26.054092 0.449200 46.587048 -7.042723 -14.795479 0.856049 0.000000
2000 22.691797 0.718990 50.085220 -9.225187 -19.745266 0.858038 0.000000
2500 33.337326 0.430823 55.006599 -8.431783 -14.469872 0.801554 0.000000
3000 20.905224 0.288934 51.281685 -8.300693 -23.306210 0.941509 0.000000
3500 22.342237 0.334374 50.328247 -8.004679 -21.163122 0.847416 0.000000
4000 32.749340 0.611861 54.986103 -6.355221 -17.234922 0.741521 0.000000
4500 30.983498 0.728576 58.678043 -8.904863 -20.271612 0.753354 0.000000
5000 26.239338 0.776251 55.831829 -9.140051 -22.168089 0.939402 0.000000
500 31.305611 0.739735 53.381180 -5.991948 -17.647640 0.824284 0.000000
1000 38.187771 0.762281 59.324543 -7.684579 -15.070052 0.855576 0.000000
1500 31.157454 1.601070 50.257690 -5.868854 -15.673204 0.840751 0.000000
2000 38.837482 0.264787 57.562202 -2.843900 -17.153753 1.008143 0.000000
2500 36.809105 0.414324 57.504063 -3.427948 -18.532341 0.851009 0.000000
3000 32.210163 0.482643 52.352890 -3.971489 -17.936985 1.283103 0.000000
3500 32.305546 0.375556 53.469578 -4.771574 -17.677792 0.909777 0.000000
4000 27.418800 0.481822 50.480778 -6.779305 -17.743921 0.979425 0.000000
4500 26.985983 0.611785 51.661663 -6.389291 -19.816738 0.918561 0.000000
5000 34.414509 0.569784 50.508751 -6.626618 -10.857813 0.820399 0.000000
500 26.147097 0.306804 50.950607 -7.329483 -18.736105 0.955273 0.000000
1000 29.801260 0.423756 49.339157 -6.958149 -14.082589 1.079085 0.000000
1500 30.065098 0.352812 51.166264 -6.756313 -15.594180 0.896518 0.000000
2000 21.073475 2.069510 44.827183 -6.386862 -20.444752 1.008401 0.000000
2500 35.439323 0.498379 54.700462 -4.227070 -16.408926 0.876478 0.000000
3000 18.528597 0.333747 41.179710 -5.044611 -18.856222 0.915973 0.000000
3500 38.641754 0.912169 51.289627 -4.555908 -9.896660 0.892526 0.000000
4000 21.689522 1.163365 43.245316 -6.947890 -16.650549 0.879282 0.000000
4500 29.267340 0.542342 51.222713 -6.428891 -17.025616 0.956789 0.000000
5000 22.129589 0.322091 47.418903 -6.244329 -20.402174 1.035098 0.000000
500 22.257938 0.295373 47.988605 -7.427429 -19.456371 0.857761 0.000000
1000 28.316177 0.489285 50.078434 -6.479645 -16.571465 0.799569 0.000000
1500 21.280966 0.511855 49.015381 -7.913944 -21.223577 0.891251 0.000000
2000 14.858459 0.939555 39.899311 -6.864137 -19.976925 0.860653 0.000000
2500 19.959215 0.598090 48.891800 -9.346220 -21.094831 0.910378 0.000000
3000 32.967182 1.516748 51.179020 -7.159307 -13.473359 0.904080 0.000000
3500 13.572608 0.473292 45.270721 -10.488506 -22.667089 0.984189 0.000000
4000 31.628851 0.652065 59.071510 -5.771512 -23.324654 1.001440 0.000000
4500 26.790583 0.840877 53.145554 -6.804237 -21.372383 0.980772 0.000000
5000 28.708441 0.749522 50.193523 -6.974749 -16.366524 1.106665 0.000000
500 27.759594 1.362709 45.824173 -6.675723 -13.915493 1.163928 0.000000
1000 25.513346 0.373830 49.623978 -6.944250 -18.439375 0.899163 0.000000
1500 17.038000 0.296774 41.089153 -6.146213 -19.255833 1.054121 0.000000
2000 27.059731 1.067034 45.217293 -7.422976 -12.775938 0.974318 0.000000
2500 35.480412 0.746475 57.941677 -7.738726 -16.392410 0.923395 0.000000
3000 17.628984 0.686409 44.729816 -9.416288 -19.153513 0.782559 0.000000
3500 25.196815 0.509250 49.681831 -9.608071 -16.153030 0.766833 0.000000
4000 29.758080 0.500186 49.389469 -7.359955 -13.779483 1.007863 0.000000
4500 20.288008 0.867056 42.996216 -7.575897 -16.832621 0.833252 0.000000
5000 22.203325 0.534813 46.453949 -6.730192 -18.931742 0.876496 0.000000
500 32.004162 0.351656 54.817249 -5.290436 -18.720150 0.845843 0.000000
1000 45.548653 0.916126 63.476856 -4.119325 -15.664156 0.939147 0.000000
1500 37.651176 0.424516 57.221523 -3.959051 -16.801971 0.766161 0.000000
2000 35.787563 0.499173 59.247089 -5.305872 -19.647667 0.994838 0.000000
2500 34.945766 0.325890 59.046276 -6.226395 -19.053095 0.853093 0.000000
3000 47.973587 0.524249 66.273346 -6.566942 -13.617914 1.360848 0.000000
3500 40.156811 0.401359 61.700710 -5.710295 -17.328842 1.093881 0.000000
4000 46.499039 0.500974 63.443092 -3.649724 -15.087765 1.292460 0.000000
4500 34.599579 0.617377 54.217697 -4.218614 -17.082994 1.066108 0.000000
5000 34.525650 0.778315 51.457687 -3.603655 -15.339794 1.233096 0.000000
500 27.199997 0.482000 52.588619 -7.587191 -19.164320 0.880891 0.000000
1000 25.595055 0.349453 48.667645 -6.692513 -17.446680 0.717150 0.000000
1500 26.541924 0.619739 51.757946 -7.128358 -19.579990 0.872586 0.000000
2000 22.074659 0.686559 45.269440 -5.250052 -19.490955 0.859670 0.000000
2500 34.124870 0.434837 56.114769 -7.247112 -16.153694 0.976071 0.000000
3000 23.098814 0.445908 47.207184 -7.334298 -18.175114 0.955133 0.000000
3500 26.914902 0.529344 50.068527 -6.932634 -17.675617 0.925282 0.000000
4000 36.048840 0.538078 62.781788 -6.196575 -22.134346 1.059894 0.000000
4500 39.624790 0.437880 54.329586 -5.434776 -10.784117 1.076213 0.000000
5000 29.049395 0.850610 52.683334 -5.396585 -19.942141 0.854175 0.000000
500 3.347270 0.372369 31.519495 -10.371986 -19.116661 0.944052 0.000000
1000 24.502842 0.518165 48.750587 -8.002172 -17.679369 0.915632 0.000000
1500 13.386154 1.391001 42.015556 -8.581346 -22.275467 0.836407 0.000000
2000 9.655991 0.285019 38.805172 -7.528793 -22.923714 1.018307 0.000000
2500 28.657345 0.996865 50.107098 -7.031612 -16.266680 0.851676 0.000000
3000 16.310810 0.168346 46.274178 -7.865499 -23.161236 0.895019 0.000000
3500 19.871176 0.387823 44.485435 -7.230035 -18.506508 0.734460 0.000000
4000 15.332503 0.318339 41.090118 -7.915369 -18.923813 0.763225 0.000000
4500 20.325855 0.291682 51.646481 -8.578448 -23.753742 0.719883 0.000000
5000 27.330074 0.910190 48.400654 -7.475574 -15.229761 0.724566 0.000000
500 17.247244 0.736542 44.351662 -5.296531 -23.404840 0.860412 0.000000
1000 40.133301 1.045853 57.429417 -4.867468 -14.412975 0.938477 0.000000
1500 40.592316 0.613402 59.970928 -5.225768 -15.756108 0.989860 0.000000
2000 34.320538 0.886990 55.366051 -4.900886 -17.835449 0.803833 0.000000
2500 36.084015 0.242113 56.222847 -7.452130 -13.685073 0.756255 0.000000
3000 24.773470 0.795050 44.199505 -6.595602 -14.309384 0.683905 0.000000
3500 20.376835 0.433063 44.780930 -7.743607 -17.790995 0.697442 0.000000
4000 26.248215 1.556731 48.348896 -6.402295 -18.052242 0.797122 0.000000
4500 21.108425 0.382403 46.091942 -8.084204 -18.174885 0.893166 0.000000
5000 26.532005 0.347008 48.939175 -7.025904 -16.514011 0.785740 0.000000
500 34.447186 0.691011 53.449211 -5.268577 -15.269217 0.844761 0.000000
1000 27.321243 0.661072 47.279633 -5.821086 -15.496464 0.698090 0.000000
1500 33.755684 0.446575 58.074955 -7.526207 -18.011696 0.772056 0.000000
2000 22.999920 0.825064 49.743256 -8.200252 -20.172525 0.804381 0.000000
2500 32.557945 0.483402 57.479633 -6.759424 -19.502438 0.856770 0.000000
3000 26.767893 0.475815 52.054958 -7.066220 -19.502230 0.805569 0.000000
3500 24.763645 0.668866 55.039509 -7.762814 -24.163174 0.981258 0.000000
4000 24.953655 1.477719 53.521774 -8.007591 -22.961313 0.923068 0.000000
4500 28.018307 0.300051 55.539963 -7.730584 -20.966722 0.875598 0.000000
5000 44.347523 0.677551 70.395348 -7.613359 -20.002724 0.890705 0.000000
500 15.626257 0.491898 43.359581 -8.436356 -20.665611 0.876745 0.000000
1000 47.223557 0.715257 68.608643 -8.282351 -14.775549 0.957556 0.000000
1500 27.826754 0.327748 55.243328 -10.349976 -18.403030 1.008685 0.000000
2000 25.177666 0.692992 54.660088 -8.072761 -22.973648 0.870995 0.000000
2500 13.113828 1.044700 44.984112 -10.551432 -23.338703 0.975152 0.000000
3000 21.469229 1.038395 52.013222 -9.035993 -23.412752 0.866356 0.000000
3500 25.569490 0.551333 48.084427 -6.508898 -17.433126 0.875755 0.000000
4000 24.130333 0.518643 48.372589 -7.545716 -18.055611 0.840428 0.000000
4500 29.095123 0.470078 56.119228 -8.050632 -20.180317 0.736766 0.000000
5000 16.389885 1.148995 45.189091 -9.626705 -21.011547 0.690052 0.000000
500 19.657148 0.703349 49.477684 -10.574222 -20.645685 0.696021 0.000000
1000 14.326093 0.513712 46.086872 -10.204290 -22.838186 0.767985 0.000000
1500 21.485813 0.491957 51.058376 -9.433133 -21.373852 0.742463 0.000000
2000 20.836998 0.247175 51.835747 -8.750067 -23.280779 0.784922 0.000000
2500 21.893621 0.937916 49.004776 -6.838674 -22.005358 0.794959 0.000000
3000 20.431398 0.496113 46.663616 -7.051701 -20.453144 0.776514 0.000000
3500 25.280640 0.762283 52.716900 -6.656102 -22.261475 0.719032 0.000000
4000 22.238325 0.497571 51.032417 -7.353397 -22.612728 0.674463 0.000000
4500 18.659487 0.765767 43.137428 -7.927168 -18.038540 0.721999 0.000000
5000 29.639915 0.403257 52.452839 -6.795351 -17.187691 0.766862 0.000000
