500 35.051262 0.790377 62.013466 -5.688230 -22.934521 0.870166 0.000000
1000 28.623825 0.501176 49.306358 -5.321888 -16.641743 0.779923 0.000000
1500 20.801851 0.494583 46.694710 -5.603976 -21.686998 0.903534 0.000000
2000 35.564548 0.580668 60.100018 -5.985291 -20.044630 0.913785 0.000000
2500 14.283098 0.406413 44.122269 -7.849141 -23.287174 0.890730 0.000000
3000 22.613476 0.430511 49.029346 -5.973722 -21.697084 0.824423 0.000000
3500 28.257832 1.256887 53.600594 -6.634390 -20.996599 1.031341 0.000000
4000 37.213161 0.616753 61.352112 -3.873463 -21.891571 1.009332 0.000000
4500 28.368893 0.458652 54.261883 -5.019142 -22.115623 0.783124 0.000000
5000 28.126331 0.342961 51.273808 -5.134331 -19.105528 0.749423 0.000000
500 10.290634 0.871945 39.970417 -8.211994 -23.126102 0.786369 0.000000
1000 10.812305 0.348209 41.242676 -7.104625 -24.449677 0.775723 0.000000
1500 25.695745 2.020259 52.644012 -6.488939 -23.244051 0.764466 0.000000
2000 26.628000 0.689980 55.961113 -7.203258 -23.637333 0.817500 0.000000
2500 32.706570 0.652421 57.696762 -6.493914 -19.921228 0.772529 0.000000
3000 15.751963 0.370654 45.617443 -7.652967 -23.304340 0.721174 0.000000
3500 20.445408 0.440440 47.500530 -7.898648 -20.391562 0.794646 0.000000
4000 20.005825 0.702487 48.860458 -7.417610 -22.912535 0.773024 0.000000
4500 23.843372 0.729893 53.369919 -8.606315 -22.525227 0.875104 0.000000
5000 28.145662 0.786876 55.230804 -6.187549 -22.535183 0.850714 0.000000
500 29.283993 0.517349 52.098236 -6.369789 -18.231575 1.269772 0.000000
1000 38.597275 0.644053 56.341545 -4.561624 -15.130041 1.303336 0.000000
1500 35.824821 0.243617 59.515785 -5.924869 -18.967861 0.958151 0.000000
2000 43.457718 0.434132 59.779457 -3.812928 -13.986976 1.044033 0.000000
2500 38.013020 0.660018 65.024994 -6.282832 -22.334824 0.945664 0.000000
3000 33.288151 0.634737 56.760670 -2.187628 -22.712898 0.793274 0.000000
3500 26.974009 0.372316 57.286587 -6.367347 -25.168978 0.851434 0.000000
4000 27.207687 0.586568 56.042393 -7.005768 -23.363123 0.947619 0.000000
4500 19.860077 2.493277 43.441467 -5.634644 -21.494228 1.054203 0.000000
5000 28.337475 0.529424 54.085114 -5.940454 -21.144175 0.807566 0.000000
500 40.129063 0.451742 54.971436 -5.856683 -10.403998 0.966567 0.000000
1000 44.998322 1.125866 55.847755 -3.593019 -9.536081 1.153800 0.000000
1500 43.692081 0.548354 56.506367 -4.243647 -9.906783 0.787792 0.000000
2000 40.014339 0.334035 59.644779 -6.216764 -14.772470 1.024760 0.000000
2500 32.292225 0.571347 52.905357 -6.600346 -15.620622 1.036487 0.000000
3000 40.844822 0.381942 53.304115 -3.716772 -10.147730 1.023266 0.000000
3500 29.815981 0.483358 44.756218 -4.912731 -11.409767 0.898905 0.000000
4000 40.505421 0.611865 55.963409 -3.933136 -12.943304 0.806582 0.000000
4500 41.433323 0.786522 55.061115 -4.358308 -10.981728 0.925720 0.000000
5000 41.356495 0.292705 55.905937 -3.115075 -12.571220 0.844145 0.000000
500 20.932802 0.671323 47.415936 -6.313035 -22.182755 1.341334 0.000000
1000 38.074528 2.011203 60.682526 -5.707069 -20.106241 1.194110 0.000000
1500 23.886265 0.577559 50.994179 -6.369252 -22.570797 1.254573 0.000000
2000 40.506374 0.455728 58.678139 -5.951474 -13.717484 1.041466 0.000000
2500 27.048311 0.216303 54.967091 -7.281748 -21.900503 1.047172 0.000000
3000 23.864174 0.759786 49.239655 -7.340896 -19.735445 0.941076 0.000000
3500 25.570057 1.063922 52.831844 -7.465816 -22.129082 1.269189 0.000000
4000 36.407574 0.851335 53.677532 -5.780108 -13.556990 1.215808 0.000000
4500 18.559744 0.622640 46.651489 -7.085068 -22.561045 0.931728 0.000000
5000 25.262289 0.256722 52.340118 -6.001179 -22.369308 1.035936 0.000000
500 40.334412 0.623758 60.491966 -6.564113 -15.111292 0.894097 0.000000
1000 36.007111 0.339843 52.076553 -7.255124 -9.971695 0.817532 0.000000
1500 54.418144 0.656227 68.352180 -6.346533 -9.157093 0.913365 0.000000
2000 47.879826 1.480055 57.984566 -4.714921 -7.873931 1.004056 0.000000
2500 47.271725 0.395946 62.083416 -5.317125 -10.808545 0.918028 0.000000
3000 37.522583 0.744846 55.104305 -5.487198 -13.951530 1.112161 0.000000
3500 43.632633 0.321873 60.994217 -7.698852 -10.934587 0.949986 0.000000
4000 44.498608 1.064837 63.939842 -5.857701 -15.447742 0.799375 0.000000
4500 35.818123 0.666436 55.395229 -6.282917 -14.723419 0.762793 0.000000
5000 43.321163 0.178694 58.438595 -5.646812 -10.497873 0.848561 0.000000
500 34.065121 0.473011 56.620464 -7.665358 -16.303162 0.940167 0.000000
1000 21.249277 0.426437 48.520206 -7.486221 -21.326824 1.115680 0.000000
1500 25.586372 0.435034 54.079617 -5.725701 -24.398073 1.195494 0.000000
2000 16.431696 0.248194 44.367031 -6.082169 -23.259855 1.158493 0.000000
2500 29.062000 0.426813 58.405186 -9.701978 -20.972750 0.904730 0.000000
3000 30.386036 0.474048 54.136494 -5.800429 -19.535774 1.111699 0.000000
3500 28.619823 0.866153 55.737152 -7.934248 -20.997496 0.948259 0.000000
4000 17.110920 0.392736 46.980904 -7.714304 -23.583485 1.035071 0.000000
4500 25.502733 0.578015 53.645508 -9.683969 -20.118143 1.081322 0.000000
5000 19.992899 0.456782 50.215092 -8.342616 -23.455681 1.119322 0.000000
500 20.519623 0.308164 43.661800 -7.493702 -16.714146 0.757508 0.000000
1000 19.647776 0.362046 48.795956 -6.673757 -23.625221 0.788752 0.000000
1500 21.619905 0.407561 47.359161 -6.604893 -20.294268 0.752342 0.000000
2000 18.132601 0.442507 45.550869 -7.395075 -21.299179 0.833478 0.000000
2500 25.433678 0.487377 53.809761 -6.876266 -22.850494 0.863300 0.000000
3000 22.732491 0.429452 49.768898 -6.394392 -21.875656 0.804191 0.000000
3500 23.081030 0.566631 47.019642 -4.902475 -20.589615 0.986845 0.000000
4000 20.164227 0.539162 47.494434 -5.963203 -22.840342 0.934176 0.000000
4500 25.962990 1.528011 52.675331 -8.677174 -20.499712 0.936534 0.000000
5000 22.701878 0.332188 48.187500 -5.777850 -20.910870 0.870911 0.000000
500 33.934387 0.365890 47.463848 -2.690049 -12.433729 1.228425 0.000000
1000 44.518051 0.339326 61.395370 -1.309697 -16.990646 1.083699 0.000000
1500 40.151039 2.004572 55.632404 -1.282736 -17.772747 1.569544 0.000000
2000 35.523476 0.460817 52.567806 -2.091814 -16.509176 1.095847 0.000000
2500 29.403091 0.312483 50.002499 -2.037971 -19.897270 1.023351 0.000000
3000 24.930756 0.354482 45.617451 -2.834092 -19.129015 0.921931 0.000000
3500 31.105778 0.437214 48.099033 -1.564278 -16.893482 1.027290 0.000000
4000 35.362202 0.701477 49.667511 -2.032597 -13.882195 0.908004 0.000000
4500 44.846428 0.311297 60.067474 -2.001374 -14.521226 0.990253 0.000000
5000 30.207062 0.426741 53.330917 -2.387124 -22.135010 0.971534 0.000000
500 41.020180 1.185869 58.250950 -4.107161 -15.170555 0.861075 0.000000
1000 40.068882 0.695175 56.549900 -3.277566 -14.766190 0.867563 0.000000
1500 43.517845 1.226905 57.876072 -4.267593 -12.397832 1.080291 0.000000
2000 50.809715 2.022182 61.954113 -4.115653 -10.216698 1.165772 0.000000
2500 37.255219 1.550082 53.821667 -4.762016 -14.472713 1.118199 0.000000
3000 41.554619 0.521579 59.308559 -6.301576 -12.986818 1.012872 0.000000
3500 40.682819 1.580862 58.416378 -6.269521 -13.969199 0.924300 0.000000
4000 41.314613 2.316707 55.815979 -4.574825 -13.267983 1.024735 0.000000
4500 36.931343 0.983212 51.631104 -3.500209 -13.141970 0.959204 0.000000
5000 53.002117 0.634202 63.474243 -2.847141 -9.307619 1.048435 0.000000
500 23.600233 1.332563 51.063232 -10.079504 -19.612104 0.896045 0.000000
1000 16.167038 0.539744 48.549919 -9.667844 -24.023643 0.768859 0.000000
1500 16.416634 0.434275 49.266678 -10.482315 -23.592131 0.790124 0.000000
2000 24.414909 0.686601 48.800110 -7.612188 -18.253307 0.793698 0.000000
2500 23.145138 0.534321 53.482925 -8.851877 -22.996069 0.975840 0.000000
3000 19.305229 2.109809 49.332516 -8.218349 -24.742939 0.824192 0.000000
3500 20.567724 0.896284 49.270958 -7.304636 -23.066118 0.771233 0.000000
4000 9.835504 0.294068 41.379345 -8.118333 -24.487967 0.768390 0.000000
4500 18.150656 0.545631 47.005810 -7.886498 -22.363657 0.849368 0.000000
5000 18.564381 1.049054 48.546383 -9.411893 -22.432550 0.813388 0.000000
500 20.959440 1.522100 45.490749 -7.442450 -19.458626 0.847669 0.000000
1000 18.108015 0.548655 42.309563 -7.039217 -18.516777 0.805789 0.000000
1500 14.984581 0.588266 47.108269 -9.744142 -23.837479 0.869667 0.000000
2000 20.572926 0.294697 45.605942 -6.731697 -19.594673 0.998657 0.000000
2500 15.708061 0.491327 46.898293 -9.651351 -23.000547 0.970343 0.000000
3000 20.959982 0.356260 50.565380 -8.164761 -22.644848 0.847953 0.000000
3500 11.763069 0.968579 42.378685 -8.380622 -23.996201 0.792629 0.000000
4000 24.120676 0.890199 53.061470 -9.711905 -20.874649 0.755564 0.000000
4500 12.995054 0.368110 44.194771 -8.852977 -23.515480 0.800631 0.000000
5000 16.771376 1.594144 42.342064 -7.611701 -20.425737 0.872609 0.000000
500 11.248138 1.993270 39.273239 -9.097152 -21.763901 0.842682 0.000000
1000 12.683237 0.533952 40.283337 -7.752267 -21.173544 0.791759 0.000000
1500 21.680136 1.186786 48.586632 -7.848882 -21.241705 0.997303 0.000000
2000 16.074780 0.446892 44.298130 -9.210546 -20.323441 0.863744 0.000000
2500 18.994318 0.578678 45.237480 -6.479743 -21.118229 0.776132 0.000000
3000 13.945120 0.337307 46.146019 -9.158310 -24.218647 0.838751 0.000000
3500 10.955322 1.278748 42.167618 -9.529256 -23.759966 0.798177 0.000000
4000 20.392462 0.987952 47.616596 -7.147479 -21.871489 0.806880 0.000000
4500 18.395777 0.531335 49.149475 -8.748153 -23.256599 0.719721 0.000000
5000 27.642193 0.616234 59.551991 -10.144582 -23.252495 0.871044 0.000000
500 30.284910 0.395482 54.514664 -5.910236 -19.837898 1.122900 0.000000
1000 24.470514 0.297498 50.930187 -6.290374 -21.418411 0.951616 0.000000
1500 28.383711 0.459946 52.953541 -4.967348 -21.214327 1.151902 0.000000
2000 35.673031 0.815828 63.537926 -5.605991 -24.174522 1.099794 0.000000
2500 36.655903 0.258845 60.015491 -5.898522 -18.722107 1.002193 0.000000
3000 41.352928 1.783681 64.427124 -6.208704 -19.698425 1.049251 0.000000
3500 31.824974 0.396213 54.842575 -4.904308 -19.474869 0.965362 0.000000
4000 41.792984 0.389176 69.788902 -6.002840 -23.376318 0.994063 0.000000
4500 27.470407 0.904077 52.088684 -4.859065 -21.956694 1.293407 0.000000
5000 31.238998 0.586005 59.503609 -6.284497 -23.529060 0.962939 0.000000
500 30.654520 1.383970 57.021080 -7.063484 -21.697643 1.010596 0.000000
1000 20.103165 0.442595 50.617386 -7.585727 -24.165728 0.794637 0.000000
1500 29.575367 0.443765 56.758617 -7.559615 -20.873756 0.806359 0.000000
2000 30.904512 0.442969 55.580788 -9.067985 -16.863420 0.812160 0.000000
2500 32.094521 0.392081 59.538876 -10.143756 -18.654701 0.962019 0.000000
3000 16.848904 0.436614 47.551579 -10.374842 -21.848207 1.083761 0.000000
3500 24.146929 0.354503 46.463367 -7.686870 -15.875112 0.891039 0.000000
4000 25.880928 0.483905 54.489830 -8.521376 -21.555679 0.984245 0.000000
4500 31.380135 1.990647 52.007832 -9.618922 -14.306326 1.306906 0.000000
5000 16.192204 0.581228 44.178734 -8.457579 -21.199493 1.089313 0.000000
500 15.589527 0.656294 45.413418 -8.464557 -23.196014 1.180390 0.000000
1000 15.043722 0.508709 43.468964 -9.240280 -21.313452 1.619781 0.000000
1500 12.204221 0.321711 41.498695 -9.186093 -21.823727 1.393632 0.000000
2000 15.098317 0.439792 46.997955 -10.826221 -22.677605 1.164395 0.000000
2500 24.769777 0.590727 53.393356 -9.129498 -21.270060 1.185250 0.000000
3000 19.120026 0.348883 50.705322 -9.437429 -23.906647 1.409897 0.000000
3500 29.706097 0.395198 52.659363 -8.106512 -16.666267 1.424313 0.000000
4000 18.832563 0.965342 48.796165 -7.007923 -25.067135 1.146117 0.000000
4500 24.600166 0.497235 50.760170 -5.318525 -22.443510 1.104796 0.000000
5000 28.755299 0.688392 55.832981 -6.531060 -22.292830 1.057814 0.000000
500 24.211927 0.603252 49.190205 -6.493933 -20.290260 1.202666 0.000000
1000 37.030243 0.912322 64.726494 -6.034598 -23.699448 1.125474 0.000000
1500 44.835735 0.483266 67.471397 -7.640808 -16.640709 1.162587 0.000000
2000 39.306496 0.922723 59.000412 -6.202562 -15.436857 1.022780 0.000000
2500 32.600517 0.376590 60.219044 -5.617973 -23.172140 0.794996 0.000000
3000 35.978153 0.572406 64.343384 -10.001967 -19.976484 1.040821 0.000000
3500 33.727390 0.458954 59.571407 -6.654751 -20.605431 0.957209 0.000000
4000 44.715012 0.661037 60.511600 -2.995045 -14.460056 0.997473 0.000000
4500 38.787754 0.491266 56.655693 -4.896516 -14.667999 1.205310 0.000000
5000 27.812084 0.465170 51.819038 -4.862056 -20.634474 1.024405 0.000000
500 30.471781 0.511051 56.968880 -5.858937 -22.227865 1.078651 0.000000
1000 44.350521 0.591025 65.744728 -3.807408 -19.134718 0.956891 0.000000
1500 31.804653 1.068637 54.811649 -4.758853 -20.364832 1.048051 0.000000
2000 27.749849 0.314709 51.767265 -5.785087 -19.451654 0.904617 0.000000
2500 22.882101 0.775848 51.727230 -7.317959 -23.308172 1.005154 0.000000
3000 24.023851 0.596331 55.253086 -8.693579 -24.058504 0.926517 0.000000
3500 26.692480 0.679542 52.821857 -7.397192 -20.430618 1.018892 0.000000
4000 18.610853 0.329522 47.955482 -6.838132 -23.679312 0.843293 0.000000
4500 26.664248 0.369553 54.625130 -7.661394 -21.505945 0.836903 0.000000
5000 29.905741 0.643304 56.695110 -5.592920 -22.686356 0.846601 0.000000
500 32.933846 0.506950 58.395660 -4.395407 -22.520309 0.946954 0.000000
1000 47.386635 0.401442 67.947289 -3.831876 -18.197105 1.066886 0.000000
1500 31.894747 1.220614 52.388783 -3.574030 -19.128233 0.987614 0.000000
2000 41.923588 0.469719 62.096977 -2.637348 -19.011078 1.005318 0.000000
2500 31.227173 0.474311 51.047482 -3.157416 -18.033916 0.896713 0.000000
3000 27.695953 0.482168 52.860867 -3.295916 -23.170412 0.819250 0.000000
3500 45.148724 0.342142 64.039215 -2.171999 -18.029274 0.968638 0.000000
4000 42.633430 0.530300 60.549820 -1.834885 -17.607664 0.995857 0.000000
4500 31.708473 1.093578 53.005756 -1.812747 -21.450874 0.872760 0.000000
5000 29.607101 0.658070 54.582161 -1.761671 -24.766193 0.894734 0.000000
500 31.717676 0.647093 54.700939 -1.452851 -23.344067 1.166559 0.000000
1000 45.569172 2.315251 62.315102 -2.416135 -17.645636 1.000583 0.000000
1500 26.321632 0.642887 48.126682 -5.375495 -18.208115 1.135673 0.000000
2000 36.048553 0.450820 61.878464 -5.427565 -21.875257 1.022096 0.000000
2500 26.118429 0.589189 52.657822 -5.202293 -22.829988 0.903701 0.000000
3000 26.455997 0.318945 51.077778 -5.743148 -20.132004 0.934429 0.000000
3500 28.056044 1.123446 54.688408 -5.130047 -23.502529 0.876765 0.000000
4000 28.222795 0.364074 54.247238 -3.828908 -23.679611 1.120000 0.000000
4500 23.038269 0.475179 50.413567 -6.601801 -22.263264 1.014592 0.000000
5000 28.956251 0.488482 55.365582 -5.540917 -22.335608 0.978709 0.000000
500 31.875336 0.279895 52.102985 -3.992221 -17.368547 0.853223 0.000000
1000 34.037239 0.385641 58.150589 -4.386728 -21.144325 1.032060 0.000000
1500 32.267239 0.597366 55.078098 -5.597887 -18.807293 0.996951 0.000000
2000 17.274712 0.375396 45.546326 -8.822719 -20.904697 1.080406 0.000000
2500 27.995901 0.467812 53.430630 -6.456406 -20.482513 1.036379 0.000000
3000 25.093536 0.539627 52.387707 -5.595534 -23.263229 1.024968 0.000000
3500 18.402174 0.228472 47.126488 -6.392798 -23.519896 0.959908 0.000000
4000 24.680765 0.556776 55.068615 -6.594338 -25.379847 1.029561 0.000000
4500 30.263948 0.489884 57.402233 -6.402585 -22.196383 0.970799 0.000000
5000 18.989454 0.524905 45.906879 -5.709124 -22.555254 0.822049 0.000000
500 27.769743 0.458448 53.792309 -7.190320 -20.181244 0.890550 0.000000
1000 25.324514 0.356613 54.069294 -6.796431 -23.167635 0.862675 0.000000
1500 21.949099 0.528916 49.394787 -7.567869 -21.329983 0.923246 0.000000
2000 30.632570 0.321208 55.997448 -6.082261 -20.479353 0.875527 0.000000
2500 28.950686 0.791265 57.909157 -6.884667 -23.770302 0.905233 0.000000
3000 26.875925 0.499678 56.764828 -6.719290 -24.477089 0.807799 0.000000
3500 29.969933 0.328642 50.546715 -4.781461 -17.048586 0.924623 0.000000
4000 41.755402 0.385249 63.092068 -4.552598 -18.101414 0.932096 0.000000
4500 40.865788 0.597934 60.549782 -4.787630 -16.752350 1.258049 0.000000
5000 42.982540 0.313964 62.020508 -4.462986 -15.888504 0.999557 0.000000
500 40.967758 0.571754 61.133217 -4.700215 -17.015497 0.978500 0.000000
1000 46.720448 1.927264 66.021332 -6.236135 -15.888582 0.896571 0.000000
1500 39.499847 0.493951 58.375275 -5.180848 -15.083889 0.895361 0.000000
2000 42.237453 0.611175 56.391754 -4.637407 -10.931026 0.802955 0.000000
2500 42.393536 0.419169 64.955620 -6.451301 -17.369057 0.839108 0.000000
3000 29.076229 0.750418 55.513882 -6.223390 -21.736437 0.771752 0.000000
3500 24.317440 0.466295 48.625927 -6.474119 -19.055079 0.754416 0.000000
4000 36.643253 0.366685 63.095936 -7.993560 -19.923597 1.097790 0.000000
4500 29.809006 0.543644 55.677559 -9.345299 -18.152309 1.085412 0.000000
5000 16.538137 0.384096 42.017242 -7.205260 -19.708696 1.050758 0.000000
500 16.909861 0.483709 48.383049 -10.524021 -22.428761 0.995885 0.000000
1000 22.044386 0.291287 49.160614 -7.895000 -20.651413 1.138899 0.000000
1500 25.067717 0.712236 51.927078 -6.596262 -22.170387 1.195051 0.000000
2000 21.307449 0.329679 49.876617 -8.508368 -21.539501 1.149021 0.000000
2500 28.859325 0.348224 57.818794 -8.112281 -22.258984 1.063572 0.000000
3000 34.306934 0.550046 54.823631 -7.623442 -14.393524 0.950224 0.000000
3500 23.637152 0.720362 49.202240 -7.620007 -19.637371 0.971925 0.000000
4000 26.254398 0.551728 56.138096 -9.432755 -21.919994 0.917323 0.000000
4500 22.789293 0.632005 50.043240 -5.890901 -22.885374 0.890324 0.000000
5000 25.800238 0.535232 57.306240 -7.951813 -25.005764 0.916342 0.000000
500 29.772593 0.590333 53.835590 -8.047060 -17.544857 0.938589 0.000000
1000 34.562923 0.337085 58.503677 -7.517828 -17.736977 0.976964 0.000000
1500 36.546444 0.740459 59.902157 -9.006958 -16.201532 1.112316 0.000000
2000 24.581013 0.292102 50.586548 -7.641735 -19.677317 1.021415 0.000000
2500 36.411728 0.847512 57.637562 -7.671185 -15.505667 1.103509 0.000000
3000 29.427395 0.394119 53.677956 -7.540445 -18.004726 0.900489 0.000000
3500 25.612366 0.657789 52.143097 -8.956753 -19.260628 1.028863 0.000000
4000 28.648714 0.535812 52.032188 -7.118414 -17.775270 0.974400 0.000000
4500 22.831137 0.653236 51.602535 -7.394627 -22.854370 0.824361 0.000000
5000 25.557068 0.385838 53.184921 -6.947090 -22.125629 1.059029 0.000000
500 30.164255 0.955579 54.748123 -6.948002 -19.592289 1.000846 0.000000
1000 29.610844 0.270564 53.021072 -5.825317 -18.678108 0.822631 0.000000
1500 27.625710 0.993631 54.883636 -6.234255 -22.785179 0.767879 0.000000
2000 33.018757 0.471268 59.775829 -8.020701 -20.073872 0.866235 0.000000
2500 26.885067 0.402304 54.489273 -7.770308 -21.045345 0.809147 0.000000
3000 26.990376 0.340253 53.587666 -6.817760 -20.981546 0.861765 0.000000
3500 25.285965 0.365530 52.850224 -6.355861 -22.455217 0.881289 0.000000
4000 29.238916 0.435471 55.543495 -5.630850 -22.045349 0.936151 0.000000
4500 32.243999 0.975795 59.453911 -6.050290 -23.140354 1.004935 0.000000
5000 22.471666 0.632086 48.168865 -6.288920 -20.922100 0.881739 0.000000
500 32.650951 1.128143 58.292965 -6.123010 -21.701529 1.054379 0.000000
1000 23.724419 0.515750 51.517151 -4.880748 -24.606239 1.178505 0.000000
1500 33.375370 0.602014 58.713707 -6.915757 -20.055584 1.030989 0.000000
2000 32.972160 1.297374 57.217083 -7.189245 -19.168156 0.815104 0.000000
2500 27.693068 0.484212 53.098690 -6.488370 -20.235397 0.833933 0.000000
3000 27.915632 0.330669 55.631451 -7.462017 -21.479805 0.895335 0.000000
3500 23.017139 0.363259 52.070423 -8.286147 -22.126297 0.995902 0.000000
4000 42.174995 0.809208 64.140785 -7.729848 -16.036961 0.991816 0.000000
4500 33.226925 1.008985 57.262318 -6.225413 -19.787792 0.968830 0.000000
5000 35.632328 0.543856 59.108181 -5.291407 -19.869513 1.141208 0.000000
500 29.631935 0.444186 55.505615 -7.396802 -19.715382 0.794316 0.000000
1000 33.548756 0.522756 60.894779 -8.316578 -20.379234 0.827036 0.000000
1500 30.655008 1.037866 56.091560 -5.794295 -21.557743 0.877623 0.000000
2000 31.397850 0.721883 58.620567 -5.811035 -23.120441 0.986878 0.000000
2500 26.187223 0.389122 55.981308 -9.484342 -21.530996 0.832130 0.000000
3000 24.543478 0.821358 54.240738 -8.845339 -22.606199 0.932919 0.000000
3500 22.624521 0.618902 51.259838 -9.272302 -20.883717 0.901800 0.000000
4000 37.214771 0.760778 66.348099 -7.202666 -23.716131 1.024691 0.000000
4500 32.894871 0.326288 59.931381 -7.617269 -20.678404 0.932871 0.000000
5000 34.464844 0.387144 54.266987 -6.614235 -14.453587 0.878532 0.000000
500 27.597395 0.335581 49.758438 -5.245600 -18.135954 0.884930 0.000000
1000 25.763676 0.413448 49.885456 -4.049899 -21.254887 0.769558 0.000000
1500 31.253529 0.548877 48.341141 -3.113651 -15.344574 0.821735 0.000000
2000 27.896267 0.429811 47.733624 -2.713675 -18.412872 0.859382 0.000000
2500 20.908985 1.160677 41.195580 -4.788689 -17.629734 0.971149 0.000000
3000 38.582741 0.541163 57.156563 -4.083563 -16.034700 1.003281 0.000000
3500 32.874622 0.483543 51.251434 -2.442230 -17.367258 0.949133 0.000000
4000 34.634705 1.044410 55.757801 -3.197000 -19.973629 1.003121 0.000000
4500 33.947350 0.310406 55.806381 -3.591213 -19.663109 1.084886 0.000000
5000 30.273409 0.739793 53.259789 -4.034557 -20.756603 1.064989 0.000000
500 28.899641 0.937033 54.424507 -4.092463 -23.340670 0.971233 0.000000
1000 24.678072 0.605451 50.582294 -5.822703 -21.508144 0.821176 0.000000
1500 20.629578 0.571955 46.953896 -6.952869 -20.960739 1.017334 0.000000
2000 24.802011 0.367503 49.639225 -8.023529 -18.113617 0.932429 0.000000
2500 16.376719 0.440994 47.667496 -9.473521 -23.151220 0.892972 0.000000
3000 27.202333 0.299698 52.351372 -8.189319 -18.199549 0.940132 0.000000
3500 27.264492 0.390038 50.592682 -6.524927 -18.062300 0.868997 0.000000
4000 13.774551 0.624468 43.246822 -7.441594 -23.603907 0.948759 0.000000
4500 18.296358 0.667526 46.813606 -7.472918 -22.596537 0.884681 0.000000
5000 32.464840 0.343614 52.444511 -5.911776 -15.253764 0.842255 0.000000
500 44.127434 0.755955 60.050831 -1.781069 -15.786839 0.888556 0.000000
1000 33.905350 0.331613 55.334679 -4.408300 -18.277233 0.924589 0.000000
1500 38.717510 0.509339 59.607445 -4.080657 -18.276066 0.957452 0.000000
2000 26.804121 0.473889 50.853596 -5.297718 -20.190636 0.964991 0.000000
2500 25.963844 1.357796 51.088371 -7.327291 -20.019352 0.864319 0.000000
3000 30.568392 0.685179 54.178905 -6.226778 -19.261414 1.192496 0.000000
3500 37.957302 0.497204 60.091419 -6.780931 -16.911541 1.061149 0.000000
4000 27.030994 0.473547 51.473866 -7.032236 -18.942860 1.058678 0.000000
4500 24.524971 0.374699 49.287838 -5.856771 -20.266998 0.986203 0.000000
5000 20.105328 0.504550 44.350529 -5.693463 -19.891964 0.835675 0.000000
500 21.158680 0.438207 48.135727 -6.038524 -22.203842 0.827113 0.000000
1000 22.140837 0.735642 50.835644 -6.678022 -23.699686 0.947258 0.000000
1500 26.329653 0.490844 52.129894 -5.733869 -21.347673 0.790456 0.000000
2000 15.221471 0.598001 46.259609 -7.236547 -25.154057 0.754464 0.000000
2500 14.889887 0.543423 43.387554 -7.474892 -22.362335 0.796137 0.000000
3000 14.903627 0.392967 39.546383 -6.349825 -19.489761 0.803865 0.000000
3500 12.331364 0.341693 38.124405 -5.371959 -21.545349 0.782574 0.000000
4000 14.012277 0.385161 42.792755 -6.315180 -23.875980 1.025521 0.000000
4500 11.628790 0.428768 40.602154 -6.074129 -24.316111 0.988106 0.000000
5000 15.468939 0.427672 43.524864 -5.498682 -23.818781 0.833863 0.000000
500 20.781199 0.374425 41.251423 -4.101221 -17.664429 0.921000 0.000000
1000 27.283951 0.382143 51.776382 -6.335922 -19.475700 0.937047 0.000000
1500 30.650080 0.535814 47.395458 -3.474393 -14.618460 0.811657 0.000000
2000 30.634920 0.691323 51.206924 -4.452568 -17.872227 1.061468 0.000000
2500 36.060577 0.565288 54.323345 -2.859504 -16.950214 0.981661 0.000000
3000 40.050865 0.686242 55.787964 -3.277165 -14.018332 0.872154 0.000000
3500 34.821579 1.128760 54.168152 -3.207345 -18.392349 1.124358 0.000000
4000 41.048252 0.426691 60.608139 -5.413782 -15.425039 0.852245 0.000000
4500 35.027233 0.384751 54.185810 -4.583668 -15.837311 0.877652 0.000000
5000 47.493313 0.625758 63.138256 -6.726337 -10.719377 1.175012 0.000000
500 29.290113 0.392108 57.461010 -9.068646 -20.519842 1.025482 0.000000
1000 25.589731 0.903507 49.664322 -7.908628 -18.137335 1.067864 0.000000
1500 28.968258 0.574931 56.845715 -7.558051 -21.889479 0.995143 0.000000
2000 22.893440 0.450513 51.807453 -8.358273 -21.941982 0.935731 0.000000
2500 38.643906 0.561524 63.644825 -5.711907 -20.807837 0.957300 0.000000
3000 27.738443 0.383854 53.938675 -7.202032 -20.572769 1.190714 0.000000
3500 27.456707 0.514680 56.194691 -8.246129 -22.045397 1.038861 0.000000
4000 17.364489 0.367668 48.118519 -7.662798 -24.792290 1.333391 0.000000
4500 22.095219 0.502980 50.139778 -8.369826 -21.199892 1.022181 0.000000
5000 23.821934 0.784440 54.164413 -8.124711 -23.965557 0.963348 0.000000
500 26.418974 0.747153 49.776695 -5.975937 -19.188030 1.059092 0.000000
1000 31.348452 0.318394 57.766342 -6.490964 -21.424414 1.179092 0.000000
1500 28.617065 1.363793 54.747776 -6.780052 -21.736294 1.021844 0.000000
2000 34.471222 0.392526 56.652493 -6.273705 -17.284559 0.984468 0.000000
2500 24.621120 0.575259 49.997002 -5.264086 -21.642597 0.955543 0.000000
3000 36.348499 1.154648 59.381943 -4.749424 -20.353441 0.914776 0.000000
3500 38.497192 0.502237 57.851238 -5.922028 -15.129033 1.194779 0.000000
4000 36.083160 1.865915 59.467754 -6.522363 -20.086922 1.358775 0.000000
4500 27.102562 0.701377 54.391434 -6.800958 -22.212044 1.022750 0.000000
5000 26.115160 0.471304 52.854080 -7.158064 -21.103579 1.051419 0.000000
500 28.027159 0.483854 57.711838 -8.395711 -22.781097 1.008276 0.000000
1000 40.849197 0.517114 61.937576 -7.499493 -15.310875 1.204876 0.000000
1500 35.968670 0.718944 55.768066 -6.282429 -15.373829 1.137916 0.000000
2000 36.179890 0.806278 62.657276 -5.298703 -23.199051 1.214090 0.000000
2500 40.154575 0.720262 65.086151 -5.383135 -21.464474 1.195769 0.000000
3000 23.252531 0.483665 50.008129 -5.357956 -23.099731 1.218424 0.000000
3500 33.404812 0.957314 58.148743 -6.713795 -20.118410 1.130961 0.000000
4000 36.939312 0.620204 60.353699 -7.313202 -18.044508 1.323116 0.000000
4500 25.658031 0.521657 54.386791 -8.600679 -21.640787 0.991049 0.000000
5000 32.166908 0.523178 57.962395 -6.760170 -20.556564 0.998069 0.000000
500 30.354244 0.523576 55.615990 -8.143679 -18.973991 1.332348 0.000000
1000 42.585846 0.886261 59.777988 -6.992003 -12.606894 1.520493 0.000000
1500 26.260321 0.714304 50.237904 -5.038400 -21.086416 1.432930 0.000000
2000 26.242884 0.790667 49.926453 -7.251560 -18.336115 1.113437 0.000000
2500 30.068390 0.676407 53.767742 -5.673776 -19.782497 1.080513 0.000000
3000 37.595726 1.224796 56.836605 -6.459335 -15.182650 1.176306 0.000000
3500 30.238974 0.337959 51.645496 -6.567085 -16.423227 1.245830 0.000000
4000 34.733501 0.449160 56.622627 -5.073832 -18.292452 1.028005 0.000000
4500 36.532166 0.619643 57.017235 -5.524454 -16.866028 1.285766 0.000000
5000 32.246155 1.010525 52.043369 -5.254818 -16.538134 0.985212 0.000000
500 28.264936 0.762133 51.093822 -5.679942 -18.990795 1.079718 0.000000
1000 36.938141 0.773816 59.217506 -5.561338 -18.711998 1.220152 0.000000
1500 33.026577 0.610954 56.896366 -6.803013 -18.785637 1.107907 0.000000
2000 35.045208 0.448388 53.338493 -5.256054 -14.543339 1.057722 0.000000
2500 40.852676 0.281359 61.104450 -5.195823 -16.369129 1.031817 0.000000
3000 35.841026 1.273690 56.962189 -5.506310 -18.054678 1.166137 0.000000
3500 29.168440 0.932644 51.447758 -5.299794 -19.222181 1.310013 0.000000
4000 36.981304 0.414486 57.039494 -3.294511 -18.320854 1.142687 0.000000
4500 42.887779 1.695296 58.804317 -3.060113 -15.523201 0.971478 0.000000
5000 30.457872 1.470876 48.799458 -3.550519 -17.170572 0.908630 0.000000
500 36.240227 0.923411 57.891930 -3.969081 -19.993132 1.387100 0.000000
1000 37.684013 1.499147 52.855511 -3.729067 -14.318626 1.377050 0.000000
1500 38.728634 0.371673 58.738537 -3.918415 -17.459112 0.995953 0.000000
2000 34.579922 0.466532 52.630238 -4.090090 -15.737585 1.310825 0.000000
2500 36.202087 1.488004 58.408974 -5.187827 -19.640804 1.133744 0.000000
3000 40.651562 0.478762 59.599285 -3.127802 -17.488400 1.189712 0.000000
3500 38.186028 0.434558 58.599419 -3.710902 -18.294252 1.157205 0.000000
4000 54.789707 0.444547 71.635155 -2.862011 -15.609737 1.181753 0.000000
4500 42.175896 1.078119 59.099510 -3.429558 -15.747536 1.175363 0.000000
5000 41.525192 0.766087 58.674557 -3.798686 -15.365853 1.249087 0.000000
500 23.289825 0.716506 48.774902 -2.523538 -24.716648 1.038600 0.000000
1000 21.768173 2.072361 44.234238 -3.135469 -22.274536 0.871578 0.000000
1500 22.986120 0.317376 49.642437 -6.113318 -21.620056 0.759684 0.000000
2000 22.863506 1.009493 49.232925 -4.863695 -23.444647 0.929430 0.000000
2500 22.788982 0.589514 50.093807 -6.392635 -22.513369 1.011664 0.000000
3000 20.299314 0.404009 45.733368 -5.375973 -21.541782 1.079691 0.000000
3500 29.246881 0.508971 49.179039 -4.146435 -17.329298 1.034603 0.000000
4000 26.041002 0.343293 50.392441 -5.388580 -20.066275 0.760124 0.000000
4500 19.782179 0.401700 46.343750 -6.514818 -21.243593 0.795143 0.000000
5000 20.982925 1.204000 48.193798 -9.079781 -20.279978 0.944888 0.000000
500 28.326050 1.001620 54.978180 -8.056266 -20.639351 1.041866 0.000000
1000 22.084949 0.571388 48.410652 -6.042692 -21.659931 0.805531 0.000000
1500 31.814026 0.434611 53.447224 -5.477970 -17.354975 0.765135 0.000000
2000 22.186171 0.685794 50.105335 -7.522420 -21.943214 0.860674 0.000000
2500 21.392960 0.343316 50.405277 -7.056168 -23.082289 0.782823 0.000000
3000 23.706095 0.588563 49.987465 -7.589131 -20.027121 0.746319 0.000000
3500 24.317060 0.342126 52.083885 -7.698337 -21.202059 0.791448 0.000000
4000 19.085978 0.223194 47.675949 -8.648952 -21.036657 0.872443 0.000000
4500 26.949862 0.484157 51.664402 -5.373778 -20.580528 0.755610 0.000000
5000 22.868975 0.286848 49.365963 -7.433666 -20.144455 0.794282 0.000000
500 38.018299 0.297872 56.868183 -1.543463 -18.659975 1.055682 0.000000
1000 42.552685 0.374652 60.269123 -2.159108 -17.068504 1.136522 0.000000
1500 35.412788 0.821028 57.524258 -2.211578 -21.832712 1.111793 0.000000
2000 35.309292 0.651105 58.180191 -2.375426 -22.391674 1.245098 0.000000
2500 50.130974 0.520016 63.375237 -2.524001 -12.291512 1.051234 0.000000
3000 50.254822 1.058805 69.739388 -3.558242 -18.161669 1.176537 0.000000
3500 52.190540 0.337761 70.875931 -2.718755 -17.241058 0.936665 0.000000
4000 42.448509 0.758520 58.116215 -1.810839 -15.791306 1.175922 0.000000
4500 42.754055 0.436411 62.076435 -2.827178 -18.181561 1.249949 0.000000
5000 44.918797 0.345816 60.593224 -2.138122 -14.867077 0.984956 0.000000
500 34.917614 0.576517 54.924931 -4.337895 -17.199942 0.953998 0.000000
1000 41.746704 0.556876 64.508446 -5.597179 -18.824495 1.103058 0.000000
1500 36.014042 1.452765 55.304276 -4.134340 -17.586243 0.977583 0.000000
2000 33.426918 0.420717 62.123554 -5.944316 -24.251896 1.078859 0.000000
2500 45.747589 0.601162 62.722317 -3.615641 -14.974388 1.014140 0.000000
3000 35.066803 0.464223 56.951878 -5.824579 -17.294046 0.769325 0.000000
3500 33.129959 0.833885 60.867588 -6.759229 -22.580170 0.767883 0.000000
4000 39.931038 0.347984 64.799759 -5.990222 -20.021978 0.795495 0.000000
4500 25.631334 0.333981 51.010075 -4.855167 -21.627195 0.769641 0.000000
5000 24.843279 0.317679 50.748146 -5.624221 -21.508558 0.910232 0.000000
500 30.365211 0.391580 57.386990 -6.893278 -21.372528 0.852448 0.000000
1000 25.345772 0.623105 54.098236 -7.804200 -22.304356 0.732985 0.000000
1500 31.715216 0.515266 58.761246 -6.815965 -21.621258 0.875924 0.000000
2000 20.859442 0.705485 49.104149 -7.359662 -22.358856 0.768323 0.000000
2500 10.084269 0.236663 40.864071 -9.592678 -22.148129 0.724341 0.000000
3000 18.671978 0.443544 47.347694 -7.903716 -22.005205 0.789663 0.000000
3500 17.267647 0.378826 48.263626 -9.299037 -22.853153 0.777385 0.000000
4000 20.535271 0.489023 48.316795 -7.604820 -21.429916 0.764191 0.000000
4500 27.262732 0.426150 50.236156 -6.552638 -17.652786 0.805850 0.000000
5000 21.550053 0.560920 49.104576 -7.466781 -21.333616 0.684953 0.000000
500 32.324413 0.293948 56.686123 -4.359973 -21.146095 0.850410 0.000000
1000 40.769047 0.717581 59.919182 -4.342968 -16.557440 1.032688 0.000000
1500 31.583162 0.355992 54.061703 -6.149247 -17.574707 0.889422 0.000000
2000 33.693123 0.549749 56.079407 -3.875417 -19.987099 0.926482 0.000000
2500 26.891010 0.332550 51.009987 -4.815000 -20.467178 0.830649 0.000000
3000 31.116768 0.574984 59.678814 -5.987358 -24.247066 1.097394 0.000000
3500 32.548996 0.434033 56.803421 -3.487545 -22.081970 0.881060 0.000000
4000 41.594402 0.635666 60.792118 -4.339475 -16.381706 0.887797 0.000000
4500 33.459595 0.563976 55.128479 -5.111516 -17.994139 0.872795 0.000000
5000 30.943876 0.405153 58.821892 -6.465882 -22.610218 0.792932 0.000000
500 24.521992 0.208284 51.456245 -8.412527 -19.431644 0.701637 0.000000
1000 18.093929 0.488591 51.023918 -10.120580 -24.150396 0.852396 0.000000
1500 12.114774 0.474868 44.081398 -9.944302 -23.314249 0.817057 0.000000
2000 19.715349 0.857662 49.125687 -9.175627 -21.894527 0.802153 0.000000
2500 14.710257 0.437651 43.928711 -8.529450 -21.950569 0.823912 0.000000
3000 25.093756 1.286134 52.306419 -8.845208 -20.529440 0.875850 0.000000
3500 23.731903 0.310566 54.002991 -8.778092 -22.630482 0.826919 0.000000
4000 19.252113 0.679125 48.096474 -8.686476 -21.713631 0.876618 0.000000
4500 15.145839 0.615271 46.491226 -9.313643 -23.430489 0.783473 0.000000
5000 9.966038 0.459380 41.382710 -9.499363 -23.271080 0.894390 0.000000
500 32.275871 0.495301 54.019680 -5.620180 -17.651587 1.032658 0.000000
1000 25.742737 0.388993 50.001217 -6.998236 -18.527126 0.877887 0.000000
1500 32.047039 0.319707 52.319141 -5.707841 -15.872805 0.988836 0.000000
2000 31.237864 0.654606 53.920898 -6.781276 -17.525427 0.969063 0.000000
2500 31.938385 0.457020 53.961174 -5.673102 -17.700056 0.893350 0.000000
3000 25.021204 0.483121 46.711800 -4.733135 -18.257755 0.817176 0.000000
3500 32.809189 0.934324 54.643467 -3.932235 -19.850866 1.014502 0.000000
4000 27.893421 0.558842 53.272923 -5.332241 -21.593550 0.987447 0.000000
4500 25.291599 0.678765 48.174431 -4.260172 -20.214270 0.912847 0.000000
5000 23.800890 0.571806 48.290836 -5.918921 -19.918316 0.775488 0.000000
500 32.545891 0.949609 52.815186 -3.499134 -18.579643 0.859875 0.000000
1000 36.028828 0.428497 56.240791 -4.156657 -17.224098 0.740294 0.000000
1500 31.174885 0.595694 49.585186 -3.861566 -16.017809 0.873376 0.000000
2000 32.136002 0.731097 57.916943 -5.198936 -22.008518 0.695416 0.000000
2500 27.873287 0.937181 51.246048 -6.343443 -18.758362 0.791867 0.000000
3000 26.416121 0.498866 47.980606 -5.146477 -17.818056 0.901181 0.000000
3500 24.898516 0.305233 46.682152 -4.935324 -17.847649 0.694105 0.000000
4000 26.137575 0.730609 49.772243 -4.651574 -20.435486 0.721781 0.000000
4500 31.103460 0.529815 55.121979 -5.078942 -20.265253 0.795860 0.000000
5000 29.028959 0.460689 46.862076 -6.575383 -12.594037 0.875613 0.000000
500 25.578442 0.502532 53.282940 -5.699949 -23.417166 0.910083 0.000000
1000 34.296227 0.524549 63.588348 -6.223293 -24.498615 0.905234 0.000000
1500 24.018631 1.020227 52.431999 -6.956822 -23.325348 0.848577 0.000000
2000 25.942432 0.426877 52.518997 -5.303286 -22.460911 0.760758 0.000000
2500 19.079660 0.276653 46.782639 -6.590865 -22.227974 0.839208 0.000000
3000 26.392334 0.239404 55.376461 -7.594045 -22.667042 1.037555 0.000000
3500 22.454262 0.466308 50.292923 -6.784689 -22.449259 0.928981 0.000000
4000 24.093611 0.311547 54.289417 -8.390394 -22.955872 0.838912 0.000000
4500 33.730335 0.537609 60.384293 -7.342501 -20.786249 0.937182 0.000000
5000 20.995094 0.425827 51.022522 -6.571893 -24.740545 0.859183 0.000000
500 24.340752 0.669110 51.128933 -6.719158 -21.644705 0.906572 0.000000
1000 31.642082 0.367544 58.604984 -7.205420 -20.972721 0.847690 0.000000
1500 54.835930 0.566072 71.613686 -5.958517 -12.442102 1.056794 0.000000
2000 25.538078 0.404612 45.939991 -3.703758 -17.994175 0.891407 0.000000
2500 30.792240 0.440901 54.693562 -4.776513 -20.389862 0.824153 0.000000
3000 32.078121 0.528680 52.724182 -3.296272 -18.654938 0.776471 0.000000
3500 32.890179 0.402023 54.044987 -3.395698 -19.032593 0.871460 0.000000
4000 25.917229 0.587426 49.743961 -3.603952 -21.551550 0.741346 0.000000
4500 30.087505 0.489040 53.705936 -5.297549 -19.664080 0.854158 0.000000
5000 28.215744 0.486071 54.337608 -5.122364 -22.280319 0.794750 0.000000
500 13.049454 0.419113 44.148960 -8.763283 -23.627230 0.871892 0.000000
1000 22.129980 0.260723 49.359436 -5.569247 -22.836706 0.915775 0.000000
1500 14.495450 0.355470 45.200718 -8.951463 -22.905279 0.796004 0.000000
2000 18.266712 0.393345 47.054367 -7.143940 -22.988171 0.951110 0.000000
2500 34.953682 0.487080 56.195374 -6.038658 -16.590347 0.900235 0.000000
3000 39.621429 0.320493 58.365181 -6.066900 -13.792513 0.795166 0.000000
3500 18.284622 0.380948 48.652119 -6.933805 -24.654966 0.840326 0.000000
4000 26.824045 0.279892 53.327850 -7.091450 -20.490685 0.798437 0.000000
4500 14.552197 0.515006 42.956608 -9.387888 -20.342171 0.810643 0.000000
5000 11.932424 1.758941 40.230930 -8.313514 -22.575798 0.831865 0.000000
500 23.851036 0.571655 51.290749 -5.722426 -23.204128 0.915188 0.000000
1000 30.143715 0.410337 52.608639 -5.257030 -18.471836 0.853606 0.000000
1500 27.668770 0.514400 51.994438 -5.282128 -20.400517 0.842575 0.000000
2000 41.160313 0.742622 60.096844 -6.194442 -14.309442 0.824730 0.000000
2500 35.299679 0.744804 57.755459 -5.137864 -18.840435 0.777714 0.000000
3000 38.590881 0.688221 59.734646 -4.625018 -18.034765 0.827795 0.000000
3500 26.202534 0.972545 48.457985 -6.102881 -17.990530 0.865416 0.000000
4000 29.658846 0.511178 50.858418 -4.988808 -17.683853 0.961912 0.000000
4500 36.509590 0.538707 60.416836 -5.313732 -19.946913 0.814689 0.000000
5000 29.517399 0.455924 50.791714 -2.919983 -19.619114 0.808856 0.000000
500 24.109306 1.029276 47.836880 -5.210302 -20.482073 0.935526 0.000000
1000 33.703632 1.145794 54.634094 -4.204926 -19.258884 1.387553 0.000000
1500 30.522690 0.390014 52.954861 -5.461847 -18.470329 1.109993 0.000000
2000 24.206842 0.677490 51.343590 -8.530664 -20.220217 0.936641 0.000000
2500 36.725342 1.457869 58.133869 -4.611324 -19.015594 0.760521 0.000000
3000 28.398020 0.915098 50.405624 -5.836746 -17.772228 0.686274 0.000000
3500 17.271976 0.368748 44.650715 -7.020743 -21.419807 0.693066 0.000000
4000 21.295906 0.351482 45.427399 -4.882152 -20.385262 0.784438 0.000000
4500 24.752865 0.373991 50.124985 -5.374572 -21.077410 0.705871 0.000000
5000 32.574646 1.075676 52.163746 -5.616950 -15.694930 0.647106 0.000000
500 23.824293 0.557134 50.734108 -8.716444 -19.605566 0.855060 0.000000
1000 20.422367 0.305716 50.035110 -7.765993 -22.960316 0.807847 0.000000
1500 28.618361 0.688230 55.642540 -5.629241 -22.903770 0.820604 0.000000
2000 37.839211 1.946504 58.210991 -5.482491 -17.649904 0.814111 0.000000
2500 33.687931 0.337039 56.561672 -5.680626 -18.346605 0.816448 0.000000
3000 42.778927 1.656054 56.747795 -4.239578 -12.222466 0.837120 0.000000
3500 21.660149 0.652466 51.328632 -7.809327 -23.341980 0.830357 0.000000
4000 20.679296 1.575007 48.723209 -9.399026 -21.110945 0.891049 0.000000
4500 18.635149 0.349868 46.798183 -8.429687 -20.969105 0.885888 0.000000
5000 16.222988 0.601689 47.043159 -9.605035 -22.827696 1.010870 0.000000
500 28.551363 0.629973 53.104492 -6.726093 -19.324873 0.867863 0.000000
1000 34.017288 1.427871 58.455315 -8.562541 -18.140566 0.837211 0.000000
1500 37.355900 0.254049 60.442219 -6.835985 -17.369123 0.864741 0.000000
2000 31.608791 0.389433 56.122147 -5.794328 -19.894087 0.785624 0.000000
2500 24.009558 1.191273 48.152660 -5.920352 -20.213072 0.799050 0.000000
3000 40.537292 0.622329 63.955540 -4.676123 -20.126270 0.761821 0.000000
3500 30.324537 1.182237 51.945587 -5.323482 -18.290535 0.810732 0.000000
4000 26.620724 0.519100 51.097183 -6.545246 -19.240650 0.790337 0.000000
4500 41.297714 0.491746 57.937202 -4.646883 -13.218027 0.733671 0.000000
5000 24.449017 0.369874 46.224003 -6.418145 -16.475180 0.748464 0.000000
500 29.414402 0.319883 53.262516 -4.569369 -20.294151 0.695522 0.000000
1000 40.166988 0.863244 58.406384 -4.185023 -15.665359 0.747747 0.000000
1500 23.667150 1.457247 50.624115 -7.260688 -21.888611 0.735087 0.000000
2000 29.618774 0.352817 54.116993 -6.329690 -19.246180 0.724833 0.000000
2500 29.725166 0.501788 56.357876 -7.807630 -20.265690 0.938821 0.000000
3000 23.840185 1.213578 50.119713 -7.719112 -20.607853 0.833861 0.000000
3500 40.256073 0.981426 58.190929 -7.507815 -12.337232 0.928763 0.000000
4000 38.672680 0.431377 62.504093 -6.085985 -18.962358 0.785547 0.000000
4500 34.671436 0.607716 57.747898 -5.689193 -18.753426 0.758443 0.000000
5000 22.962091 0.558846 49.395706 -8.258584 -19.538715 0.804838 0.000000
500 20.093180 0.329823 46.941311 -9.118572 -18.948809 0.889427 0.000000
1000 17.650879 0.450853 44.564400 -8.212284 -19.967562 0.815473 0.000000
1500 21.019270 0.532437 48.981632 -8.167826 -21.147133 0.820159 0.000000
2000 37.395004 0.665419 54.139698 -4.664786 -13.808836 1.063508 0.000000
2500 23.667370 0.599405 46.673431 -6.240511 -18.324949 0.959993 0.000000
3000 24.952662 0.600968 48.988903 -6.747668 -18.782398 0.892859 0.000000
3500 20.784119 0.528252 45.572933 -7.072228 -19.090885 0.846046 0.000000
4000 16.440323 0.490137 46.897469 -8.500793 -23.455624 1.009133 0.000000
4500 40.496449 0.923203 62.192543 -5.750674 -17.824217 0.955594 0.000000
5000 42.224472 0.390948 61.202148 -5.893902 -14.540591 1.065869 0.000000
500 27.579395 0.211899 50.047897 -6.568323 -16.817661 0.705582 0.000000
1000 30.470226 0.334619 55.001923 -6.755783 -18.941814 0.831284 0.000000
1500 26.697292 0.435688 47.709469 -5.937172 -16.368450 0.857758 0.000000
2000 22.123611 0.376220 45.724842 -7.691358 -17.079624 0.793530 0.000000
2500 35.554443 0.299724 59.381687 -9.159550 -15.815416 0.848001 0.000000
3000 21.505335 0.375977 47.874916 -8.866243 -18.744328 0.865011 0.000000
3500 23.307011 0.226215 46.243462 -5.511587 -18.472218 0.821136 0.000000
4000 21.450043 0.324673 44.910324 -6.164733 -18.348145 0.727924 0.000000
4500 25.433947 0.482274 50.333511 -9.097052 -17.126629 0.841840 0.000000
5000 19.274803 0.792836 46.749645 -10.235116 -18.922794 0.890232 0.000000
500 35.012577 0.359668 57.207466 -6.529053 -17.087786 1.062283 0.000000
1000 28.028765 1.148429 55.617096 -9.433013 -20.266161 0.962414 0.000000
1500 27.094444 1.445639 50.360924 -7.145430 -18.575642 1.008958 0.000000
2000 28.195793 3.227369 48.446808 -10.149673 -14.347353 1.018641 0.000000
2500 29.545723 0.803026 54.902786 -6.524853 -20.566208 0.930973 0.000000
3000 27.488049 1.173236 52.608486 -8.805375 -18.513542 1.025241 0.000000
3500 18.336205 0.425034 46.132488 -8.272163 -20.885601 0.936447 0.000000
4000 25.856142 1.793677 52.007797 -7.852119 -20.985033 0.891819 0.000000
4500 19.629707 0.448732 44.197624 -5.353420 -20.635090 0.971863 0.000000
5000 17.036144 0.494046 39.861942 -5.638244 -18.718405 1.036807 0.000000
500 38.167042 0.392287 62.231808 -6.490697 -18.717319 0.750960 0.000000
1000 32.605083 0.341736 58.267036 -7.075711 -19.861511 0.933532 0.000000
1500 47.630047 0.442308 62.586906 -5.142763 -11.208416 0.952012 0.000000
2000 38.176071 2.006683 65.848343 -8.814948 -21.676834 0.812827 0.000000
2500 30.792488 0.313979 58.807827 -7.909878 -21.211760 0.792318 0.000000
3000 34.711586 0.659799 62.354988 -7.302804 -21.815918 0.815522 0.000000
3500 33.879017 0.189045 55.529942 -5.735178 -16.771561 0.666770 0.000000
4000 34.448154 0.910196 56.161652 -6.020299 -17.305742 0.702349 0.000000
4500 36.203262 0.455428 61.816143 -7.945992 -18.945293 0.822975 0.000000
5000 31.704609 0.505583 54.160839 -6.066540 -17.673363 0.778088 0.000000
500 19.706160 0.362202 40.840443 -7.328476 -15.074399 0.906390 0.000000
1000 17.290754 2.405026 38.761456 -4.498175 -20.542156 1.164606 0.000000
1500 31.068136 0.656710 52.014854 -4.753724 -17.699297 0.849591 0.000000
2000 20.446405 0.480115 47.449104 -7.952214 -20.368919 0.838319 0.000000
2500 24.250008 0.576659 50.587254 -8.380783 -19.428413 0.895291 0.000000
3000 25.887943 1.301948 51.078007 -9.249935 -18.093990 0.851914 0.000000
3500 23.853094 0.403963 50.845779 -8.393756 -19.984896 0.982007 0.000000
4000 26.881020 0.527731 49.835121 -6.796344 -17.520363 0.834873 0.000000
4500 38.664314 0.473578 58.192898 -5.875844 -15.118983 0.992663 0.000000
5000 22.902763 0.636203 45.143421 -6.453573 -17.361080 0.937790 0.000000
500 7.416997 0.444931 38.573338 -9.448113 -22.903236 0.750078 0.000000
1000 7.955637 0.553758 38.662663 -10.899071 -21.193062 0.831351 0.000000
1500 8.536978 0.351584 39.497711 -10.515285 -21.535770 0.738737 0.000000
2000 15.331010 0.315627 46.557526 -9.496902 -22.791990 0.746749 0.000000
2500 5.564513 0.368439 38.824532 -10.783127 -23.753302 0.907971 0.000000
3000 23.300381 1.264855 51.856735 -7.028029 -23.634344 0.841166 0.000000
3500 13.668790 0.540998 47.421806 -10.938922 -24.198107 0.843016 0.000000
4000 23.463802 0.371978 51.725189 -8.614071 -20.940926 0.921630 0.000000
4500 22.540462 0.820167 51.405666 -9.238697 -21.482309 1.035635 0.000000
5000 15.657517 0.372600 41.795547 -8.257439 -19.122923 0.869731 0.000000
500 28.963978 0.401370 54.990295 -6.324232 -20.925011 0.821552 0.000000
1000 23.767302 0.408523 51.432785 -4.931468 -24.040504 0.897966 0.000000
1500 24.000208 0.714411 49.033978 -7.922060 -18.750889 0.924768 0.000000
2000 31.221037 0.481435 59.673512 -8.085572 -21.993319 1.144982 0.000000
2500 30.608393 0.450940 58.636986 -6.666211 -22.788326 0.975004 0.000000
3000 31.865038 0.618849 58.810276 -7.596196 -21.025852 1.057959 0.000000
3500 30.221731 0.575478 51.191284 -6.362902 -15.990982 0.808852 0.000000
4000 29.437729 0.755004 51.108570 -6.713658 -16.558205 0.846016 0.000000
4500 24.901308 0.411863 54.913002 -10.068430 -21.411026 1.055902 0.000000
5000 25.587528 0.655136 50.791084 -9.585872 -17.277679 1.004860 0.000000
500 22.975288 0.485651 52.681137 -7.947364 -23.168936 0.924802 0.000000
1000 29.170509 0.416185 55.384666 -6.702311 -20.809891 0.881859 0.000000
1500 30.801756 0.484265 50.619968 -6.929799 -14.250778 0.878099 0.000000
2000 40.513721 0.994001 62.191223 -7.662032 -15.931856 0.922383 0.000000
2500 32.563046 0.681648 58.065678 -7.155939 -20.065849 1.037507 0.000000
3000 31.283867 0.342211 55.937382 -6.695037 -19.214220 0.913531 0.000000
3500 27.546785 0.528106 46.991394 -6.559426 -14.227375 0.814085 0.000000
4000 31.410080 0.591336 52.507721 -6.470305 -15.964209 0.745539 0.000000
4500 38.174820 0.447883 53.987968 -4.360014 -12.660914 0.759898 0.000000
5000 33.143375 0.445122 53.264420 -5.589489 -15.796818 0.820141 0.000000
500 25.095573 0.604198 53.379604 -9.025223 -20.719221 0.856214 0.000000
1000 14.533839 0.602359 44.923172 -10.192441 -21.623419 0.824167 0.000000
1500 10.586133 0.803691 41.966103 -9.590547 -23.451586 0.858470 0.000000
2000 18.734005 1.023643 48.890369 -9.893450 -22.042761 0.756204 0.000000
2500 14.224979 0.685971 44.108345 -8.187431 -23.215599 0.833695 0.000000
3000 14.352316 0.442806 47.832092 -11.740069 -22.995424 0.812912 0.000000
3500 8.180638 0.663210 42.234280 -12.662075 -22.770761 0.715987 0.000000
4000 19.751900 0.684100 50.054771 -10.079309 -21.774561 0.866899 0.000000
4500 18.145939 0.358721 50.659927 -9.998336 -23.645536 0.771161 0.000000
5000 11.776484 0.252864 43.684383 -9.783382 -23.159443 0.782061 0.000000
500 35.349613 0.878817 62.011711 -8.154575 -20.359287 0.972947 0.000000
1000 16.667435 0.169841 49.923378 -9.667214 -24.581827 0.823256 0.000000
1500 28.638048 0.449758 55.640762 -7.896930 -20.539913 0.984373 0.000000
2000 31.848753 0.554485 55.157799 -6.257417 -18.551977 0.945862 0.000000
2500 36.742096 1.329538 57.534252 -5.752509 -17.366180 0.996993 0.000000
3000 34.424263 0.637422 62.749897 -7.710718 -22.270044 1.017709 0.000000
3500 34.727379 0.555449 56.740494 -6.969308 -16.475254 0.875996 0.000000
4000 24.880072 0.452211 50.319729 -6.941679 -19.910845 0.960660 0.000000
4500 30.975832 0.538983 53.712875 -8.305177 -15.969448 0.998599 0.000000
5000 20.151474 0.533107 45.524940 -8.385931 -18.555891 1.035246 0.000000
500 24.259960 0.318620 46.247547 -4.515172 -18.677029 0.885993 0.000000
1000 40.315754 0.649487 59.429100 -5.470542 -15.108469 0.816181 0.000000
1500 20.424236 0.633579 49.163395 -5.702644 -24.492451 0.822358 0.000000
2000 16.955307 0.378248 42.495998 -4.779317 -22.028404 0.888782 0.000000
2500 18.375099 0.551829 46.121689 -4.423952 -24.688055 0.813585 0.000000
3000 27.841900 0.569580 49.219269 -4.013028 -18.708094 0.774171 0.000000
3500 25.834965 1.237928 49.589546 -5.368042 -20.521164 0.896698 0.000000
4000 35.297897 0.600351 55.491596 -4.111106 -17.625126 0.942183 0.000000
4500 21.411343 0.611177 46.132023 -4.541662 -21.669870 0.879674 0.000000
5000 21.840670 1.641053 45.855591 -4.538409 -22.044439 0.926876 0.000000
