500 17.395670 2.465631 47.424107 -8.481406 -24.749685 0.737022 0.000000
1000 16.840813 0.427933 45.639030 -5.927740 -24.039280 0.740871 0.000000
1500 9.429446 0.493566 41.320503 -9.389007 -23.736269 0.740655 0.000000
2000 14.135349 1.534231 42.730244 -7.513103 -23.483305 0.867285 0.000000
2500 18.470140 0.557749 49.212097 -7.648487 -24.418221 0.767000 0.000000
3000 13.868546 0.697574 45.997761 -9.117426 -24.428436 0.719072 0.000000
3500 9.885908 0.508152 41.529305 -10.094085 -22.782009 0.724547 0.000000
4000 -3.037086 0.436676 31.681944 -10.480763 -25.511503 0.836562 0.000000
4500 8.949120 0.475542 39.599228 -7.851669 -24.015318 0.741334 0.000000
5000 14.200241 0.536554 39.551582 -7.077451 -19.583073 0.772628 0.000000
500 45.896397 0.325876 59.401932 -4.769893 -9.958841 0.897329 0.000000
1000 41.307617 0.185570 56.793205 -5.160351 -11.463090 0.952281 0.000000
1500 28.552486 0.399333 48.432739 -5.450539 -15.613877 0.784829 0.000000
2000 39.032669 0.465586 51.277966 -3.952979 -9.813808 1.055903 0.000000
2500 37.683861 0.670208 57.260715 -5.592247 -15.717451 1.062637 0.000000
3000 36.941437 0.493290 53.972961 -4.823554 -13.758730 1.057473 0.000000
3500 31.659761 0.390962 48.945766 -3.525357 -15.049396 0.897787 0.000000
4000 43.078339 0.216508 61.311275 -6.096332 -13.568520 1.215410 0.000000
4500 36.022934 0.648220 55.826927 -7.962626 -13.632740 1.143153 0.000000
5000 34.974323 1.115764 54.008221 -7.759289 -13.492023 1.101650 0.000000
500 19.523369 0.539874 47.522205 -8.097466 -21.203970 0.762723 0.000000
1000 17.664249 1.988964 47.185947 -8.148305 -24.132519 0.770161 0.000000
1500 25.845221 0.295629 53.879776 -8.341309 -20.750635 0.761761 0.000000
2000 20.364740 0.855044 51.787659 -9.106618 -24.095602 0.924256 0.000000
2500 18.198572 0.673827 47.193718 -8.394861 -22.153152 0.879039 0.000000
3000 24.955341 0.548526 56.883934 -8.684947 -24.645052 0.852880 0.000000
3500 19.912886 0.691405 50.802643 -10.089605 -22.325836 0.834280 0.000000
4000 12.794798 0.266642 46.219074 -8.857334 -25.715000 0.881414 0.000000
4500 14.360814 0.448026 46.607861 -8.293460 -25.158133 0.756522 0.000000
5000 17.188833 1.024747 47.575703 -7.334898 -24.978954 0.902238 0.000000
500 20.803667 0.467960 47.408276 -3.591858 -24.330046 0.849334 0.000000
1000 18.443079 0.434883 44.339512 -3.460463 -23.607035 0.736182 0.000000
1500 26.648855 0.332214 53.478115 -5.546956 -22.376511 0.761992 0.000000
2000 21.402843 0.409885 47.871502 -5.228055 -22.412106 0.761617 0.000000
2500 27.412371 0.645603 50.228977 -6.859798 -17.403618 0.801207 0.000000
3000 19.848383 0.471448 48.666512 -8.620516 -21.480633 0.811574 0.000000
3500 16.353006 0.499629 42.621494 -6.165142 -21.324396 0.721421 0.000000
4000 23.052500 0.460744 48.703270 -6.324270 -20.601025 0.813779 0.000000
4500 16.493975 0.640812 45.263149 -7.746910 -22.381571 0.718494 0.000000
5000 18.557615 1.101384 46.935993 -6.874913 -23.324394 0.719545 0.000000
500 18.167967 0.373392 48.176552 -10.166105 -21.094618 0.878742 0.000000
1000 17.901625 0.518981 47.505535 -8.278711 -22.741653 0.897474 0.000000
1500 13.104073 0.434420 44.928825 -10.322641 -22.790752 0.854221 0.000000
2000 20.381401 0.668636 51.896587 -9.528841 -23.482260 0.827276 0.000000
2500 15.712692 0.736369 49.953499 -10.788377 -25.016790 0.827990 0.000000
3000 34.330017 0.607517 64.954552 -8.336996 -23.763447 0.868396 0.000000
3500 23.523766 0.128080 54.841591 -9.359373 -22.870869 0.784337 0.000000
4000 21.011261 0.833975 50.643322 -9.958317 -21.323893 0.816172 0.000000
4500 17.286102 0.887010 46.001003 -8.501078 -21.878630 0.777799 0.000000
5000 15.377760 0.255415 44.513123 -7.073309 -23.307514 0.990050 0.000000
500 18.202818 0.428003 44.508991 -6.309703 -21.122616 0.698145 0.000000
1000 17.438074 0.260958 45.095310 -6.828098 -21.856417 0.766322 0.000000
1500 21.362186 0.446480 49.336517 -6.293860 -22.913502 0.786552 0.000000
2000 17.342590 0.530246 42.226589 -5.984815 -20.252060 0.822629 0.000000
2500 7.678089 0.504179 40.268242 -9.878684 -24.076147 0.860498 0.000000
3000 16.766516 0.435961 48.653782 -9.793134 -23.277739 0.747643 0.000000
3500 20.375912 0.720058 48.878384 -7.763150 -22.341415 0.882034 0.000000
4000 8.812547 0.188721 41.028305 -8.442672 -24.713736 0.751929 0.000000
4500 15.988274 0.502150 50.548527 -10.500037 -25.412401 0.850034 0.000000
5000 9.859757 0.282143 42.965546 -9.433609 -24.757631 0.803310 0.000000
500 30.191538 0.727474 55.393372 -5.165454 -21.671511 0.907659 0.000000
1000 39.367573 0.944923 59.444153 -4.841635 -17.307199 1.127330 0.000000
1500 33.021595 2.643682 56.471470 -7.154388 -19.726713 0.787547 0.000000
2000 26.024544 0.493904 55.808586 -7.952428 -23.086824 0.761304 0.000000
2500 18.120106 0.530254 47.123314 -7.845504 -22.763796 1.075838 0.000000
3000 18.734833 0.309390 42.700237 -6.810213 -18.303108 0.838523 0.000000
3500 10.938578 0.424161 39.893040 -7.737441 -22.610252 0.969073 0.000000
4000 22.696730 0.709667 49.688599 -6.457789 -22.180119 0.936374 0.000000
4500 18.430120 0.417396 46.173649 -7.215245 -21.741699 0.796018 0.000000
5000 13.192435 0.776321 44.380459 -9.978341 -22.797300 0.811295 0.000000
500 29.839966 0.339532 49.993950 -7.148573 -14.312597 0.967658 0.000000
1000 33.650276 0.386614 52.513435 -6.494864 -13.689116 0.934203 0.000000
1500 34.681675 0.631436 53.556816 -5.655900 -14.758362 0.907683 0.000000
2000 30.984465 0.497277 52.250378 -6.626767 -15.984002 0.847578 0.000000
2500 38.757332 0.430233 58.545193 -6.933330 -14.244400 0.959635 0.000000
3000 38.955612 0.421916 57.905617 -6.323533 -13.855877 0.807487 0.000000
3500 38.579670 0.404162 59.082790 -6.849329 -14.888962 0.831005 0.000000
4000 32.706528 0.218567 50.853527 -5.977478 -13.328120 0.940033 0.000000
4500 40.285084 0.447725 52.790100 -4.613152 -9.268642 0.929054 0.000000
5000 36.133663 0.333768 56.809811 -6.711586 -15.409655 1.111324 0.000000
500 32.224407 0.760580 57.365578 -4.121480 -22.872105 1.091835 0.000000
1000 31.448338 0.343050 53.546322 -3.223611 -20.022198 0.804771 0.000000
1500 38.511650 0.821743 57.933960 -3.013681 -18.354921 1.124548 0.000000
2000 38.022427 2.150634 57.559299 -3.874907 -18.886383 1.073779 0.000000
2500 23.535404 0.461005 48.947212 -5.455939 -21.227221 0.810347 0.000000
3000 33.926815 2.602631 58.530758 -8.492522 -19.567299 0.853248 0.000000
3500 29.777510 0.578924 58.496315 -7.098170 -23.030045 0.830485 0.000000
4000 23.309677 0.402563 52.064049 -7.882168 -22.238489 0.963720 0.000000
4500 31.298197 0.424691 61.030285 -6.386233 -24.562744 0.792201 0.000000
5000 27.831055 0.438775 55.899437 -7.553611 -21.846598 0.893052 0.000000
500 21.672363 0.917408 48.124146 -7.857977 -20.384083 0.872871 0.000000
1000 19.190670 0.392194 49.213062 -8.110286 -23.204319 0.900020 0.000000
1500 14.364695 0.891890 44.915596 -8.837247 -23.600306 0.994758 0.000000
2000 15.026329 0.635539 48.837933 -12.283192 -23.063793 0.899841 0.000000
2500 16.550606 0.597796 49.978046 -10.969598 -23.950005 0.894363 0.000000
3000 13.029688 0.452819 44.753418 -9.876245 -23.083153 0.782846 0.000000
3500 13.431697 0.662410 46.615376 -10.578078 -24.178684 0.910674 0.000000
4000 20.264574 0.617596 50.626259 -8.606119 -23.087255 0.714096 0.000000
4500 17.635853 0.638890 50.261768 -9.570080 -24.344709 0.649985 0.000000
5000 11.688565 0.647571 44.603809 -10.486153 -23.787186 0.710523 0.000000
500 23.712685 1.389943 52.873947 -8.880551 -22.462578 0.791924 0.000000
1000 16.307650 0.780585 47.281975 -9.605106 -22.854881 0.705077 0.000000
1500 18.432323 0.669670 45.935993 -6.720401 -22.337740 0.884802 0.000000
2000 15.518044 1.187378 45.959824 -8.726660 -23.776352 0.873856 0.000000
2500 9.099670 0.374885 41.812126 -10.617403 -23.259285 0.789346 0.000000
3000 5.623662 0.508653 39.831509 -10.864142 -24.690399 0.838045 0.000000
3500 8.801720 0.461165 41.803696 -9.872298 -24.569864 0.979021 0.000000
4000 15.324512 0.517447 48.729774 -11.434561 -23.306213 0.818066 0.000000
4500 8.043126 1.539476 37.927666 -9.639683 -22.709538 0.925206 0.000000
5000 -2.403197 0.648096 33.278233 -11.472473 -25.718264 0.861209 0.000000
500 31.189672 0.315387 52.357719 -3.448561 -19.227182 1.192310 0.000000
1000 33.596939 1.542351 57.401573 -4.032350 -22.291233 0.976598 0.000000
1500 32.097099 0.643670 53.965565 -4.822623 -18.753542 1.064032 0.000000
2000 28.099844 0.336732 54.139420 -4.651403 -22.837887 1.112986 0.000000
2500 23.513102 0.470990 48.945992 -7.813748 -19.015837 0.925704 0.000000
3000 26.701738 0.379109 53.224678 -6.372593 -21.574398 1.044943 0.000000
3500 25.571608 0.470159 53.547115 -7.023266 -22.322060 0.899660 0.000000
4000 22.364122 0.451099 48.417797 -6.292904 -21.138382 0.926512 0.000000
4500 26.061777 0.396855 51.434120 -7.428936 -19.325436 0.985174 0.000000
5000 29.509224 0.387550 52.029457 -4.642968 -19.264597 0.999780 0.000000
500 25.622713 0.479517 52.961124 -4.708770 -23.890579 0.781423 0.000000
1000 34.715439 0.495498 65.695091 -7.217309 -25.090199 0.832356 0.000000
1500 33.881630 1.090630 54.594372 -7.616648 -14.906064 0.719342 0.000000
2000 32.020527 0.516390 55.116074 -8.223069 -16.176632 0.787763 0.000000
2500 23.175249 0.350309 50.450817 -7.642716 -20.938206 0.955042 0.000000
3000 22.920614 0.350967 51.321003 -8.076582 -21.687166 1.012390 0.000000
3500 27.330158 0.648375 57.734268 -8.241323 -23.882584 1.071423 0.000000
4000 29.376913 0.536474 56.044029 -9.391264 -18.682817 0.870491 0.000000
4500 35.589367 0.656698 64.885269 -8.774613 -22.306236 1.128245 0.000000
5000 32.989525 0.951065 58.137012 -8.061673 -19.082869 1.045989 0.000000
500 25.432140 0.469390 51.965103 -7.422050 -20.363945 0.783641 0.000000
1000 5.137109 1.041626 36.245899 -10.392457 -22.426649 0.668689 0.000000
1500 15.272194 0.471386 48.462826 -10.164747 -24.167643 0.670374 0.000000
2000 11.953993 0.396890 46.124668 -12.824396 -22.399063 0.655897 0.000000
2500 5.787518 0.481106 40.679749 -11.574626 -24.546347 0.747637 0.000000
3000 15.297720 0.479810 46.141018 -8.963428 -23.124588 0.764910 0.000000
3500 23.923883 0.423897 55.654793 -10.706883 -22.090057 0.642133 0.000000
4000 15.500031 0.768519 45.138756 -8.078086 -23.174213 0.845056 0.000000
4500 13.046117 0.755215 41.796329 -6.977950 -23.323702 0.796225 0.000000
5000 17.631044 0.565183 48.035744 -9.114483 -22.618484 0.763087 0.000000
500 21.218752 0.772992 47.463085 -3.070781 -25.098347 1.151804 0.000000
1000 18.784300 0.284475 44.158863 -3.526627 -23.266838 1.134423 0.000000
1500 27.170366 0.290031 49.264896 -3.682281 -20.214794 1.512514 0.000000
2000 24.681593 0.598252 51.292717 -4.113981 -24.277658 1.182266 0.000000
2500 30.195675 0.799803 55.246586 -4.545406 -22.924774 1.619465 0.000000
3000 19.977060 0.270661 41.818237 -2.956495 -20.552992 1.397652 0.000000
3500 20.947748 0.603412 45.036205 -3.605965 -22.278629 1.192724 0.000000
4000 27.749613 0.584713 51.841736 -3.731854 -22.278820 1.333838 0.000000
4500 21.924698 0.563285 48.521908 -4.552940 -23.897858 1.290302 0.000000
5000 16.550940 0.380216 41.813671 -5.375820 -21.367723 1.100597 0.000000
500 16.820112 0.420632 46.117542 -5.673842 -25.047462 1.003244 0.000000
1000 17.365950 0.562928 44.079048 -5.289163 -23.037338 1.050473 0.000000
1500 14.793278 0.522420 43.624516 -6.629786 -23.742020 1.018147 0.000000
2000 17.312454 2.415215 44.500587 -6.070636 -24.823771 1.291060 0.000000
2500 17.207390 0.535509 45.100689 -5.543987 -24.057838 1.173016 0.000000
3000 21.225079 0.492625 48.793289 -4.574863 -24.511072 1.025099 0.000000
3500 15.855888 0.543432 44.351315 -6.576819 -23.519091 1.057054 0.000000
4000 21.119509 0.333079 49.024292 -5.741070 -23.680075 1.183281 0.000000
4500 21.955788 0.755067 45.353970 -4.748549 -20.569603 1.164903 0.000000
5000 19.160387 0.626144 40.535690 -5.482331 -17.564535 1.045417 0.000000
500 19.607418 0.695206 46.275650 -6.368807 -21.858875 0.864242 0.000000
1000 12.712752 0.611417 41.080139 -7.677722 -22.053354 0.752274 0.000000
1500 15.734295 0.553973 44.860832 -7.231090 -23.276146 0.826725 0.000000
2000 10.863854 0.659767 38.715446 -7.111925 -22.352291 0.952855 0.000000
2500 11.017747 0.555184 38.844666 -8.764675 -20.361704 0.744277 0.000000
3000 16.864511 0.583321 47.314510 -8.761043 -23.008684 0.736409 0.000000
3500 12.488285 0.929266 41.786057 -7.351633 -23.676941 0.801540 0.000000
4000 14.121395 0.323181 42.788128 -8.182174 -21.624119 0.816379 0.000000
4500 19.359211 0.561804 47.060848 -6.570646 -22.421835 0.729036 0.000000
5000 13.184770 0.499306 42.041824 -7.345998 -22.767521 0.757158 0.000000
500 25.291147 0.229826 49.787369 -3.634258 -22.082281 0.990489 0.000000
1000 22.244068 0.661006 50.850933 -6.299518 -24.114105 1.145751 0.000000
1500 22.929548 1.044627 53.585754 -7.497344 -25.109596 0.906107 0.000000
2000 18.879232 0.334638 48.096142 -5.515560 -25.022909 0.986922 0.000000
2500 35.981625 0.876583 58.629528 -5.379128 -19.423943 1.278584 0.000000
3000 32.445648 0.445542 56.331520 -4.068098 -21.532656 1.269338 0.000000
3500 26.035477 0.695883 50.775967 -4.708083 -21.739403 1.011112 0.000000
4000 26.763407 0.351127 52.176682 -3.165639 -23.681345 1.082580 0.000000
4500 31.641432 0.437530 50.882240 -4.768844 -16.017733 1.108238 0.000000
5000 25.954384 0.545164 50.749931 -5.568370 -20.919529 1.147191 0.000000
500 19.764088 0.533563 49.045296 -8.762856 -21.854227 0.802313 0.000000
1000 11.299100 0.818083 44.297775 -9.860913 -24.665964 0.710120 0.000000
1500 12.834291 1.241395 44.551315 -9.349916 -24.306143 0.697639 0.000000
2000 10.063928 0.753132 43.268032 -10.669047 -24.107531 0.819343 0.000000
2500 6.375675 0.971936 36.362732 -9.371505 -22.388351 0.800865 0.000000
3000 17.020424 0.365830 44.509613 -8.850525 -19.824240 0.819746 0.000000
3500 3.850379 0.588392 33.812077 -8.541329 -22.852879 0.844115 0.000000
4000 16.401207 0.479168 47.625751 -8.211090 -24.316267 0.823644 0.000000
4500 14.110121 0.562875 42.284485 -7.649552 -21.888203 0.800516 0.000000
5000 14.482831 0.564688 44.521313 -8.071003 -23.206686 0.674517 0.000000
500 5.520207 0.584588 35.025047 -7.971504 -22.853411 0.735488 0.000000
1000 11.319914 0.372921 41.662663 -7.793269 -23.676270 0.753870 0.000000
1500 8.724150 0.471915 41.095547 -8.358725 -25.301960 0.817369 0.000000
2000 5.980312 1.211672 39.109940 -9.977454 -25.234566 0.870724 0.000000
2500 11.818492 0.476530 43.767876 -8.484924 -24.802122 0.861134 0.000000
3000 27.385393 0.741530 49.692059 -6.351525 -17.439127 0.742454 0.000000
3500 25.392584 0.803642 50.366508 -5.963656 -20.470804 0.656894 0.000000
4000 20.832554 0.900713 47.377827 -6.186840 -22.017773 0.758628 0.000000
4500 28.359018 0.398994 56.625076 -7.003010 -22.330379 0.668336 0.000000
5000 19.481653 0.567990 49.892029 -6.426672 -25.274380 0.722690 0.000000
500 27.794369 0.640888 53.670242 -5.695189 -21.502047 0.680476 0.000000
1000 14.448907 0.541957 44.319351 -5.971635 -25.302341 0.861573 0.000000
1500 28.261906 0.529591 50.817577 -5.241231 -18.623680 0.779648 0.000000
2000 25.772621 0.396320 48.161697 -5.984969 -17.642668 0.842241 0.000000
2500 24.173321 0.400242 48.798321 -4.578032 -21.254799 0.807591 0.000000
3000 21.706730 0.419906 48.037476 -5.651051 -21.977417 0.877815 0.000000
3500 24.490610 0.329247 51.713158 -7.435398 -20.878338 0.761941 0.000000
4000 19.589724 0.343054 47.071659 -6.352664 -22.090900 0.618574 0.000000
4500 26.699892 0.641458 53.019165 -6.534169 -21.108107 0.681546 0.000000
5000 16.395998 0.641496 44.888805 -7.109451 -22.772120 0.747269 0.000000
500 21.920980 0.557463 49.414795 -5.963426 -23.101139 1.013284 0.000000
1000 17.967339 0.357422 47.389389 -7.707976 -23.233368 1.161872 0.000000
1500 26.719875 0.390234 52.681965 -6.603400 -20.867220 1.118295 0.000000
2000 26.185591 0.857458 52.483559 -6.242152 -21.888245 0.974973 0.000000
2500 24.982458 0.675463 48.426418 -6.637058 -18.318172 0.835806 0.000000
3000 23.032206 1.032265 49.742290 -8.834900 -19.795832 0.888381 0.000000
3500 23.821899 0.519657 49.963982 -6.517169 -21.181129 1.036559 0.000000
4000 18.172960 0.902632 46.083481 -7.550345 -22.174397 0.911589 0.000000
4500 20.384937 0.440297 47.855286 -7.047775 -21.843966 0.981096 0.000000
5000 22.941813 0.376309 52.902645 -7.758101 -23.458609 0.879569 0.000000
500 21.400265 0.530723 51.273724 -8.506894 -22.728100 0.830810 0.000000
1000 20.087582 0.384955 49.105976 -6.930053 -23.365866 0.892568 0.000000
1500 17.052179 0.322204 43.869488 -6.038951 -22.040224 0.939664 0.000000
2000 24.713121 0.782956 52.413326 -9.492036 -19.965521 0.974395 0.000000
2500 14.253811 1.468870 42.393482 -7.336699 -23.356903 1.085064 0.000000
3000 24.865351 0.962881 53.256271 -7.760698 -22.799240 1.206132 0.000000
3500 25.610117 1.221938 49.842705 -6.516767 -19.966745 1.028984 0.000000
4000 29.614180 0.466983 57.737762 -6.413545 -23.088549 0.911526 0.000000
4500 22.604074 1.099284 48.914871 -5.720952 -22.537050 0.847920 0.000000
5000 10.820229 1.149752 36.873981 -6.948315 -21.080614 0.825422 0.000000
500 14.493283 0.247618 41.980976 -5.210321 -23.381624 0.856635 0.000000
1000 12.550453 0.719891 40.740807 -8.078629 -21.645786 0.814171 0.000000
1500 18.908701 0.422471 46.789009 -7.612324 -21.493515 0.803060 0.000000
2000 18.326824 0.389943 45.977978 -7.952620 -20.977810 0.889336 0.000000
2500 15.394737 0.507311 45.054081 -8.141355 -22.991465 0.966166 0.000000
3000 16.817478 0.491585 48.285423 -8.122723 -24.708433 0.871625 0.000000
3500 11.582077 0.577421 43.841602 -11.653437 -22.135363 0.951853 0.000000
4000 19.251171 0.459749 46.418518 -8.316192 -20.179558 0.868657 0.000000
4500 23.761152 0.539024 53.264641 -9.708991 -21.172264 0.838743 0.000000
5000 21.306520 0.513509 48.795250 -7.619776 -21.248188 0.865728 0.000000
500 18.516975 0.805888 49.988670 -8.880133 -24.392107 0.994654 0.000000
1000 29.794827 0.562069 57.010914 -8.000069 -20.696379 0.918292 0.000000
1500 25.352772 0.427198 51.287403 -4.544653 -22.794085 0.976912 0.000000
2000 22.388140 0.576524 52.016521 -7.069440 -24.121712 0.986246 0.000000
2500 23.480556 0.390098 47.442055 -7.423116 -17.782988 0.854505 0.000000
3000 22.045969 0.322779 49.660004 -8.283897 -20.576237 0.923322 0.000000
3500 24.330313 0.543813 50.833988 -8.130833 -20.030565 1.113912 0.000000
4000 22.103344 0.469736 51.190620 -9.851716 -20.771204 1.065908 0.000000
4500 9.458601 0.599337 42.649742 -9.906383 -25.073250 1.189153 0.000000
5000 9.759695 0.506096 40.160866 -9.706245 -22.620846 1.419825 0.000000
500 9.589634 1.701183 41.119736 -8.926686 -25.121372 0.816773 0.000000
1000 19.221176 0.572566 52.382477 -9.501589 -25.073040 0.840764 0.000000
1500 20.374924 1.605236 48.350708 -7.888185 -22.485260 0.792423 0.000000
2000 20.457541 0.453336 50.954170 -7.601231 -24.203297 0.854563 0.000000
2500 7.299854 0.645258 40.807636 -10.054758 -24.904333 0.806049 0.000000
3000 14.366966 0.470404 42.359520 -7.352544 -21.952332 0.841915 0.000000
3500 25.666021 0.720912 55.204815 -9.353748 -21.770081 0.864123 0.000000
4000 16.792559 1.250639 48.971390 -9.365207 -24.961384 0.897124 0.000000
4500 11.347990 0.413775 43.527840 -10.465139 -23.137863 1.009374 0.000000
5000 12.123384 0.460403 44.611046 -11.305752 -22.545422 0.903107 0.000000
500 23.020000 0.377019 53.067215 -8.404393 -22.797865 0.778025 0.000000
1000 17.977890 0.478434 50.242199 -8.399263 -25.166847 0.823364 0.000000
1500 10.429350 0.481316 41.248337 -10.240775 -21.952904 0.893377 0.000000
2000 19.253904 0.387849 48.121510 -8.592912 -21.418589 0.756046 0.000000
2500 19.340839 0.580936 50.229477 -9.472277 -22.894468 0.897172 0.000000
3000 17.439499 0.400051 46.842163 -7.101662 -23.709618 1.008564 0.000000
3500 29.859236 0.593337 58.593506 -7.428861 -22.788992 0.890243 0.000000
4000 19.314941 0.356315 50.235764 -8.150597 -23.972200 0.845660 0.000000
4500 27.246382 0.414537 51.043232 -5.484853 -19.494764 0.768231 0.000000
5000 20.702366 0.162797 49.817440 -8.867912 -21.212109 0.802150 0.000000
500 13.571712 0.520770 44.588581 -11.690998 -20.989569 1.142927 0.000000
1000 19.801910 0.728565 47.751610 -9.456461 -20.073706 0.851903 0.000000
1500 16.740196 0.406286 48.432648 -9.616916 -23.574497 1.092678 0.000000
2000 12.792154 0.298887 41.538795 -8.128934 -21.672806 0.756212 0.000000
2500 15.837072 0.635065 45.376652 -8.400465 -22.664370 0.890190 0.000000
3000 11.475042 0.481440 41.562706 -8.928696 -22.349197 0.708788 0.000000
3500 16.026474 0.636703 44.232208 -8.552351 -21.226681 0.936596 0.000000
4000 21.820827 0.852915 48.334892 -8.607183 -20.009026 1.249225 0.000000
4500 19.894354 0.441862 51.085381 -9.074462 -23.499222 0.940798 0.000000
5000 28.628042 0.595869 58.526203 -8.958654 -22.425362 0.889983 0.000000
500 31.691288 0.553853 56.874573 -4.516524 -22.414633 1.194022 0.000000
1000 24.537596 0.434561 47.863358 -3.610360 -21.166943 1.016981 0.000000
1500 19.389902 0.382621 48.921574 -6.054752 -25.081097 1.221556 0.000000
2000 26.404285 0.482370 54.828949 -7.258072 -22.592566 0.943605 0.000000
2500 34.665813 0.868726 53.434620 -7.089878 -13.640552 1.092899 0.000000
3000 25.208626 1.363578 53.701900 -7.459687 -23.472702 1.075534 0.000000
3500 20.665915 0.790259 49.144180 -7.470745 -22.826344 1.028563 0.000000
4000 23.366877 0.378812 49.538124 -6.533766 -20.865841 0.849546 0.000000
4500 24.383556 0.376675 52.309292 -5.847114 -23.417522 0.962226 0.000000
5000 27.364588 0.475240 54.189739 -6.985886 -21.212576 0.898071 0.000000
500 26.821766 0.709832 56.415462 -7.494636 -23.691416 0.882525 0.000000
1000 28.118160 0.347225 55.009274 -6.239904 -22.065145 1.066713 0.000000
1500 35.784058 0.668526 60.711761 -6.798593 -19.761221 0.963586 0.000000
2000 18.101690 0.392643 45.705956 -4.957744 -24.035271 0.996108 0.000000
2500 31.553102 0.496828 57.610355 -5.240540 -22.147640 0.834097 0.000000
3000 21.628933 0.551029 49.485157 -6.002703 -23.347448 0.942900 0.000000
3500 26.932295 0.393751 53.477020 -5.472665 -22.342308 0.876497 0.000000
4000 27.003962 0.375397 52.165245 -4.408057 -21.995089 0.866466 0.000000
4500 20.772783 0.312132 48.052456 -5.559356 -22.829277 0.796828 0.000000
5000 26.587980 0.484542 52.139389 -6.357426 -20.613037 0.934511 0.000000
500 20.728010 0.444165 46.639252 -6.609716 -20.638233 0.892541 0.000000
1000 23.898617 0.737615 49.132347 -5.096007 -21.944487 1.069151 0.000000
1500 25.666815 0.453669 50.577442 -4.565088 -21.955313 1.156101 0.000000
2000 21.006729 0.405096 46.783821 -4.467084 -22.709877 0.994774 0.000000
2500 32.457344 0.629592 56.194920 -7.816966 -17.506958 0.956756 0.000000
3000 30.327923 1.642075 55.554607 -6.612848 -21.266722 1.010810 0.000000
3500 33.611977 0.426660 62.234402 -7.034839 -23.149426 1.135182 0.000000
4000 36.181900 0.427546 64.921432 -6.272387 -24.047863 1.153170 0.000000
4500 22.745253 0.525830 46.304420 -7.468234 -17.625385 1.008623 0.000000
5000 28.665979 2.574968 53.483742 -6.591156 -21.769579 0.968007 0.000000
500 23.388868 0.342468 50.621284 -5.221326 -23.432959 1.079399 0.000000
1000 31.752203 0.508572 55.943951 -7.105953 -18.525490 0.931124 0.000000
1500 36.082935 0.481110 59.513138 -6.096870 -18.927570 1.113128 0.000000
2000 30.087685 0.963161 56.902508 -7.211760 -21.590996 1.024773 0.000000
2500 28.431799 0.407397 52.678879 -5.574575 -20.106949 1.027045 0.000000
3000 38.018829 1.007676 60.808067 -6.444961 -18.255173 0.903220 0.000000
3500 28.629021 0.483577 56.642609 -7.410865 -22.243731 1.157431 0.000000
4000 29.083302 0.446893 53.768490 -6.886179 -19.190893 0.944993 0.000000
4500 27.764887 0.510054 53.948067 -6.793182 -20.931168 1.031114 0.000000
5000 36.893375 0.783082 59.135944 -5.235516 -18.916378 1.126245 0.000000
500 24.779079 0.521440 51.193779 -8.198474 -19.722107 0.984444 0.000000
1000 20.903479 0.820267 52.192150 -8.386930 -24.857553 1.135543 0.000000
1500 32.538887 0.434899 59.469772 -7.334829 -21.130831 1.099875 0.000000
2000 28.917204 0.939120 52.497234 -5.312305 -20.252007 1.045161 0.000000
2500 24.041229 0.435076 49.399868 -5.301363 -21.632669 1.140314 0.000000
3000 33.800926 0.607868 58.563763 -5.276351 -21.154451 1.060098 0.000000
3500 30.665411 2.065002 55.630997 -5.661135 -22.475443 1.105988 0.000000
4000 30.777157 0.593396 55.139240 -4.088543 -22.139227 1.272292 0.000000
4500 25.059586 0.427741 49.238628 -5.706953 -19.919462 1.019628 0.000000
5000 35.908909 0.560315 57.739986 -6.108416 -17.426502 1.143526 0.000000
500 23.903454 1.068370 51.802723 -7.041959 -22.673618 0.747936 0.000000
1000 22.624763 0.731556 48.997295 -6.276751 -21.599518 0.772178 0.000000
1500 33.146549 0.239218 53.368370 -3.957342 -17.320974 0.817281 0.000000
2000 23.909065 0.827831 48.549858 -5.534587 -20.645382 0.711345 0.000000
2500 38.674576 0.266532 57.819035 -3.773463 -16.411848 0.774323 0.000000
3000 26.623075 0.330013 48.317257 -6.397892 -16.385946 0.759644 0.000000
3500 32.907085 0.511929 54.224934 -3.545488 -19.098373 0.814082 0.000000
4000 28.810003 0.300442 51.587105 -4.294908 -19.496370 0.713733 0.000000
4500 24.871119 0.349097 47.992886 -4.426233 -19.812912 0.768281 0.000000
5000 37.535084 0.505471 58.088120 -5.526098 -16.401424 0.869018 0.000000
500 20.663694 0.369560 47.964657 -8.103330 -20.441788 0.874594 0.000000
1000 9.462485 0.373819 37.561897 -6.620752 -22.746735 0.894258 0.000000
1500 19.772982 0.493821 47.796894 -8.149163 -21.235350 0.866780 0.000000
2000 16.451025 0.884519 46.274975 -7.916072 -23.689348 0.896954 0.000000
2500 10.071369 0.827148 38.981339 -7.578633 -22.991329 0.832844 0.000000
3000 22.342152 0.367715 51.523808 -9.084342 -21.314520 0.849492 0.000000
3500 7.295597 0.836361 37.161541 -8.259923 -23.278063 0.835680 0.000000
4000 18.814953 1.462774 45.114113 -6.296228 -22.334496 0.868790 0.000000
4500 6.730096 0.450513 34.779072 -4.734223 -24.605591 0.840326 0.000000
5000 20.880810 0.377127 44.618999 -4.391363 -20.560593 0.836635 0.000000
500 17.689116 0.507295 47.217247 -6.697215 -24.283207 0.944998 0.000000
1000 11.747538 0.318093 41.463024 -6.516205 -24.601372 1.083998 0.000000
1500 17.395048 0.559171 45.854752 -8.133484 -21.908411 1.023023 0.000000
2000 18.171278 0.658900 44.645607 -6.404783 -21.804312 1.075863 0.000000
2500 13.636525 1.366068 44.348289 -9.075004 -24.098392 1.095563 0.000000
3000 17.317741 0.703259 44.030113 -7.746868 -20.508053 0.839290 0.000000
3500 12.503428 0.628839 43.573494 -7.816320 -24.742785 0.860199 0.000000
4000 19.820080 0.552959 48.386688 -9.477499 -20.417009 0.774939 0.000000
4500 33.199841 0.488685 60.989117 -5.658097 -23.544575 0.924708 0.000000
5000 22.681038 1.328733 48.955021 -6.435746 -22.199398 1.032429 0.000000
500 18.823929 0.483169 47.107002 -8.166806 -21.346603 0.747166 0.000000
1000 11.455587 0.374218 38.466747 -7.914011 -20.244648 0.773281 0.000000
1500 5.007082 0.326632 34.901142 -7.890052 -23.119123 0.788482 0.000000
2000 15.752509 0.365136 45.653255 -9.314113 -21.689220 0.737452 0.000000
2500 17.057632 0.480658 45.937958 -5.893044 -24.261890 0.793949 0.000000
3000 20.021877 0.353877 45.119221 -6.842259 -19.342482 0.733518 0.000000
3500 25.498308 0.394632 53.034351 -5.157808 -23.614340 0.841476 0.000000
4000 20.371672 1.128062 46.594608 -4.675285 -23.521061 0.845346 0.000000
4500 22.935919 0.505447 50.413219 -4.793872 -23.934961 0.746086 0.000000
5000 23.228853 0.358774 47.959984 -2.044935 -23.935120 0.890149 0.000000
500 46.603451 0.915030 65.953590 -3.685000 -17.802662 1.222494 0.000000
1000 34.938622 0.567172 59.025166 -5.213415 -20.575483 1.135176 0.000000
1500 36.492039 0.452007 60.380821 -3.800069 -21.519590 0.978871 0.000000
2000 19.496506 0.472891 44.617706 -5.248796 -21.581221 1.235925 0.000000
2500 17.383316 0.870716 43.334763 -4.905532 -23.040594 1.123964 0.000000
3000 26.785410 1.005817 49.125553 -5.582004 -18.749409 0.985453 0.000000
3500 24.324945 0.363063 50.540161 -5.185876 -22.234951 0.842546 0.000000
4000 21.259575 0.571588 48.206268 -5.485924 -22.920212 0.887856 0.000000
4500 18.077572 0.664761 43.934544 -5.509739 -22.005592 0.993599 0.000000
5000 26.960827 0.543188 52.915455 -4.702762 -22.866283 1.071231 0.000000
500 19.308138 0.333715 46.497963 -6.104822 -22.489393 1.070674 0.000000
1000 23.430618 0.754412 49.303772 -6.124866 -21.433428 0.930726 0.000000
1500 18.388731 0.371916 44.486679 -6.707501 -20.641693 0.879331 0.000000
2000 15.843672 0.371780 40.898525 -4.025521 -22.398415 0.997302 0.000000
2500 31.949020 0.340090 51.773735 -4.295858 -16.815544 0.946594 0.000000
3000 23.139427 0.692374 49.346478 -3.248506 -24.611076 0.960155 0.000000
3500 14.676307 0.814701 43.571938 -5.740932 -24.949717 0.980317 0.000000
4000 25.170414 0.334842 50.799839 -3.996570 -22.934790 0.967092 0.000000
4500 24.250534 0.414707 53.138512 -7.141582 -23.048479 0.887376 0.000000
5000 17.960636 0.250654 46.784664 -6.575336 -23.469215 0.969868 0.000000
500 14.695053 0.579893 45.444958 -8.676481 -23.588902 0.935588 0.000000
1000 25.263184 0.450667 54.722725 -8.678002 -22.022865 0.790657 0.000000
1500 16.942400 0.495431 44.993904 -7.010295 -22.408787 0.872149 0.000000
2000 14.914895 0.419098 45.110512 -7.823111 -23.781956 0.990354 0.000000
2500 15.638773 0.334935 43.607536 -10.312739 -18.948786 0.957828 0.000000
3000 20.799702 0.629814 50.379620 -9.031942 -22.231438 1.053645 0.000000
3500 26.029844 1.546047 53.532181 -9.981032 -20.168816 1.101465 0.000000
4000 19.654284 0.746815 51.958920 -9.750415 -24.265976 0.964940 0.000000
4500 17.436981 1.026818 48.382027 -8.464465 -24.415892 0.908494 0.000000
5000 29.410076 1.165387 52.445740 -7.414743 -17.684418 0.898113 0.000000
500 18.536932 0.676735 48.645275 -7.425848 -24.230810 0.871579 0.000000
1000 14.745573 1.135449 46.345081 -9.765456 -23.865421 0.895922 0.000000
1500 19.185091 0.521356 45.402538 -7.828849 -19.752747 0.842795 0.000000
2000 13.610754 0.467348 45.464912 -8.699826 -24.555990 0.934311 0.000000
2500 15.424792 0.469246 49.592693 -10.111514 -25.266623 0.740991 0.000000
3000 9.518547 0.578302 39.829670 -7.369415 -24.259640 0.739632 0.000000
3500 21.816141 0.617482 51.335209 -7.942131 -23.052473 0.858054 0.000000
4000 30.781105 0.497311 60.373821 -7.215371 -23.734165 0.859509 0.000000
4500 20.472149 0.707209 49.877308 -8.800261 -22.242861 0.930754 0.000000
5000 30.445772 0.305014 56.376423 -8.006695 -19.066774 0.837803 0.000000
500 30.615311 0.671160 54.319363 -5.279422 -19.904243 0.808453 0.000000
1000 33.959095 0.318609 55.286812 -4.514656 -17.817207 0.685540 0.000000
1500 34.438858 0.573093 57.976116 -7.077300 -17.797937 0.764884 0.000000
2000 22.410748 0.264487 49.341728 -7.550037 -20.436100 0.790668 0.000000
2500 21.798969 0.280899 45.446815 -5.157790 -19.593660 0.822707 0.000000
3000 25.708900 0.410373 49.822445 -5.927276 -19.370697 0.774055 0.000000
3500 16.686308 0.305198 47.732864 -7.495982 -24.613590 0.757818 0.000000
4000 17.978838 0.377821 47.830257 -7.069654 -24.028135 0.868545 0.000000
4500 20.393953 0.505495 49.060200 -5.608456 -24.406319 0.843034 0.000000
5000 20.740625 0.403583 49.384548 -8.192245 -21.620804 0.765543 0.000000
500 19.452446 0.307380 50.031548 -10.293498 -21.390669 0.797685 0.000000
1000 19.438486 0.231886 52.324261 -9.131438 -24.768606 0.782382 0.000000
1500 29.022808 0.528730 55.983971 -8.954903 -19.282696 0.747708 0.000000
2000 18.938583 0.382926 48.611610 -7.655528 -23.174324 0.773899 0.000000
2500 18.318548 0.341843 49.221413 -8.838888 -23.233454 0.827636 0.000000
3000 16.624842 0.369650 45.093315 -7.600976 -22.052649 0.815498 0.000000
3500 15.594154 0.527770 47.046234 -8.856919 -23.981955 0.859022 0.000000
4000 23.150808 0.561815 56.077602 -9.500299 -24.859371 0.871065 0.000000
4500 32.088905 0.593548 61.716412 -7.704967 -23.667847 1.151759 0.000000
5000 22.895132 0.376878 52.939960 -8.904044 -22.350960 0.833299 0.000000
500 20.751356 0.427956 46.861172 -5.909481 -21.643641 1.015350 0.000000
1000 28.761347 0.603486 50.471615 -5.103517 -18.661945 1.451708 0.000000
1500 27.312574 0.683928 50.733627 -6.913156 -18.383295 1.191468 0.000000
2000 12.752730 0.459322 43.299133 -8.511098 -23.665886 1.171256 0.000000
2500 27.521969 0.818345 46.934147 -7.313584 -13.717665 0.800726 0.000000
3000 12.094153 0.516384 42.538132 -7.914585 -23.906395 0.860617 0.000000
3500 17.050776 0.636799 47.471596 -9.491670 -22.560946 0.994994 0.000000
4000 5.783421 0.473122 37.174831 -9.857362 -22.938667 0.931496 0.000000
4500 7.058026 0.674722 36.641483 -9.048540 -22.183760 0.974122 0.000000
5000 17.670956 0.523891 48.173656 -8.855126 -23.061216 0.889749 0.000000
500 19.941437 0.460837 52.703724 -9.478395 -24.495960 0.751228 0.000000
1000 17.562796 0.277782 48.571167 -9.849517 -22.243607 0.806970 0.000000
1500 21.534903 0.225053 53.244667 -9.145855 -23.628483 0.839521 0.000000
2000 22.832319 0.536607 53.520359 -7.413918 -24.547831 0.737102 0.000000
2500 23.058880 0.357614 53.120167 -7.722780 -23.518602 0.822480 0.000000
3000 22.307472 0.398166 52.144791 -8.488173 -22.467968 0.720653 0.000000
3500 15.528972 0.346301 43.184177 -7.623022 -21.131454 0.752967 0.000000
4000 13.176954 0.185271 43.844593 -8.353796 -23.338915 0.839798 0.000000
4500 14.510905 0.381852 45.448967 -7.468140 -24.788710 0.936936 0.000000
5000 32.837036 0.925281 55.942158 -8.250589 -16.621031 0.841216 0.000000
500 18.898422 1.250809 49.376358 -10.365656 -22.862690 1.499600 0.000000
1000 15.828563 0.890967 47.966953 -11.528259 -22.567600 1.066501 0.000000
1500 10.916607 0.214726 43.362568 -10.293840 -23.353004 0.986157 0.000000
2000 14.098912 0.542747 44.677876 -9.956731 -22.220137 1.055156 0.000000
2500 18.397581 0.839337 50.727306 -10.076356 -24.087702 0.994994 0.000000
3000 11.514170 0.465776 41.791451 -8.720646 -22.893925 0.871515 0.000000
3500 12.554918 1.409188 41.269104 -9.910561 -21.314724 1.101911 0.000000
4000 8.698332 0.302134 41.584423 -10.724899 -23.374474 0.911146 0.000000
4500 14.532413 1.375929 45.357037 -9.359082 -23.907387 1.065918 0.000000
5000 15.592707 0.907667 42.986382 -6.742990 -22.893560 1.335206 0.000000
500 12.953200 0.385872 43.813015 -8.032735 -23.950373 0.737420 0.000000
1000 18.667658 0.378241 47.110260 -8.079618 -21.593914 0.852689 0.000000
1500 16.881119 0.385318 47.682392 -8.727290 -23.333344 0.874043 0.000000
2000 28.598907 0.891395 57.196812 -7.180102 -23.098106 0.788909 0.000000
2500 33.321980 0.383359 56.944736 -6.685820 -18.130779 0.810486 0.000000
3000 25.989147 0.451982 53.812458 -8.412857 -20.556171 0.693738 0.000000
3500 24.183929 0.553396 51.419018 -6.487223 -22.118954 0.817692 0.000000
4000 21.401224 0.262499 48.922287 -6.904639 -21.630455 0.751531 0.000000
4500 26.918108 0.151208 48.105556 -3.374556 -18.994946 1.030847 0.000000
5000 15.791998 0.399398 40.676743 -3.975247 -22.199797 0.890900 0.000000
500 8.285296 0.911100 41.670654 -9.549595 -25.475773 0.728912 0.000000
1000 9.640870 0.271971 40.507626 -10.045106 -21.837351 0.743727 0.000000
1500 6.474620 0.315662 39.375668 -9.543859 -24.335819 0.662969 0.000000
2000 10.619003 0.371825 44.089355 -9.781766 -24.845612 0.785198 0.000000
2500 11.519536 0.462504 41.583065 -9.697966 -21.777555 0.949488 0.000000
3000 16.717287 0.367516 46.832577 -7.064196 -24.425335 1.006728 0.000000
3500 19.740541 0.554228 49.018616 -7.439532 -23.394608 1.001841 0.000000
4000 21.236429 0.712123 52.663811 -9.424874 -23.667751 0.953119 0.000000
4500 23.980677 0.679755 53.670956 -6.779731 -24.525444 0.935140 0.000000
5000 15.088341 0.415982 47.133942 -9.277547 -24.024611 0.840574 0.000000
500 17.554890 0.430316 42.395184 -7.560468 -18.610048 0.899904 0.000000
1000 15.578622 0.475176 42.154270 -6.565244 -21.385202 0.899622 0.000000
1500 20.360861 0.383499 49.936035 -7.539866 -23.261414 0.842607 0.000000
2000 12.673517 0.735207 41.445072 -7.483748 -23.008471 0.985458 0.000000
2500 19.252703 0.452107 46.638466 -6.704779 -22.000996 0.867903 0.000000
3000 21.390436 0.370004 52.471897 -7.611012 -24.737913 0.897461 0.000000
3500 9.505731 0.367919 41.000469 -8.961121 -23.714325 0.812787 0.000000
4000 15.118054 0.306045 45.901501 -8.456498 -23.548641 0.915647 0.000000
4500 20.300146 0.285329 50.369698 -7.935174 -23.378605 0.958899 0.000000
5000 27.107271 0.537583 54.033699 -9.091379 -19.362127 0.989493 0.000000
500 32.024780 0.673605 56.060452 -4.111762 -21.496941 0.899431 0.000000
1000 29.929684 0.569758 51.622555 -5.514501 -17.538456 0.790325 0.000000
1500 15.035785 0.802862 40.897690 -5.499403 -22.038490 0.873126 0.000000
2000 29.306934 0.450456 53.579937 -5.306371 -20.286118 0.869029 0.000000
2500 31.215481 0.299737 51.839725 -4.606147 -17.170897 0.853063 0.000000
3000 31.896482 0.389250 54.340633 -5.891767 -17.851450 0.909813 0.000000
3500 30.525391 0.592265 54.811382 -7.039926 -18.687695 0.849361 0.000000
4000 19.971910 0.470988 47.845684 -6.089020 -23.074854 0.819111 0.000000
4500 22.848379 0.510357 50.385029 -7.750972 -21.071865 0.775831 0.000000
5000 28.829092 0.407682 55.621620 -7.045950 -20.955006 0.800745 0.000000
500 21.041481 0.202583 51.338875 -7.517959 -23.844303 0.862285 0.000000
1000 26.737560 0.890905 53.407864 -8.390577 -20.052990 0.882362 0.000000
1500 18.453030 0.872508 47.454876 -7.277606 -23.535892 0.939145 0.000000
2000 18.815989 2.125963 46.694466 -7.686689 -23.142260 0.824512 0.000000
2500 3.923422 0.308484 36.140949 -8.551571 -24.869043 0.894604 0.000000
3000 11.074137 0.457957 39.814854 -9.571362 -20.500978 0.873664 0.000000
3500 16.610691 0.545323 45.933762 -7.578836 -23.400993 1.111439 0.000000
4000 19.009714 0.355223 48.132015 -7.180254 -23.268045 0.970776 0.000000
4500 16.053083 0.373755 47.418003 -8.246697 -24.561707 1.069727 0.000000
5000 19.824594 0.331164 46.751488 -7.314124 -20.939381 0.995447 0.000000
500 19.463923 0.342437 50.828247 -8.835318 -23.663908 0.792466 0.000000
1000 15.093648 0.415722 46.007778 -10.655791 -21.508636 0.834576 0.000000
1500 9.903716 0.415233 41.894371 -9.993325 -23.275236 0.862672 0.000000
2000 7.965132 0.320090 39.789825 -9.664971 -23.322691 0.842877 0.000000
2500 14.498220 0.444180 44.958672 -9.216582 -22.590569 0.902521 0.000000
3000 16.576958 0.781683 46.720917 -8.489128 -23.312820 0.876308 0.000000
3500 18.309561 0.651335 51.904213 -11.866689 -23.342539 0.963237 0.000000
4000 9.525663 0.392083 42.139771 -9.525410 -24.254642 0.773863 0.000000
4500 10.609722 1.646675 40.094799 -8.392171 -23.566797 0.827216 0.000000
5000 16.586264 0.649313 48.280178 -8.764813 -24.487759 0.909346 0.000000
500 8.314832 0.413340 37.470715 -7.582346 -23.126945 1.140071 0.000000
1000 11.293106 0.434400 40.768936 -10.467782 -20.344294 0.901846 0.000000
1500 20.615938 0.727417 49.800419 -9.234188 -21.672895 0.995185 0.000000
2000 17.869736 0.672249 47.443645 -7.431010 -23.775154 0.960007 0.000000
2500 20.630713 0.334291 50.578278 -6.630877 -24.602169 0.951189 0.000000
3000 20.156685 0.562076 47.429989 -7.469570 -21.310656 0.944845 0.000000
3500 20.352747 1.135814 49.563747 -6.562137 -24.602652 0.817974 0.000000
4000 17.700626 0.659906 48.286705 -9.132731 -23.044735 0.931484 0.000000
4500 21.503019 0.434142 49.152206 -7.727535 -21.220318 0.864523 0.000000
5000 24.331789 0.556584 54.201973 -10.077161 -21.169065 0.819457 0.000000
500 19.152733 0.245647 43.232071 -7.208697 -17.988943 0.872655 0.000000
1000 29.422421 1.791397 52.890163 -7.236581 -18.840515 0.817955 0.000000
1500 29.249651 0.787344 49.301651 -7.084621 -14.683012 0.928291 0.000000
2000 26.720121 0.312910 50.576157 -6.720469 -18.420719 0.972246 0.000000
2500 20.202887 0.373409 45.376770 -7.941571 -18.491245 0.885522 0.000000
3000 14.742323 0.625045 40.001850 -8.366318 -18.304443 0.786188 0.000000
3500 17.422176 0.267572 43.199757 -8.918066 -18.009970 0.882884 0.000000
4000 23.735283 0.467393 52.241875 -5.360095 -24.652370 1.038482 0.000000
4500 16.140379 0.344697 41.365849 -7.095722 -19.409321 0.934877 0.000000
5000 21.974857 0.253180 47.965061 -9.341882 -17.790588 0.889084 0.000000
500 30.565939 0.527509 56.946693 -5.898996 -22.157745 1.148478 0.000000
1000 17.675343 0.344808 49.687893 -9.392342 -24.002277 1.037263 0.000000
1500 12.884504 1.267915 41.568729 -7.783267 -23.666815 1.497944 0.000000
2000 15.384900 1.824642 43.671371 -8.614034 -22.801079 1.303998 0.000000
2500 14.650393 0.936190 39.745697 -8.276772 -19.000755 1.246032 0.000000
3000 7.804420 0.386739 37.499065 -8.197523 -23.205673 1.321813 0.000000
3500 7.745755 0.833601 37.969696 -8.459156 -24.033871 1.435483 0.000000
4000 15.600082 1.096129 46.812382 -8.638461 -24.995029 1.325062 0.000000
4500 16.635166 2.437927 47.619415 -10.097281 -24.317751 0.992857 0.000000
5000 14.936709 0.400167 43.475410 -7.887048 -22.083792 1.031972 0.000000
500 30.710358 0.490415 55.633827 -6.590621 -19.666454 0.843193 0.000000
1000 24.578787 0.231721 50.426170 -7.178649 -19.657469 0.757015 0.000000
1500 40.056854 0.506828 62.417522 -7.020325 -16.700201 0.853028 0.000000
2000 28.784973 0.302627 55.388515 -7.954147 -19.782904 0.830882 0.000000
2500 26.998369 0.857275 53.746681 -8.299453 -19.972919 0.666789 0.000000
3000 29.565264 0.517806 51.944614 -7.040664 -16.579142 0.722649 0.000000
3500 25.637878 0.631073 52.937580 -8.576469 -20.168322 0.814016 0.000000
4000 15.692496 0.431134 47.498165 -9.281783 -23.835186 0.880168 0.000000
4500 17.927700 0.361954 45.297398 -8.031548 -20.436232 0.736129 0.000000
5000 16.710865 0.454119 46.603779 -8.883711 -22.208422 0.745100 0.000000
500 30.655262 0.490503 52.624241 -4.705508 -18.776001 1.022030 0.000000
1000 30.294474 1.969093 52.877998 -5.689031 -20.226530 1.362942 0.000000
1500 24.818218 0.606608 50.992138 -5.598718 -22.160198 0.978386 0.000000
2000 23.560268 1.155911 48.089081 -6.778578 -19.935978 1.029831 0.000000
2500 27.042990 0.542799 46.841892 -5.073350 -16.392328 1.123974 0.000000
3000 19.002457 0.643825 49.911781 -8.453790 -24.265718 1.166358 0.000000
3500 23.210852 0.458483 50.333855 -6.058890 -22.653152 1.130556 0.000000
4000 23.983221 0.335363 52.626186 -6.649209 -23.594215 1.265096 0.000000
4500 25.056486 0.536564 46.158360 -5.688396 -17.015079 1.065038 0.000000
5000 29.640358 0.482257 47.126568 -4.757936 -14.277512 1.066978 0.000000
500 35.404259 0.533423 59.291664 -4.670102 -20.463953 0.713226 0.000000
1000 35.816692 0.512125 53.717094 -4.700772 -14.518108 0.806350 0.000000
1500 29.107929 0.618926 58.511642 -6.254152 -24.605572 0.837083 0.000000
2000 37.293957 0.704276 63.551899 -5.742282 -22.141037 0.921105 0.000000
2500 21.767385 1.307622 48.110588 -6.038149 -22.522284 0.909611 0.000000
3000 19.312239 0.562671 46.304184 -5.674095 -22.747568 0.867047 0.000000
3500 34.077538 0.472158 55.311268 -4.422408 -18.083626 0.800146 0.000000
4000 25.332853 0.401012 50.346863 -4.309869 -21.849979 0.744825 0.000000
4500 27.576729 0.677474 52.911167 -5.678794 -21.106840 0.773722 0.000000
5000 31.979128 0.404646 55.829399 -3.297764 -21.697046 0.739890 0.000000
500 32.357616 0.408047 57.661396 -7.744994 -18.911125 0.944293 0.000000
1000 33.459641 1.471181 53.406887 -6.369828 -15.894319 0.845717 0.000000
1500 33.616211 0.412939 56.837990 -6.511811 -18.051722 0.928811 0.000000
2000 27.874863 0.453552 49.711952 -6.491078 -16.648352 0.848787 0.000000
2500 30.232737 0.527544 51.345165 -4.575445 -17.887085 0.822558 0.000000
3000 27.018848 0.535862 52.474899 -3.550617 -23.441206 0.999911 0.000000
3500 19.975258 0.364252 44.084686 -2.168966 -23.268028 0.963310 0.000000
4000 28.241240 1.308865 50.126484 -4.035379 -20.074890 0.916159 0.000000
4500 15.626635 0.483672 45.190796 -5.771912 -25.119211 0.843289 0.000000
5000 31.579302 0.705898 51.936291 -5.828269 -16.128105 0.893487 0.000000
500 14.576876 0.890182 47.181133 -9.525353 -24.875105 0.906018 0.000000
1000 16.153158 0.376361 45.334652 -9.829222 -20.720528 0.991896 0.000000
1500 16.298191 0.335288 45.294388 -8.193356 -22.043182 0.905052 0.000000
2000 30.550148 0.361741 51.779747 -6.071588 -16.437845 0.918093 0.000000
2500 24.708145 0.475964 51.682674 -7.014795 -21.472446 1.036747 0.000000
3000 22.988163 0.255766 52.453644 -8.442094 -22.237522 0.958366 0.000000
3500 17.761814 0.581762 45.728146 -8.272918 -21.269682 0.994510 0.000000
4000 29.592648 0.928722 57.873142 -9.665428 -20.448757 0.904969 0.000000
4500 9.098107 0.292877 41.833820 -9.102215 -24.840940 0.914565 0.000000
5000 14.362341 0.339865 44.357265 -8.888201 -22.325817 0.879229 0.000000
500 21.284517 0.670708 47.096333 -8.602815 -18.684952 0.805243 0.000000
1000 17.109829 0.456817 46.734959 -7.757739 -23.201235 0.877027 0.000000
1500 22.979832 2.236636 49.940796 -8.309533 -21.858419 0.970351 0.000000
2000 16.664051 0.421689 46.253452 -8.887494 -21.946638 0.823042 0.000000
2500 22.212536 0.666522 52.038239 -7.292515 -24.151485 0.951775 0.000000
3000 25.637726 0.587199 51.461010 -5.037064 -22.412943 1.039522 0.000000
3500 32.293240 0.409408 60.355335 -7.157673 -22.196596 0.882766 0.000000
4000 24.110769 0.491979 51.281136 -6.740901 -21.963133 1.041692 0.000000
4500 22.140581 0.538476 49.169273 -5.004430 -23.589788 1.027050 0.000000
5000 28.934998 0.441957 57.514267 -8.058070 -21.941010 0.977856 0.000000
500 21.965841 0.473000 49.722485 -7.585090 -21.410887 0.766334 0.000000
1000 35.066177 1.250411 57.715282 -5.572013 -19.346584 1.019081 0.000000
1500 25.872559 0.415646 50.018475 -4.153255 -21.388885 0.980579 0.000000
2000 33.602753 0.487726 55.335243 -4.613013 -18.534470 0.927270 0.000000
2500 27.544827 0.282740 48.231445 -6.233898 -15.556632 0.821170 0.000000
3000 24.188934 0.477232 46.427731 -6.318890 -17.166718 0.769581 0.000000
3500 29.555742 1.020760 53.275578 -6.734138 -18.927298 0.920841 0.000000
4000 18.639854 0.602739 49.598068 -7.967249 -24.468777 0.875077 0.000000
4500 29.484634 0.486905 52.084942 -6.351110 -17.700394 0.964292 0.000000
5000 20.453501 0.514398 44.051235 -6.943556 -17.956293 0.787715 0.000000
500 26.681410 0.665629 49.898838 -6.086241 -18.640108 0.843291 0.000000
1000 17.151485 0.534432 41.100376 -5.919993 -19.513262 0.949934 0.000000
1500 18.078308 0.454051 40.135841 -5.111113 -18.263012 0.862537 0.000000
2000 29.585043 1.847868 47.656673 -3.696410 -17.038668 0.815582 0.000000
2500 25.512323 0.272956 49.255871 -5.433315 -19.398674 0.815485 0.000000
3000 18.450476 0.515659 40.064819 -5.246680 -17.776863 0.893541 0.000000
3500 27.871286 0.339357 49.300953 -4.860560 -17.705328 0.796867 0.000000
4000 16.105732 0.721312 39.807133 -6.092480 -19.207815 0.877580 0.000000
4500 16.338572 0.265762 37.354622 -5.570171 -16.670242 0.958601 0.000000
5000 19.974691 0.400937 42.927418 -4.744916 -19.504784 0.896037 0.000000
500 15.465256 0.499437 44.070415 -9.662772 -20.526054 1.084232 0.000000
1000 19.706467 0.389071 53.250118 -10.764187 -24.370605 1.202067 0.000000
1500 20.648396 0.860841 51.746460 -8.993886 -23.963381 0.998362 0.000000
2000 17.106016 0.334011 50.498119 -10.599917 -24.157204 1.031008 0.000000
2500 10.600380 0.397872 42.352802 -10.097163 -22.887539 0.834408 0.000000
3000 12.356810 0.374430 46.342236 -10.645966 -24.585854 0.871962 0.000000
3500 19.727945 0.744635 51.514553 -10.192331 -23.369640 1.030729 0.000000
4000 17.023460 0.329607 47.086216 -9.117168 -22.175928 0.900732 0.000000
4500 20.584616 0.660607 50.030678 -7.386637 -23.736275 1.016241 0.000000
5000 29.651461 0.423190 54.690830 -4.723705 -21.801796 1.062941 0.000000
500 26.998068 0.326181 55.582596 -7.644565 -21.972097 0.705955 0.000000
1000 27.311333 0.509970 54.211334 -5.892023 -22.197273 0.679322 0.000000
1500 26.569660 0.383448 53.240631 -6.606295 -21.156143 0.708019 0.000000
2000 23.048538 0.321403 50.145912 -5.656722 -22.525026 0.762972 0.000000
2500 30.402630 0.435642 54.750237 -7.851050 -17.567789 0.635592 0.000000
3000 24.234684 0.573433 49.660038 -8.678131 -18.010914 0.690258 0.000000
3500 23.181574 0.477775 53.592663 -10.027561 -21.761639 0.900334 0.000000
4000 36.052711 0.317092 59.885353 -7.708985 -17.143385 0.702637 0.000000
4500 27.684113 0.397936 56.404793 -7.249934 -22.614393 0.745710 0.000000
5000 32.009220 1.160126 50.113869 -3.619930 -16.721645 1.076801 0.000000
500 13.299860 1.168993 42.546242 -8.487613 -22.753605 0.825842 0.000000
1000 19.161768 0.303378 46.483700 -7.509676 -20.912197 0.796564 0.000000
1500 14.638959 0.514687 43.183121 -6.667736 -23.243654 0.852542 0.000000
2000 16.329956 0.740157 44.356522 -7.409698 -22.182369 0.825344 0.000000
2500 29.869759 0.821677 49.099072 -5.385237 -15.630812 0.965056 0.000000
3000 14.100897 0.662070 42.750591 -6.622735 -23.478678 0.789646 0.000000
3500 10.796992 0.485385 39.563976 -6.128475 -24.003679 0.879784 0.000000
4000 13.697078 0.400860 42.434193 -6.099768 -23.849274 0.811069 0.000000
4500 26.358801 0.511900 55.818459 -7.609607 -23.100193 0.738245 0.000000
5000 12.297271 0.509165 43.704723 -7.721925 -25.025705 0.831010 0.000000
500 25.640177 0.811001 53.575207 -7.711085 -21.798775 0.763831 0.000000
1000 22.134245 0.630573 47.986526 -6.651130 -20.657375 0.825652 0.000000
1500 14.579035 0.519747 44.830948 -8.359913 -23.240465 0.828720 0.000000
2000 30.681417 0.320036 60.521065 -9.396033 -21.587221 0.823574 0.000000
2500 22.467253 0.472784 50.107136 -7.802424 -21.049219 0.738975 0.000000
3000 31.026915 0.442190 57.602028 -7.142076 -20.604120 0.728894 0.000000
3500 22.954697 0.348309 48.422626 -7.134414 -19.383709 0.701886 0.000000
4000 26.029404 0.489632 55.655014 -5.535746 -25.311153 0.731659 0.000000
4500 17.051723 0.579901 45.090851 -9.003888 -20.570181 0.955039 0.000000
5000 25.320002 0.407593 50.933071 -8.600689 -18.247999 0.828026 0.000000
