500 35.029095 0.543920 60.767292 -4.212750 -22.906727 0.837362 0.000000
1000 38.525578 0.466333 60.664730 -3.795053 -19.673460 0.863027 0.000000
1500 26.289719 0.467794 50.393066 -5.615648 -19.929228 0.973737 0.000000
2000 20.139006 0.986724 48.162354 -5.889018 -24.187193 1.066140 0.000000
2500 43.721508 0.588294 63.662460 -5.646692 -15.905586 1.023030 0.000000
3000 25.834690 0.306892 53.620674 -6.773284 -22.156788 0.837196 0.000000
3500 34.118633 0.443764 58.944489 -5.912897 -20.215841 0.859120 0.000000
4000 38.301838 0.635237 57.841835 -4.977240 -16.116322 0.918327 0.000000
4500 39.434700 0.362526 61.703907 -5.641794 -17.907026 0.917085 0.000000
5000 27.781391 0.551115 56.308254 -8.137682 -21.874109 0.933813 0.000000
500 32.705727 0.298537 52.458057 -6.820521 -14.262358 1.032010 0.000000
1000 28.444777 0.390713 46.536469 -6.001628 -13.754625 1.273850 0.000000
1500 33.283886 0.360022 51.367935 -6.203859 -13.292454 1.052237 0.000000
2000 34.981842 0.481409 53.984219 -5.664254 -15.083716 1.264183 0.000000
2500 42.031246 1.711170 53.675484 -4.771293 -10.345607 1.761494 0.000000
3000 40.786842 0.409172 54.758095 -5.251890 -10.323841 1.195305 0.000000
3500 49.880016 0.480078 64.339577 -6.178445 -9.750013 0.988819 0.000000
4000 39.764881 1.392759 54.354725 -3.714045 -13.388449 1.119891 0.000000
4500 38.806763 0.551252 52.442734 -3.033088 -12.056820 0.902681 0.000000
5000 48.982914 0.419278 60.722767 -2.577155 -10.555649 0.973675 0.000000
500 45.530170 0.558316 61.616615 -2.448292 -15.254644 1.058176 0.000000
1000 36.685806 0.563383 53.449608 -1.653814 -16.933693 1.260324 0.000000
1500 34.252403 0.955672 55.777611 -3.041514 -20.540789 1.101425 0.000000
2000 40.034088 0.563245 56.023903 -2.232553 -15.391633 1.071127 0.000000
2500 34.044292 0.487874 54.656425 -2.796058 -19.450905 1.146959 0.000000
3000 42.085030 0.945626 59.005215 -1.978320 -17.090466 1.202978 0.000000
3500 35.032074 0.413951 55.142746 -1.882896 -19.749615 1.107886 0.000000
4000 36.461067 0.487965 54.480339 -2.086756 -17.988136 1.567658 0.000000
4500 33.262814 0.563703 53.670319 -1.960949 -20.123734 1.113476 0.000000
5000 33.500732 0.458500 51.066971 -1.666899 -17.801773 1.443933 0.000000
500 38.520412 0.517367 60.856457 -3.802015 -20.080664 1.029262 0.000000
1000 33.040627 0.369487 56.291264 -5.257661 -19.221949 0.859483 0.000000
1500 30.978497 0.429052 57.846428 -6.636779 -21.536997 0.876791 0.000000
2000 20.862307 0.398693 49.415279 -8.627872 -21.164076 0.840282 0.000000
2500 20.174263 0.891397 46.315525 -8.242251 -19.664455 0.874049 0.000000
3000 22.250214 0.532643 49.977768 -8.269521 -20.831852 0.841175 0.000000
3500 16.410410 0.463697 44.282761 -6.874186 -22.313009 0.851151 0.000000
4000 25.349541 0.461122 52.449623 -8.245695 -20.242832 0.927326 0.000000
4500 21.426172 0.495691 48.956352 -7.910820 -20.878429 0.763380 0.000000
5000 30.266094 0.366791 57.817978 -6.596010 -22.179836 0.857169 0.000000
500 35.474022 0.495589 57.657120 -2.995756 -20.858374 1.175436 0.000000
1000 30.659121 1.809421 51.771236 -3.565236 -20.627062 1.270760 0.000000
1500 39.347351 1.676514 58.279896 -3.246578 -18.896057 1.533578 0.000000
2000 29.744263 2.756549 50.484726 -5.620551 -19.577372 1.700912 0.000000
2500 17.634031 0.512501 43.869270 -5.613314 -22.548708 1.414285 0.000000
3000 23.273716 1.264775 47.102654 -3.570041 -22.922539 1.398868 0.000000
3500 35.753544 0.610283 54.176155 -2.600729 -17.940968 1.508805 0.000000
4000 50.519234 0.975817 62.927990 -2.222651 -12.710579 1.548656 0.000000
4500 39.239841 1.433854 55.388714 -2.209042 -16.876713 1.503029 0.000000
5000 34.745270 0.819244 51.250984 -3.275455 -15.303223 1.253718 0.000000
500 16.417259 1.310211 47.213543 -9.799821 -23.134134 0.827460 0.000000
1000 31.349798 0.494797 56.042728 -9.508442 -16.503218 0.823932 0.000000
1500 38.693645 0.591942 60.046806 -7.963447 -14.880714 0.899060 0.000000
2000 21.862574 0.819064 45.907040 -8.040481 -17.770535 0.947485 0.000000
2500 33.903744 0.711526 58.514587 -6.384038 -19.855381 0.917049 0.000000
3000 18.285730 0.245474 47.072304 -6.953913 -22.840019 0.761888 0.000000
3500 21.829479 0.444368 52.238674 -9.197085 -22.565945 0.909469 0.000000
4000 16.360884 0.905463 44.463837 -8.031359 -21.799839 0.822778 0.000000
4500 24.531052 0.486417 49.592365 -6.916745 -19.580755 0.949769 0.000000
5000 16.687689 0.435395 44.591881 -6.670660 -22.473513 0.804584 0.000000
500 34.181313 0.665205 56.980743 -2.975283 -21.745888 1.256539 0.000000
1000 44.747822 0.458912 60.214497 -2.827906 -14.408194 1.310512 0.000000
1500 42.932030 1.167905 63.152714 -4.587475 -18.021360 1.220244 0.000000
2000 17.383821 1.962421 41.522568 -6.150772 -20.954941 1.004545 0.000000
2500 38.153328 1.406660 57.968918 -4.593790 -17.734690 1.106225 0.000000
3000 39.123432 1.007911 55.474857 -3.979939 -14.404482 1.025082 0.000000
3500 40.519371 1.290424 56.094196 -3.776862 -14.154930 1.066542 0.000000
4000 34.886848 0.953914 57.231049 -5.504364 -18.913797 1.120048 0.000000
4500 35.638485 1.326032 52.311462 -4.719050 -14.369455 1.089495 0.000000
5000 34.483383 0.876075 60.927380 -6.354571 -21.994204 1.028702 0.000000
500 43.121971 0.406801 67.301865 -4.994945 -20.568228 0.976480 0.000000
1000 26.666088 0.564982 50.390652 -6.858830 -18.413248 0.982531 0.000000
1500 46.818874 1.135333 65.869202 -5.130708 -16.101595 1.046643 0.000000
2000 51.070244 0.821099 73.649086 -6.462756 -18.133839 1.196653 0.000000
2500 50.829021 1.044907 70.796608 -4.156502 -18.005308 1.149319 0.000000
3000 48.782139 0.260137 65.856697 -5.435996 -13.070158 1.171459 0.000000
3500 37.649075 1.261995 56.276894 -6.178039 -14.714498 1.002725 0.000000
4000 36.038078 0.566820 59.053429 -5.915031 -18.620625 0.953489 0.000000
4500 48.468483 0.297300 69.360817 -5.683097 -16.522503 1.015966 0.000000
5000 42.765224 1.953521 62.139217 -4.552997 -17.921864 1.147352 0.000000
500 48.906784 0.351110 60.470062 -4.976588 -7.816930 0.879132 0.000000
1000 64.206726 0.569797 74.628883 -2.978546 -8.911182 0.897779 0.000000
1500 46.985218 0.704328 60.479919 -4.468489 -10.575024 0.844488 0.000000
2000 44.650116 0.557617 59.568432 -2.691815 -13.761124 0.977004 0.000000
2500 47.246170 0.519964 57.632763 -3.044197 -8.685553 0.823195 0.000000
3000 54.109745 0.429150 66.184807 -2.431045 -10.930275 0.857114 0.000000
3500 47.278748 0.746248 60.691345 -3.024168 -11.893826 0.759149 0.000000
4000 45.821236 0.488279 61.913643 -3.608653 -13.816956 0.844927 0.000000
4500 55.420986 2.838090 61.294201 -1.841169 -7.839141 0.969001 0.000000
5000 51.816467 1.125972 62.754192 -5.075933 -7.816881 0.829117 0.000000
500 42.143524 0.343892 54.410400 -3.207602 -10.277264 0.874094 0.000000
1000 47.102032 0.364911 57.500561 -3.636570 -7.847075 0.720207 0.000000
1500 42.424328 0.484904 57.405823 -4.926599 -11.329857 0.790054 0.000000
2000 49.760689 0.391758 61.162407 -3.819796 -8.695044 0.721366 0.000000
2500 56.457069 0.444381 55.246464 0.000000 0.000000 0.766225 0.000000
3000 58.299503 0.488178 56.394779 0.000000 0.000000 1.416545 0.000000
3500 61.989094 0.538856 60.203644 0.000000 0.000000 1.246592 0.000000
4000 68.924545 0.477078 67.484329 0.000000 0.000000 0.963132 0.000000
4500 72.037987 1.043033 70.310806 0.000000 0.000000 0.684151 0.000000
5000 57.211361 0.427275 55.779259 0.000000 0.000000 1.004824 0.000000
500 32.880753 0.655062 55.532764 -7.850979 -16.371082 0.914987 0.000000
1000 27.746481 0.405078 53.292240 -7.040945 -19.942488 1.032593 0.000000
1500 32.908577 0.448269 52.890827 -7.163178 -14.383965 1.116623 0.000000
2000 47.038746 0.400285 63.796284 -4.694673 -13.854353 1.391201 0.000000
2500 42.779694 0.544959 58.890926 -3.889458 -13.898628 1.131894 0.000000
3000 40.442165 1.200535 52.752491 -3.338582 -11.494476 1.322196 0.000000
3500 43.363964 0.383009 59.736984 -3.485167 -14.359669 1.088804 0.000000
4000 47.690628 0.928852 59.942364 -2.942133 -11.368125 1.129670 0.000000
4500 63.075211 0.756138 75.774040 -3.862124 -10.635828 1.042975 0.000000
5000 48.384388 0.626890 59.218407 -3.581590 -8.701103 0.821780 0.000000
500 25.988049 0.547258 49.282299 -4.737380 -20.316862 1.212737 0.000000
1000 36.679615 0.820852 60.380600 -5.121229 -20.405918 1.005311 0.000000
1500 34.960979 0.977827 57.758869 -3.487034 -21.209389 0.920708 0.000000
2000 38.115772 0.344257 57.197464 -2.557673 -17.821745 0.953472 0.000000
2500 48.997852 1.353305 70.673515 -7.212418 -17.184353 1.367807 0.000000
3000 32.896023 0.766097 56.323837 -6.970855 -18.419483 1.196427 0.000000
3500 37.736477 0.288240 63.915733 -7.110047 -20.662600 1.305148 0.000000
4000 23.470085 0.501675 51.098751 -6.989083 -22.303108 1.161850 0.000000
4500 28.250057 0.385178 56.095730 -7.164901 -22.405533 1.339585 0.000000
5000 27.341799 0.265978 55.442501 -7.338857 -22.001225 0.973399 0.000000
500 40.623913 0.722377 55.026382 -5.533657 -10.465532 0.874341 0.000000
1000 42.546623 0.478349 58.263103 -5.033368 -12.177807 1.016345 0.000000
1500 46.719501 0.598585 63.362972 -4.820222 -13.315435 0.893602 0.000000
2000 40.385258 0.233793 59.967010 -7.994002 -12.611300 0.789759 0.000000
2500 49.735687 0.651027 64.887833 -4.354743 -12.257763 0.809337 0.000000
3000 44.368263 0.568440 61.890774 -4.720356 -14.250057 0.879462 0.000000
3500 50.707840 0.438325 60.937187 -2.597228 -9.038837 0.968394 0.000000
4000 51.182709 1.506966 58.579227 -3.451359 -6.592647 1.140522 0.000000
4500 49.904305 0.572679 61.784107 -4.151420 -9.416739 1.115677 0.000000
5000 35.905720 0.418838 54.224850 -6.589454 -13.211428 1.062917 0.000000
500 32.662971 1.035983 54.555447 -5.923190 -18.026096 1.020827 0.000000
1000 40.207497 0.660539 63.625927 -4.515249 -20.534878 0.971157 0.000000
1500 44.189400 0.646210 60.195438 -5.134153 -12.471033 0.952934 0.000000
2000 25.579599 0.232690 49.801521 -4.125790 -21.259003 0.930181 0.000000
2500 44.326530 1.249780 62.565750 -4.740735 -15.740144 0.991879 0.000000
3000 21.967909 0.461621 48.981636 -5.531075 -22.781084 0.836811 0.000000
3500 46.869438 0.469684 60.366280 -3.742627 -11.288923 1.065024 0.000000
4000 29.210220 0.494510 52.444653 -4.684481 -20.022371 0.977907 0.000000
4500 29.277624 0.508237 50.853615 -6.460848 -16.693459 1.070082 0.000000
5000 24.625248 0.551496 49.153622 -4.783752 -21.300140 1.004025 0.000000
500 33.283691 0.809989 52.052803 -4.209673 -16.434399 1.064972 0.000000
1000 50.436108 0.796133 64.364090 -4.742162 -11.123992 1.142035 0.000000
1500 37.594784 0.550153 56.711540 -4.011741 -16.556795 0.901630 0.000000
2000 41.234402 0.600509 62.965752 -3.291100 -20.013563 0.972805 0.000000
2500 31.179766 0.311936 55.423183 -5.816946 -19.804943 1.066533 0.000000
3000 34.556194 0.317590 61.809921 -5.419820 -23.082691 0.931193 0.000000
3500 30.142693 0.389573 54.822891 -5.430260 -20.664267 1.024755 0.000000
4000 32.320477 0.418099 51.889622 -3.624921 -17.434235 1.071909 0.000000
4500 33.175381 0.617987 53.903343 -3.333547 -19.190742 1.178340 0.000000
5000 23.975252 1.014811 49.995777 -3.884483 -24.090044 0.939191 0.000000
500 44.884541 0.584776 60.760475 -2.175351 -15.209608 0.924245 0.000000
1000 47.851879 0.536369 63.538231 -1.546795 -15.505943 0.830017 0.000000
1500 42.273705 0.458154 58.477848 -1.507452 -16.023575 0.868729 0.000000
2000 38.769184 0.323850 46.927250 -1.310543 -8.081263 0.909894 0.000000
2500 48.350224 0.740661 54.811417 -0.630005 -7.503448 0.931599 0.000000
3000 55.185257 0.266624 59.187714 -0.210899 -4.914767 0.856585 0.000000
3500 48.541920 0.477007 60.489941 -2.034568 -11.244701 0.854241 0.000000
4000 52.789295 2.201291 59.849655 -1.476263 -9.004869 1.219484 0.000000
4500 52.764130 1.846355 62.133732 -0.338057 -11.815426 0.937525 0.000000
5000 44.938568 0.642136 56.549534 -0.984078 -12.086682 0.817659 0.000000
500 45.518726 0.713180 51.278423 -0.701295 -6.537497 0.765914 0.000000
1000 51.435989 0.480881 61.880302 -0.404966 -11.445019 0.924788 0.000000
1500 50.587578 0.724746 62.316647 -1.517536 -11.692190 0.755913 0.000000
2000 68.602585 1.952772 65.710396 0.000000 0.000000 0.939416 0.000000
2500 58.364723 0.459911 62.813194 -0.569274 -5.333227 0.994118 0.000000
3000 64.598640 0.505549 72.035660 -1.622730 -7.312529 0.992701 0.000000
3500 50.414452 0.843804 60.450771 -2.814775 -8.869852 0.804506 0.000000
4000 45.571903 0.934871 56.445614 -1.007739 -11.668654 0.867814 0.000000
4500 46.474144 0.618152 56.089241 -1.135683 -10.026176 0.928607 0.000000
5000 49.464291 0.826187 58.279449 -1.425763 -9.157921 0.942338 0.000000
500 69.635735 1.319894 71.733131 -1.469345 -2.936413 0.988470 0.000000
1000 75.303825 0.426802 73.688873 -0.174545 0.000000 1.362695 0.000000
1500 67.754036 0.438839 66.099030 0.000000 0.000000 1.216167 0.000000
2000 73.672943 0.462553 72.146797 -0.069262 0.000000 1.132854 0.000000
2500 55.875191 0.684137 58.486027 -0.649421 -3.758456 1.112909 0.000000
3000 66.510521 0.444637 76.692879 -3.263628 -8.359587 0.996223 0.000000
3500 49.152443 0.614663 65.914101 -4.181635 -14.281610 1.086927 0.000000
4000 50.956657 0.775670 67.289055 -3.625957 -14.542519 1.060401 0.000000
4500 42.007557 0.521139 56.645256 -2.127765 -14.059353 1.028282 0.000000
5000 48.329216 0.346740 61.566761 -1.141429 -13.444925 1.002069 0.000000
500 19.911982 0.852399 44.457493 -7.968592 -18.403299 0.973980 0.000000
1000 27.335777 2.071635 52.329308 -8.472512 -19.425589 0.832934 0.000000
1500 22.316319 0.297578 45.581985 -7.023173 -17.399811 0.859742 0.000000
2000 36.573887 0.418738 57.498810 -6.114709 -16.034222 0.805268 0.000000
2500 28.915655 0.528183 50.898880 -7.576816 -15.885733 0.951141 0.000000
3000 21.847702 0.418662 48.574451 -6.826754 -21.242678 0.924021 0.000000
3500 19.034964 0.173429 47.885235 -8.913104 -20.872629 0.762035 0.000000
4000 16.713491 0.853852 43.794922 -8.616924 -20.151175 0.832818 0.000000
4500 15.006417 0.326438 44.421322 -9.301500 -21.233440 0.793599 0.000000
5000 14.629962 0.406935 43.737076 -9.268993 -21.009359 0.764302 0.000000
500 26.936382 0.557825 52.104877 -6.708218 -19.765554 0.747453 0.000000
1000 29.783737 0.528866 52.220257 -6.855130 -16.997093 0.886836 0.000000
1500 37.419224 1.523930 64.051811 -5.165978 -23.836700 0.846157 0.000000
2000 39.004848 0.787422 59.125740 -6.580862 -15.251108 0.923656 0.000000
2500 33.254147 0.463314 55.578766 -6.368629 -17.302422 0.883116 0.000000
3000 39.256721 1.260807 57.751099 -5.144657 -15.443240 0.832712 0.000000
3500 30.205868 0.451320 55.630714 -7.959175 -18.759441 0.842450 0.000000
4000 37.643501 0.367398 61.857838 -6.211114 -19.178785 0.808166 0.000000
4500 34.301079 0.404741 57.681488 -6.552529 -18.179760 0.947140 0.000000
5000 30.348333 0.268036 49.874180 -5.512203 -15.142227 0.860547 0.000000
500 16.044239 0.169827 47.987869 -9.183517 -23.701448 0.771510 0.000000
1000 30.071571 0.358828 55.506969 -4.789816 -21.900455 0.896046 0.000000
1500 21.929270 0.520940 48.722702 -6.709913 -21.437101 0.832642 0.000000
2000 29.317118 0.430231 49.140984 -3.723173 -17.665405 1.134482 0.000000
2500 27.080931 0.481535 50.360603 -6.404512 -18.259602 0.902902 0.000000
3000 26.945372 0.593988 49.916283 -6.845632 -17.676487 0.957221 0.000000
3500 28.090796 0.529637 50.940025 -7.048396 -17.404095 1.073626 0.000000
4000 27.628418 0.391261 50.421162 -6.924264 -17.147404 0.887661 0.000000
4500 33.281235 0.291873 54.177258 -6.779456 -15.327218 0.918779 0.000000
5000 29.972233 1.172076 54.220615 -5.015762 -21.240229 0.835531 0.000000
500 53.460987 0.743611 68.082375 -2.256990 -14.095464 0.987449 0.000000
1000 57.020241 0.583509 67.483131 -2.364691 -9.620211 0.938501 0.000000
1500 50.318817 0.589620 66.968422 -3.231551 -14.872524 0.864851 0.000000
2000 44.775105 0.315602 60.557091 -5.691707 -11.338142 0.932264 0.000000
2500 45.314487 0.419754 63.951458 -5.162429 -14.979460 1.085170 0.000000
3000 38.695690 0.481104 56.725590 -5.488733 -14.016430 0.994155 0.000000
3500 40.991699 0.414144 57.062649 -4.438162 -13.062986 1.016060 0.000000
4000 42.048206 0.588123 58.098797 -4.625013 -13.021003 1.007301 0.000000
4500 37.256039 0.354149 57.130085 -6.549564 -14.514422 0.835791 0.000000
5000 38.811546 0.300131 58.066898 -6.337280 -14.392153 1.173952 0.000000
500 40.983509 0.480899 66.044518 -8.607448 -17.825977 0.891522 0.000000
1000 25.738424 0.568422 51.778076 -6.714378 -20.744413 0.850715 0.000000
1500 29.552721 0.570825 54.098454 -6.461134 -19.465755 0.810331 0.000000
2000 37.458519 0.393520 60.376602 -4.843065 -19.335480 0.866940 0.000000
2500 32.920292 0.571242 57.990253 -4.309037 -22.144903 0.812734 0.000000
3000 18.486906 0.396280 46.384960 -6.935755 -22.116518 0.757939 0.000000
3500 28.391245 0.383938 52.488941 -5.642115 -19.614128 0.774607 0.000000
4000 25.001720 0.460107 51.497147 -6.968046 -20.868483 0.881000 0.000000
4500 31.038084 0.547708 56.862251 -6.428612 -20.727238 0.783975 0.000000
5000 22.331387 0.486380 53.252586 -9.281134 -22.975580 0.849135 0.000000
500 44.275562 2.205473 61.535454 -6.464805 -13.935607 0.935051 0.000000
1000 57.994118 0.505643 72.472115 -4.250019 -11.698328 0.964700 0.000000
1500 38.885551 0.265707 54.463284 -5.594810 -11.310237 1.061611 0.000000
2000 50.066105 0.463759 59.844658 -3.249700 -7.959399 0.966786 0.000000
2500 41.896839 0.425736 56.375713 -5.158470 -10.665285 0.919149 0.000000
3000 38.992798 0.509638 56.572090 -4.669660 -14.234605 0.815332 0.000000
3500 41.513397 0.444955 55.973228 -3.704332 -12.074576 0.874121 0.000000
4000 48.063538 0.647526 65.071518 -4.873479 -13.780321 0.998297 0.000000
4500 41.625439 0.437244 57.559029 -6.732564 -10.694878 1.056605 0.000000
5000 49.291183 0.582825 67.917328 -5.334470 -14.762276 0.887774 0.000000
500 40.233639 0.724860 58.287312 -4.932418 -14.765808 0.919693 0.000000
1000 58.243660 0.585485 69.132072 -3.484498 -8.953638 0.964234 0.000000
1500 48.992649 2.732287 59.845951 -4.917747 -9.695762 1.027919 0.000000
2000 43.999615 0.236838 59.289547 -3.707381 -12.705036 0.885647 0.000000
2500 44.695648 0.309460 59.520931 -3.558182 -12.269732 0.693167 0.000000
3000 52.877983 2.830900 66.668053 -4.547814 -12.790073 0.716914 0.000000
3500 45.729374 1.527531 61.445950 -5.353290 -12.703454 0.812638 0.000000
4000 51.181324 0.536304 59.367386 -4.646163 -4.932016 0.855814 0.000000
4500 35.141239 0.291143 52.276966 -6.333413 -11.964415 0.870960 0.000000
5000 57.168499 0.613236 67.993393 -4.074949 -8.262087 0.898906 0.000000
500 36.376587 0.553778 54.360249 -7.321914 -12.337098 1.121570 0.000000
1000 42.469200 0.674277 54.664284 -4.091130 -9.806633 1.028401 0.000000
1500 26.276289 0.368373 50.958141 -4.545076 -21.606674 1.101523 0.000000
2000 37.552788 0.697170 61.335815 -6.217121 -19.285944 1.022866 0.000000
2500 32.354836 0.499789 53.605804 -5.646001 -17.286112 1.181354 0.000000
3000 32.153347 0.385511 54.689556 -5.378740 -18.542542 0.999560 0.000000
3500 44.964417 0.581128 60.895275 -4.451740 -13.072876 1.012630 0.000000
4000 33.657005 0.772979 54.636726 -6.353255 -16.381109 0.981668 0.000000
4500 34.850613 0.633155 61.866371 -9.035669 -19.496902 0.883656 0.000000
5000 35.362019 0.860388 56.729794 -6.932346 -16.171993 0.876175 0.000000
500 38.579445 1.535283 59.834629 -5.587195 -18.164177 0.960907 0.000000
1000 36.130295 0.738653 54.368973 -5.135581 -14.784101 0.942352 0.000000
1500 35.768551 0.649810 54.377533 -4.098166 -16.027710 0.867085 0.000000
2000 30.592352 0.318737 54.691139 -5.412036 -19.820358 0.814871 0.000000
2500 34.245667 0.363767 59.669685 -6.405769 -20.233446 0.851432 0.000000
3000 28.053589 0.309151 54.152874 -3.590235 -23.763885 0.945686 0.000000
3500 30.623354 1.037331 51.246696 -4.749525 -18.004538 1.093392 0.000000
4000 34.635502 0.594579 56.961395 -6.372804 -17.587944 1.040277 0.000000
4500 36.939934 0.317864 56.936527 -4.212111 -17.091976 0.989628 0.000000
5000 30.098070 0.323930 51.335045 -4.415287 -18.120796 0.975180 0.000000
500 30.119034 0.768132 53.889751 -9.056847 -16.531446 1.049445 0.000000
1000 39.847668 1.077698 60.393528 -7.355343 -15.503151 1.234937 0.000000
1500 20.195314 0.621407 51.654480 -8.440775 -24.562626 0.922826 0.000000
2000 28.192619 0.518802 55.481083 -9.048426 -19.639488 0.880645 0.000000
2500 23.885853 0.540852 48.665802 -8.503320 -17.583332 0.765851 0.000000
3000 37.218319 0.426462 59.283482 -5.040317 -18.287729 0.836421 0.000000
3500 36.909771 0.871683 60.085468 -4.664238 -20.288605 0.905465 0.000000
4000 27.215137 0.477163 53.168255 -5.197701 -21.933582 0.701004 0.000000
4500 34.210854 0.344583 53.333702 -5.703015 -14.585527 0.821115 0.000000
5000 35.164829 0.429483 60.036724 -6.033448 -20.200583 0.932652 0.000000
500 51.401096 0.410898 59.792957 -2.391075 -7.279594 0.867911 0.000000
1000 53.887226 0.328234 63.558086 -2.378458 -8.661297 1.040662 0.000000
1500 62.091305 0.448797 60.795612 0.000000 0.000000 0.846897 0.000000
2000 64.618805 1.858379 61.701221 0.000000 0.000000 1.059205 0.000000
2500 76.116577 0.553159 74.563721 0.000000 0.000000 0.999694 0.000000
3000 74.553589 0.641177 72.964569 0.000000 0.000000 0.947847 0.000000
3500 64.962578 1.668864 62.319183 0.000000 0.000000 0.974526 0.000000
4000 56.892578 0.594503 55.353725 0.000000 0.000000 0.944353 0.000000
4500 77.698891 0.792238 76.078163 0.000000 0.000000 0.828490 0.000000
5000 65.767433 1.211933 63.655426 0.000000 0.000000 0.900078 0.000000
500 70.056595 0.481366 68.877388 -0.197556 0.000000 0.895395 0.000000
1000 68.861176 0.649469 67.494514 -0.027985 0.000000 0.745180 0.000000
1500 75.251244 1.315204 72.924660 0.000000 0.000000 1.011382 0.000000
2000 77.766281 0.469809 76.373711 0.000000 0.000000 0.922763 0.000000
2500 60.061199 0.516559 61.417473 -1.185801 -1.737233 1.050201 0.000000
3000 45.258945 0.385623 62.418125 -2.546445 -16.043194 1.044834 0.000000
3500 34.842388 1.403799 55.487534 -3.732655 -19.518400 1.202113 0.000000
4000 22.371862 0.472240 48.728989 -4.819938 -23.226662 1.217233 0.000000
4500 33.339817 0.546757 56.530258 -4.209591 -20.441484 0.913877 0.000000
5000 25.022963 0.485361 47.407047 -3.024943 -21.079330 1.234827 0.000000
500 32.815292 0.377017 60.344650 -10.505264 -18.243914 0.842804 0.000000
1000 37.489429 0.642263 62.805779 -8.052909 -18.792963 0.887263 0.000000
1500 27.596321 0.326136 53.262459 -7.570678 -19.456181 1.034583 0.000000
2000 37.895622 0.498404 57.637421 -6.719746 -14.633140 1.112683 0.000000
2500 48.318386 0.833148 65.359589 -5.511181 -13.703000 1.339831 0.000000
3000 51.211468 0.431118 71.479469 -8.494823 -13.249539 1.045248 0.000000
3500 39.713657 0.534410 61.518108 -6.119032 -17.214718 0.994887 0.000000
4000 28.601973 0.467223 53.316032 -5.193686 -21.088989 1.101393 0.000000
4500 29.220716 0.388754 54.709461 -7.418063 -19.566797 1.107365 0.000000
5000 38.425758 0.656152 59.274563 -6.966490 -15.717031 1.178567 0.000000
500 23.356327 0.249098 49.410885 -8.501059 -18.744331 0.941730 0.000000
1000 17.933926 0.270089 46.755077 -8.027275 -21.999218 0.935253 0.000000
1500 30.822414 1.121778 59.364334 -7.112530 -23.692329 1.141163 0.000000
2000 29.873388 0.331452 57.550610 -5.526352 -23.318897 0.836577 0.000000
2500 29.838018 0.361113 55.856461 -9.459421 -17.952591 1.032454 0.000000
3000 22.088350 0.491597 50.621464 -9.993278 -20.188322 1.156892 0.000000
3500 24.248558 0.411423 52.081963 -10.646869 -18.691473 1.093515 0.000000
4000 16.639481 0.497700 44.441837 -7.857632 -21.731243 1.288818 0.000000
4500 21.930410 0.374546 50.208790 -10.450603 -19.265226 1.062904 0.000000
5000 31.962994 0.486363 53.956188 -6.247037 -17.281162 1.048641 0.000000
500 32.178570 0.275156 58.348038 -7.157626 -20.401627 1.114629 0.000000
1000 23.795351 0.488504 50.886600 -6.689124 -21.972460 1.081832 0.000000
1500 23.339701 0.306080 49.222996 -6.094280 -21.095760 1.000665 0.000000
2000 20.292707 0.400163 46.330971 -4.901751 -22.548670 1.011998 0.000000
2500 19.089521 1.155589 47.346378 -8.171003 -22.508432 1.266991 0.000000
3000 30.206337 0.714806 58.248882 -7.710375 -22.048487 1.001512 0.000000
3500 33.724373 0.545363 54.556866 -4.014180 -18.404222 1.040543 0.000000
4000 33.314453 0.989759 55.102962 -4.766743 -19.368196 1.356672 0.000000
4500 33.791317 0.897104 53.857750 -4.107878 -18.200024 1.344368 0.000000
5000 20.364231 0.471578 47.352722 -5.898760 -22.548260 0.986954 0.000000
500 38.237755 0.487086 63.081470 -4.536047 -22.317917 1.523161 0.000000
1000 38.514687 2.747694 58.705173 -4.727522 -19.528271 1.317610 0.000000
1500 28.876036 0.450258 51.880383 -4.688160 -19.880199 1.113756 0.000000
2000 28.124516 0.577196 48.853981 -3.367791 -19.512207 1.573338 0.000000
2500 47.272099 1.464456 65.287758 -4.337761 -16.619781 1.477429 0.000000
3000 34.811554 0.598749 54.373299 -3.271221 -18.569424 1.680155 0.000000
3500 32.352825 0.502700 53.662766 -2.327683 -20.643946 1.158987 0.000000
4000 23.554338 0.436007 50.232204 -4.076160 -24.172264 1.134550 0.000000
4500 51.265896 0.786413 66.783142 -5.587902 -12.198902 1.483143 0.000000
5000 35.734543 0.652678 59.700268 -5.416565 -20.600868 1.399028 0.000000
500 28.903297 0.902829 55.186134 -7.216856 -21.152571 1.183759 0.000000
1000 31.244940 0.963493 57.252544 -5.059425 -23.316196 1.404525 0.000000
1500 35.790417 0.284810 62.039383 -6.010780 -21.711231 1.188237 0.000000
2000 35.362373 0.530667 61.583900 -5.758574 -21.904335 0.910717 0.000000
2500 38.131531 0.844924 57.897301 -7.519209 -14.176176 1.084692 0.000000
3000 30.336161 0.877255 55.864693 -7.903153 -19.727190 1.224555 0.000000
3500 24.033909 0.559942 54.662777 -9.367628 -22.846544 1.025366 0.000000
4000 36.397995 1.427061 63.195286 -6.779284 -22.477058 1.031991 0.000000
4500 34.028259 2.007390 56.226097 -5.394186 -19.948427 1.137381 0.000000
5000 26.657377 1.426685 45.370064 -5.586590 -15.619548 1.066767 0.000000
500 33.614277 1.008006 52.723198 -4.452696 -16.777447 1.113217 0.000000
1000 35.530262 1.629303 52.578102 -5.614134 -14.051197 0.988188 0.000000
1500 29.184492 0.708817 52.958881 -5.287983 -20.169214 0.973991 0.000000
2000 31.162693 0.401649 53.557869 -4.065575 -19.713268 0.982017 0.000000
2500 22.774599 1.859603 43.932121 -4.845027 -19.154394 0.982296 0.000000
3000 24.862890 0.284044 45.553509 -5.180345 -16.722935 0.928617 0.000000
3500 38.520367 0.501788 56.957035 -6.252759 -13.673855 0.988156 0.000000
4000 23.947311 1.463072 43.855247 -3.769272 -18.748545 1.146811 0.000000
4500 22.856945 0.910220 42.764412 -4.160485 -17.634567 0.977364 0.000000
5000 47.988586 0.469683 60.585918 -3.803938 -10.187118 0.924043 0.000000
500 30.966003 1.059653 45.293415 -5.482268 -11.487026 1.582229 0.000000
1000 37.777782 0.478936 54.527176 -5.730258 -12.655129 1.157058 0.000000
1500 36.101624 0.512393 51.322258 -4.151463 -12.705395 1.123831 0.000000
2000 44.035233 0.408260 57.244843 -5.248642 -9.563516 1.194285 0.000000
2500 45.542377 0.839766 58.313843 -2.865772 -11.891685 1.146225 0.000000
3000 35.515121 1.001075 53.889511 -4.410613 -16.122742 1.157891 0.000000
3500 34.083515 0.263273 57.575508 -5.009923 -19.663826 0.918483 0.000000
4000 29.683342 0.977588 51.484707 -4.649258 -19.675285 1.545590 0.000000
4500 30.567413 1.048496 49.595844 -3.419164 -18.093006 1.435241 0.000000
5000 47.312191 0.512243 62.423088 -3.388454 -13.336741 1.102057 0.000000
500 28.282232 1.856620 53.080139 -8.894333 -18.582096 0.821902 0.000000
1000 29.704576 1.063979 56.927788 -8.049464 -20.971764 0.734037 0.000000
1500 25.854006 0.419619 53.329617 -8.108253 -20.707657 0.920678 0.000000
2000 26.019123 0.453640 53.530724 -8.056516 -20.664570 0.755845 0.000000
2500 29.078625 0.411602 53.308193 -6.994229 -18.440351 0.793409 0.000000
3000 24.489767 0.663254 49.953140 -8.933443 -17.931995 0.738809 0.000000
3500 42.102909 0.589716 56.678543 -5.255610 -10.759312 0.849573 0.000000
4000 26.045773 0.308914 54.399807 -7.188680 -22.198372 0.724102 0.000000
4500 28.917273 0.512349 55.199894 -6.873413 -20.630054 0.708499 0.000000
5000 19.742645 0.306729 50.298893 -8.616398 -22.988724 0.742145 0.000000
500 37.198494 0.680610 56.310535 -0.934299 -20.419054 1.560700 0.000000
1000 44.139450 2.063489 52.178867 -2.554884 -8.667889 1.119870 0.000000
1500 45.040718 0.673204 56.905689 -0.829657 -12.918377 1.209860 0.000000
2000 31.427807 0.771290 43.930878 -1.617707 -12.567045 0.910391 0.000000
2500 45.213840 0.334403 60.374458 -3.346166 -13.153238 1.004382 0.000000
3000 41.875084 0.577099 59.160812 -2.983624 -16.054632 1.175429 0.000000
3500 38.951073 0.407908 52.722984 -3.137304 -12.585501 1.542986 0.000000
4000 55.448853 0.623286 53.892273 -0.023362 0.000000 0.956655 0.000000
4500 67.117615 0.418634 65.837822 0.000000 0.000000 0.861160 0.000000
5000 64.163033 0.557202 62.815880 0.000000 0.000000 0.789950 0.000000
500 56.075432 0.679904 54.299286 0.000000 0.000000 1.096240 0.000000
1000 61.847393 0.672588 64.594284 -0.041669 -4.375421 0.997615 0.000000
1500 74.622757 0.727911 73.011971 0.000000 0.000000 0.882871 0.000000
2000 60.916512 0.673725 59.317738 0.000000 0.000000 0.925048 0.000000
2500 59.281601 0.366102 58.162888 0.000000 0.000000 0.752608 0.000000
3000 70.097694 1.233735 67.833107 0.000000 0.000000 1.030852 0.000000
3500 62.346336 1.521288 59.895199 0.000000 0.000000 0.929846 0.000000
4000 48.355064 0.866036 54.543556 -1.423890 -6.523626 0.892991 0.000000
4500 47.258572 0.730626 56.254868 -3.365724 -7.362788 1.001590 0.000000
5000 50.367954 0.511125 59.891541 -3.943710 -6.992665 0.901666 0.000000
500 38.919861 1.857710 60.986713 -5.191137 -19.619480 0.886060 0.000000
1000 37.710388 0.621280 55.111847 -6.099419 -12.755474 0.832153 0.000000
1500 31.908352 0.425628 55.879295 -4.686954 -20.598642 0.889025 0.000000
2000 37.204586 0.494581 63.443012 -6.807822 -20.827116 0.901936 0.000000
2500 30.995041 0.463760 57.907928 -4.933411 -23.311291 0.868053 0.000000
3000 44.400368 0.785882 69.485184 -7.593969 -19.112022 0.835297 0.000000
3500 34.094498 0.694280 57.014214 -6.909275 -17.628172 0.923455 0.000000
4000 42.209942 0.433433 64.869629 -6.011526 -17.935032 0.853437 0.000000
4500 42.257214 0.940049 65.116737 -5.361773 -19.370127 0.932332 0.000000
5000 41.009735 0.641759 66.395470 -3.978038 -23.112690 1.063231 0.000000
500 38.677559 0.374740 59.738743 -6.280361 -16.100788 0.945223 0.000000
1000 38.896507 0.490274 60.758728 -5.057772 -18.855602 1.560882 0.000000
1500 26.388277 0.289510 48.159935 -6.261829 -17.015194 1.215857 0.000000
2000 39.254440 1.533825 62.433590 -5.163866 -20.591536 1.042427 0.000000
2500 28.370052 0.514515 52.139679 -4.910855 -20.415802 1.042515 0.000000
3000 28.049137 0.319164 51.640755 -4.800474 -20.363575 1.253265 0.000000
3500 42.571945 0.520562 62.786919 -5.980021 -15.949955 1.194445 0.000000
4000 39.864883 0.726311 63.659927 -6.406392 -19.168224 1.053262 0.000000
4500 40.135593 0.425403 57.049793 -4.229453 -14.192466 1.082317 0.000000
5000 26.208975 0.393636 51.105671 -6.600392 -19.684364 0.994425 0.000000
500 50.148262 0.365267 69.744652 -4.358873 -16.539906 0.937122 0.000000
1000 39.933666 0.293056 59.332962 -4.147268 -16.668077 1.122990 0.000000
1500 47.403530 0.517414 61.060787 -3.484368 -11.700603 1.010298 0.000000
2000 46.236614 0.573847 60.428730 -3.153318 -12.869631 1.256984 0.000000
2500 31.633102 0.536513 52.976536 -2.847904 -20.149403 1.117359 0.000000
3000 48.119854 0.499579 64.852547 -2.164891 -16.625944 1.558559 0.000000
3500 48.721733 0.523897 65.254173 -3.113176 -15.061514 1.118353 0.000000
4000 49.831245 0.825452 64.449081 -3.052510 -13.759123 1.368340 0.000000
4500 45.951363 2.169601 55.996975 -1.705821 -12.138228 1.628837 0.000000
5000 49.156410 0.880865 62.317177 -2.371423 -13.195509 1.525301 0.000000
500 31.805593 0.473361 53.597427 -3.528830 -19.752020 1.015652 0.000000
1000 40.280449 0.771222 55.777370 -3.044178 -14.393273 1.169308 0.000000
1500 39.641418 0.970489 62.172684 -3.495673 -21.045866 1.039788 0.000000
2000 56.096275 0.399885 72.802177 -4.297468 -13.943303 1.134983 0.000000
2500 42.466156 0.435688 58.176605 -5.139060 -12.051342 1.044265 0.000000
3000 54.771503 0.382690 70.436142 -3.793018 -13.249976 0.995663 0.000000
3500 63.009220 1.228791 72.727173 -2.873765 -9.171913 1.098934 0.000000
4000 60.487404 0.818898 70.153023 -3.619985 -8.384717 1.520183 0.000000
4500 54.750648 0.764245 66.874405 -3.441231 -10.486714 1.039945 0.000000
5000 63.434494 1.266111 77.637840 -1.822334 -14.969417 1.322291 0.000000
500 60.961750 0.678661 75.048309 -2.717374 -13.310572 1.262728 0.000000
1000 58.179058 0.587307 61.906811 -1.528072 -4.368812 1.581824 0.000000
1500 67.596123 0.728675 66.156166 0.000000 0.000000 0.711277 0.000000
2000 55.586742 0.776055 54.872715 -0.865079 0.000000 0.803050 0.000000
2500 62.682953 0.560590 67.510559 -1.923687 -4.332335 0.867829 0.000000
3000 51.844673 0.569308 65.597282 -4.845548 -10.390841 0.914474 0.000000
3500 40.645374 0.398111 56.948406 -4.236686 -13.320349 0.855891 0.000000
4000 35.575363 0.412412 54.952465 -5.404153 -15.375687 0.990328 0.000000
4500 45.330109 0.423004 56.910980 -4.533647 -8.556404 1.086173 0.000000
5000 37.991734 1.037430 55.634178 -6.119410 -13.429675 0.869211 0.000000
500 27.780045 0.321647 52.908615 -5.803897 -20.706371 1.060052 0.000000
1000 29.082329 0.419927 48.624222 -4.714458 -16.234333 0.986972 0.000000
1500 25.580194 0.365313 47.684410 -5.086494 -18.422678 1.039643 0.000000
2000 38.668594 0.770998 58.129837 -4.174767 -17.336199 1.278724 0.000000
2500 38.954723 0.436395 58.307274 -5.202309 -15.618801 1.032165 0.000000
3000 47.633606 0.297707 64.679779 -4.846807 -13.506855 1.009783 0.000000
3500 36.232464 0.635403 59.690266 -4.971695 -20.317091 1.195585 0.000000
4000 39.099632 0.741004 63.133793 -5.075797 -20.725323 1.025954 0.000000
4500 34.407608 0.413661 60.221039 -6.467248 -20.702568 0.942722 0.000000
5000 37.090122 1.116692 54.370640 -6.149362 -13.105223 0.857372 0.000000
500 36.469597 0.627334 57.741261 -6.361141 -16.460146 0.922286 0.000000
1000 35.423779 0.449956 60.442272 -8.201182 -18.214060 0.946796 0.000000
1500 32.374260 0.547381 56.513466 -7.341306 -18.174152 0.828871 0.000000
2000 39.188946 0.768485 61.295593 -4.879957 -18.976267 0.981092 0.000000
2500 30.473953 0.353078 56.634163 -8.556543 -18.721792 0.765050 0.000000
3000 39.519997 0.464661 64.381607 -6.841019 -19.367809 0.882558 0.000000
3500 29.379131 0.337118 54.554409 -5.957649 -20.462177 0.907433 0.000000
4000 31.381647 1.020138 51.676365 -4.458972 -17.795746 0.939862 0.000000
4500 39.736279 0.262482 63.950523 -7.853299 -17.490362 0.866931 0.000000
5000 30.994265 1.115462 56.607620 -8.486955 -19.156994 0.915128 0.000000
500 47.759678 0.435917 58.874630 -3.971740 -8.416815 0.837687 0.000000
1000 42.822811 0.300288 52.875866 -3.300232 -7.928875 0.875761 0.000000
1500 44.975655 0.397668 59.271614 -4.027832 -11.573662 0.907869 0.000000
2000 38.689026 0.524240 57.116573 -4.977987 -14.773373 0.799572 0.000000
2500 40.342747 0.571023 57.864838 -6.031059 -12.975804 0.913751 0.000000
3000 41.409092 0.508191 59.796520 -5.218332 -14.494921 0.817631 0.000000
3500 47.588673 1.315149 60.230675 -5.711966 -9.437220 1.192029 0.000000
4000 34.685413 0.683518 50.799919 -5.690354 -11.959942 0.852273 0.000000
4500 38.423981 1.417767 56.822414 -5.988118 -14.736374 0.908289 0.000000
5000 40.889572 1.052832 57.395061 -7.207896 -11.366314 1.015894 0.000000
500 55.160881 0.548043 66.620171 -3.121569 -9.869616 0.983849 0.000000
1000 49.398014 2.030486 67.693169 -2.584193 -18.687826 0.946376 0.000000
1500 49.258068 0.615052 61.441654 -4.122624 -9.766563 1.090549 0.000000
2000 37.598827 1.255278 57.964909 -4.820402 -17.728937 0.927973 0.000000
2500 38.086308 0.828100 66.135437 -5.590601 -24.188414 0.901785 0.000000
3000 45.888519 1.600370 66.107338 -5.593571 -17.269638 1.044017 0.000000
3500 30.791826 0.402213 55.210030 -4.883812 -20.882755 0.946150 0.000000
4000 29.214668 0.436782 53.171921 -7.259624 -17.983465 0.849054 0.000000
4500 31.005100 0.233755 55.627693 -6.111321 -19.574348 0.829319 0.000000
5000 38.205128 1.012357 59.112938 -4.119271 -18.787609 0.986712 0.000000
500 47.447010 0.548676 66.578415 -6.730307 -13.958046 1.008273 0.000000
1000 42.592304 0.395000 57.473972 -5.391813 -10.935045 1.050188 0.000000
1500 49.348019 0.841885 63.923054 -4.791272 -11.903210 1.277560 0.000000
2000 43.263603 0.762235 64.581123 -7.192955 -16.191156 1.304353 0.000000
2500 36.673862 1.585372 59.772797 -6.680459 -19.122377 1.118525 0.000000
3000 33.754295 1.671832 54.389099 -6.569568 -16.937216 1.200151 0.000000
3500 44.470165 1.244492 64.028015 -5.913282 -16.062906 1.173848 0.000000
4000 36.559200 0.539839 52.413193 -4.952517 -12.463987 1.022672 0.000000
4500 27.199886 0.999705 47.908146 -7.497325 -15.157209 0.946570 0.000000
5000 40.463024 0.338012 67.289536 -6.385998 -21.860277 1.081751 0.000000
500 63.782272 1.162758 61.888596 -0.122182 0.000000 0.853098 0.000000
1000 64.146744 0.392453 62.872425 0.000000 0.000000 0.881867 0.000000
1500 61.987465 0.599231 68.817787 -0.226489 -8.334841 1.131773 0.000000
2000 52.185295 0.469081 62.951897 -1.317761 -10.998280 1.080358 0.000000
2500 62.804810 0.782307 68.928955 -0.789827 -7.187845 1.071222 0.000000
3000 53.585770 1.391707 64.783058 -2.254860 -11.231086 0.896951 0.000000
3500 44.455063 0.498627 59.917694 -1.935551 -15.153319 1.127615 0.000000
4000 48.480927 0.405746 66.400360 -1.411327 -17.978321 1.064465 0.000000
4500 52.754555 0.765734 62.733006 -1.459113 -10.518176 1.233106 0.000000
5000 35.143181 0.413267 52.388779 -2.495984 -16.179699 1.016820 0.000000
500 33.935799 0.559235 52.627560 -2.314110 -18.284536 1.347649 0.000000
1000 45.814610 0.992783 58.764427 -1.053164 -13.920518 1.031083 0.000000
1500 43.906685 0.857442 60.299423 -1.278840 -17.395922 1.424582 0.000000
2000 42.468067 0.512307 53.047348 -2.038513 -10.199353 1.146278 0.000000
2500 35.567307 0.642126 53.332809 -3.268601 -16.038284 0.899257 0.000000
3000 35.127277 0.736888 53.490299 -3.430178 -16.737719 1.067980 0.000000
3500 32.744091 0.468259 55.561375 -5.237005 -19.042412 0.993879 0.000000
4000 47.580673 0.644339 65.562012 -3.872460 -15.553404 0.800186 0.000000
4500 34.281361 1.695597 56.202663 -6.964362 -17.663948 1.011408 0.000000
5000 34.000401 2.503000 57.236149 -7.175082 -19.609608 1.045944 0.000000
500 27.524229 0.444335 53.874439 -8.041338 -19.903517 1.150310 0.000000
1000 63.968277 1.319706 75.290359 -4.947237 -8.867249 1.172698 0.000000
1500 51.786858 1.020906 70.632668 -5.961446 -14.967207 1.061942 0.000000
2000 45.421898 0.691247 62.215469 -4.288247 -14.247698 1.051124 0.000000
2500 46.380302 0.394690 64.956833 -7.894704 -12.149402 1.072884 0.000000
3000 39.629265 0.748993 62.773365 -6.511905 -18.476906 1.095719 0.000000
3500 30.241335 0.975132 50.840282 -4.974839 -17.750473 1.151232 0.000000
4000 30.388891 0.593783 55.043385 -7.108622 -19.159861 1.020206 0.000000
4500 38.569794 0.527032 58.285107 -5.704198 -15.552443 1.014297 0.000000
5000 34.862701 0.558303 58.915482 -6.967506 -18.543724 0.900145 0.000000
500 39.191395 0.433587 63.570335 -8.003240 -18.335947 1.526660 0.000000
1000 51.196423 0.497907 69.892853 -6.463968 -13.870367 1.139994 0.000000
1500 38.165150 0.930869 62.291000 -6.834121 -19.414782 1.192179 0.000000
2000 33.145718 1.252399 59.631207 -7.437347 -21.364506 1.063963 0.000000
2500 34.861290 0.622906 61.359180 -7.021795 -21.221308 1.122306 0.000000
3000 50.777756 0.518953 70.579529 -3.646854 -17.808846 1.134972 0.000000
3500 37.740936 0.947557 64.614288 -7.291383 -21.639505 1.109976 0.000000
4000 34.053532 0.779776 60.925213 -7.345284 -21.477819 1.171641 0.000000
4500 38.127758 1.743582 61.608257 -7.435109 -18.966120 1.177143 0.000000
5000 44.502026 0.271695 64.178612 -5.866108 -14.992481 0.910305 0.000000
500 39.900826 0.614633 58.231476 -5.918706 -13.955048 0.928472 0.000000
1000 34.419113 0.517283 60.318233 -7.798491 -19.516256 0.898346 0.000000
1500 20.720297 0.374343 44.848164 -6.252423 -19.041380 0.791592 0.000000
2000 29.790874 0.281197 53.520409 -7.911490 -16.933081 0.833841 0.000000
2500 34.581501 0.545517 56.819004 -7.191566 -16.429630 0.838177 0.000000
3000 44.222298 1.996313 59.235611 -7.222220 -10.593617 0.806214 0.000000
3500 32.048180 0.565879 54.582809 -4.881186 -19.078564 0.859240 0.000000
4000 40.482716 0.299445 59.927528 -5.897012 -14.963070 1.115823 0.000000
4500 28.549818 0.570580 50.473061 -4.952095 -18.560587 1.018860 0.000000
5000 44.575851 0.745775 63.135963 -6.470773 -13.791140 0.956023 0.000000
500 34.072395 0.755885 54.981441 -6.262036 -16.368156 0.965261 0.000000
1000 28.919992 0.384505 49.741741 -5.989977 -16.228653 1.012377 0.000000
1500 42.919804 0.790524 60.000229 -5.891212 -12.980253 1.000513 0.000000
2000 34.934849 0.533707 58.605358 -6.481569 -18.610386 0.887737 0.000000
2500 43.833256 0.687685 66.009468 -6.118729 -17.743418 0.998249 0.000000
3000 30.074512 0.573466 52.571404 -7.504267 -16.527264 0.961174 0.000000
3500 30.318277 0.850438 53.159668 -6.770377 -17.821579 0.900129 0.000000
4000 28.819920 0.220587 51.021385 -8.778004 -14.693371 1.049324 0.000000
4500 41.866261 1.043166 58.865486 -6.667622 -12.195452 0.820681 0.000000
5000 36.187229 0.593119 59.447865 -6.003881 -18.628571 0.778694 0.000000
500 36.435322 0.518464 57.186790 -5.822128 -16.275488 0.827686 0.000000
1000 24.470367 0.883540 50.670506 -8.459635 -19.537455 0.913408 0.000000
1500 26.708820 0.425154 54.252930 -9.401083 -19.351231 0.783050 0.000000
2000 21.090504 0.329556 47.137871 -9.059427 -18.070339 0.752846 0.000000
2500 39.376823 0.515531 57.957798 -7.507234 -12.360895 0.771623 0.000000
3000 28.511484 0.447768 59.204945 -8.036098 -24.022465 0.917334 0.000000
3500 35.455666 0.637075 62.192635 -7.049900 -21.153883 0.829741 0.000000
4000 33.630619 0.461436 59.980782 -7.949638 -19.612080 0.750119 0.000000
4500 24.490747 0.557904 51.602024 -9.768071 -18.772934 0.871824 0.000000
5000 36.469868 1.047537 56.365826 -6.809355 -14.917979 0.783839 0.000000
500 23.081793 0.770615 47.905174 -10.033294 -16.307493 0.746792 0.000000
1000 33.689606 0.962386 57.061367 -6.673823 -18.470640 0.810319 0.000000
1500 54.936890 0.458560 63.458755 -4.244948 -5.486111 0.750633 0.000000
2000 31.821678 0.657342 56.753788 -7.340919 -19.102983 0.854452 0.000000
2500 34.553711 1.035946 56.203709 -7.845487 -15.651896 0.811441 0.000000
3000 19.144257 0.558380 47.918591 -8.930866 -21.299400 0.897553 0.000000
3500 35.003700 1.360373 60.346088 -8.201870 -19.510611 1.009719 0.000000
4000 44.532482 1.148676 65.447853 -5.858820 -17.310591 1.105366 0.000000
4500 36.329941 0.413707 54.920967 -5.256155 -14.972427 1.223845 0.000000
5000 49.195881 0.601505 68.697906 -5.102911 -16.037340 1.036718 0.000000
500 27.388378 0.396845 55.581764 -7.020925 -22.889576 1.320266 0.000000
1000 30.145721 0.563345 55.231949 -6.422307 -20.324492 1.097222 0.000000
1500 31.299229 0.524325 56.922230 -8.188709 -18.945187 0.986568 0.000000
2000 28.867945 0.618006 53.347450 -7.727641 -18.337225 0.967354 0.000000
2500 39.711559 0.687694 58.919773 -4.251373 -16.592659 0.948123 0.000000
3000 32.136158 0.591465 54.361847 -5.714205 -17.882051 0.779106 0.000000
3500 44.591450 0.428266 58.420277 -5.497204 -9.589203 0.829315 0.000000
4000 34.855743 0.791256 57.559406 -4.570378 -19.763851 0.839310 0.000000
4500 55.585651 0.837298 60.949001 -2.674861 -4.452952 0.927167 0.000000
5000 49.903088 1.338918 62.713612 -1.717026 -13.571829 1.139417 0.000000
500 39.903996 0.296882 50.407993 -3.790663 -8.000154 0.989939 0.000000
1000 35.911194 0.388492 58.740345 -5.050177 -19.667145 1.499679 0.000000
1500 41.076836 0.501837 63.974567 -4.368951 -20.095572 1.064958 0.000000
2000 29.329838 0.557635 53.068569 -4.397541 -20.998531 1.099706 0.000000
2500 38.344555 0.513855 57.292114 -4.838355 -15.547003 0.923948 0.000000
3000 45.802166 2.183424 60.767025 -4.185552 -13.782905 0.820176 0.000000
3500 31.894493 0.292295 56.683777 -4.920620 -21.007574 0.846618 0.000000
4000 28.662930 0.625277 51.313789 -6.923176 -17.102608 0.749645 0.000000
4500 30.697947 0.374979 50.925495 -6.047687 -15.324139 0.769301 0.000000
5000 22.723038 1.047997 50.481228 -6.328812 -23.274485 0.797110 0.000000
500 27.269892 0.438670 54.622829 -6.708231 -21.835897 0.752518 0.000000
1000 26.410162 0.416555 50.216469 -6.395187 -18.612673 0.784996 0.000000
1500 25.712072 0.670742 53.904926 -7.044952 -22.664146 0.845503 0.000000
2000 30.267307 0.775407 58.413727 -8.058966 -21.639435 0.776577 0.000000
2500 30.803041 0.507099 54.602886 -7.485648 -17.805645 0.984350 0.000000
3000 19.778677 0.355884 46.093307 -7.078420 -20.504408 0.912311 0.000000
3500 23.527266 0.357154 44.421062 -5.993538 -16.261114 1.003701 0.000000
4000 19.551357 0.304525 44.886734 -7.778962 -18.809837 0.948894 0.000000
4500 26.269672 0.535342 52.659595 -6.900068 -20.921980 0.896780 0.000000
5000 30.272959 0.382255 52.642418 -7.071149 -16.361614 0.681047 0.000000
500 49.665268 0.624431 66.763115 -4.301116 -14.441500 1.020338 0.000000
1000 43.724648 0.685787 68.213417 -4.858590 -21.361162 1.045195 0.000000
1500 41.857288 0.584953 59.816975 -3.781204 -15.902936 1.139500 0.000000
2000 50.060055 0.739294 70.324379 -6.669253 -15.252457 0.918089 0.000000
2500 41.323486 0.876383 68.236214 -7.293343 -21.362841 0.867072 0.000000
3000 37.306038 0.540355 58.070652 -7.755442 -14.554920 1.005392 0.000000
3500 37.680206 0.752821 57.773819 -5.417129 -16.273039 0.843734 0.000000
4000 33.008659 0.650564 56.007339 -4.789297 -19.764330 0.904383 0.000000
4500 46.043491 0.553124 66.745895 -4.910664 -17.150805 0.805941 0.000000
5000 39.225857 0.271893 55.863094 -4.714585 -13.051477 0.856928 0.000000
500 23.295244 0.448839 50.060120 -7.480088 -20.604565 0.870935 0.000000
1000 38.281433 0.460126 60.375595 -7.370214 -16.031031 0.846954 0.000000
1500 33.816280 0.583370 56.417957 -4.995392 -18.876043 0.686389 0.000000
2000 32.819031 0.419543 58.026993 -5.851368 -20.519190 0.743048 0.000000
2500 35.861233 0.619241 62.392349 -5.985056 -21.917933 0.752630 0.000000
3000 29.526293 0.532084 54.853752 -6.814579 -19.656839 0.611873 0.000000
3500 35.421753 0.586729 55.471283 -5.014720 -16.404762 0.783222 0.000000
4000 37.970779 0.274262 59.109894 -5.423699 -16.798880 0.809204 0.000000
4500 50.310894 0.385354 67.410538 -5.106100 -13.166378 0.787483 0.000000
5000 50.503162 0.513251 63.843712 -5.011022 -9.710440 0.867659 0.000000
500 44.797592 0.468875 61.028072 -4.598624 -12.852524 0.751793 0.000000
1000 28.724550 0.468031 51.995342 -5.637209 -18.770840 0.669225 0.000000
1500 28.595564 0.369792 52.061535 -6.153346 -18.522850 0.840433 0.000000
2000 27.623955 0.375191 55.806694 -6.282462 -23.077072 0.801606 0.000000
2500 34.897419 0.465869 56.560524 -5.147571 -17.937042 0.955637 0.000000
3000 23.380409 0.541432 47.929726 -5.828473 -20.017368 0.755093 0.000000
3500 39.367790 0.623909 60.217373 -6.372710 -15.816276 0.715497 0.000000
4000 41.936367 0.394131 58.991013 -4.476893 -13.790674 0.818790 0.000000
4500 35.575787 0.780775 56.665623 -5.694618 -16.949205 0.773214 0.000000
5000 39.489288 0.473975 58.641380 -5.415623 -15.034336 0.823890 0.000000
500 34.339005 0.468268 57.730007 -4.986835 -19.884520 1.012085 0.000000
1000 45.006756 1.232293 63.937347 -5.886354 -15.169867 0.893336 0.000000
1500 35.562344 0.502508 62.091694 -6.659251 -21.145704 0.773100 0.000000
2000 28.645346 0.573166 53.637012 -5.523464 -20.759125 0.717757 0.000000
2500 35.356972 0.355966 62.265064 -7.121947 -20.958179 0.816069 0.000000
3000 27.771799 0.820460 49.475677 -5.885156 -17.418110 0.778926 0.000000
3500 30.868275 1.108612 60.537037 -7.831507 -23.762354 0.816487 0.000000
4000 36.962860 0.572007 60.069218 -6.982746 -17.481028 0.785407 0.000000
4500 21.148121 0.462862 49.728287 -6.871601 -22.929569 0.758144 0.000000
5000 34.548489 0.473490 58.211502 -6.019442 -18.876930 0.759869 0.000000
500 35.900887 0.861854 59.557579 -6.046830 -19.344793 0.873078 0.000000
1000 41.400826 2.003857 61.502239 -5.900781 -17.116577 0.912086 0.000000
1500 34.922966 0.457475 58.638996 -7.530772 -17.476868 0.834138 0.000000
2000 24.498402 0.388464 51.525936 -7.170176 -21.063412 0.817590 0.000000
2500 31.186337 1.042373 53.744312 -4.635069 -19.858416 0.893134 0.000000
3000 28.641260 0.648463 52.282310 -4.218239 -20.929567 0.858292 0.000000
3500 41.080662 0.484535 64.813377 -4.602793 -20.397141 0.782686 0.000000
4000 27.650339 0.896860 52.200912 -4.534869 -21.903242 0.990681 0.000000
4500 40.199642 0.494655 64.836029 -5.662092 -20.380505 0.911556 0.000000
5000 38.625801 0.493135 61.447567 -4.502110 -19.674551 0.861763 0.000000
500 40.540684 2.363922 58.210659 -5.477231 -16.025366 1.468699 0.000000
1000 19.927656 0.402514 43.329781 -5.881355 -18.957306 1.034022 0.000000
1500 28.406843 0.499096 51.320892 -6.423107 -17.871672 0.881633 0.000000
2000 32.236492 0.357439 58.013531 -6.634795 -20.402363 0.902684 0.000000
2500 28.842188 0.539059 52.778271 -7.481327 -17.883411 0.889596 0.000000
3000 45.608570 0.574431 65.582642 -6.626942 -14.951979 1.030416 0.000000
3500 34.599087 0.428367 56.774002 -5.330257 -18.330605 1.057578 0.000000
4000 29.737457 0.406985 51.875492 -6.464072 -17.057938 0.976989 0.000000
4500 46.080620 0.592961 64.995140 -3.540272 -17.122128 1.154916 0.000000
5000 26.005445 0.529208 46.902958 -3.936358 -18.562016 1.071654 0.000000
