500 30.447477 0.902790 50.555244 -6.460424 -15.466612 0.916477 0.000000
1000 37.317467 0.531915 59.770630 -4.257075 -19.553310 0.825311 0.000000
1500 32.401955 0.471453 52.563427 -3.737802 -17.831699 0.936573 0.000000
2000 45.732098 0.943894 63.265984 -3.114577 -16.395027 1.031826 0.000000
2500 40.090675 0.475323 62.895802 -2.247236 -22.258686 1.225472 0.000000
3000 51.333599 0.779679 62.659813 -5.293169 -7.802578 0.989853 0.000000
3500 29.083239 0.739975 49.180698 -5.266024 -16.579689 1.008280 0.000000
4000 34.228825 1.256803 53.814926 -3.847696 -17.959333 0.964122 0.000000
4500 24.461706 0.434154 47.370827 -5.040585 -19.485680 1.182989 0.000000
5000 37.543079 0.674991 59.817402 -5.141968 -18.882835 1.075489 0.000000
500 50.936867 1.385342 66.395485 -6.628898 -11.197001 0.981937 0.000000
1000 41.126534 0.407333 64.963928 -7.309855 -18.062647 1.127778 0.000000
1500 55.255093 0.737998 65.638237 -3.576417 -8.812189 1.267460 0.000000
2000 55.324471 1.671049 62.953671 -3.539563 -6.741829 0.981145 0.000000
2500 62.838249 0.865206 70.755386 -1.083008 -8.762312 1.062981 0.000000
3000 73.451393 2.227432 74.146141 -1.030872 -2.994610 1.103301 0.000000
3500 63.703690 0.357870 62.588680 0.000000 0.000000 0.757142 0.000000
4000 68.473236 1.260960 66.310745 0.000000 0.000000 0.901525 0.000000
4500 68.040810 0.461547 66.642952 0.000000 0.000000 0.936308 0.000000
5000 70.274109 1.193085 68.336037 -0.135322 0.000000 0.880308 0.000000
500 82.093224 0.850068 80.250053 0.000000 0.000000 0.993101 0.000000
1000 75.268837 0.487641 73.629601 0.000000 0.000000 1.151598 0.000000
1500 72.521431 0.511527 71.021347 0.000000 0.000000 0.988553 0.000000
2000 58.262291 0.651207 60.612309 -0.099989 -4.067427 1.166191 0.000000
2500 65.176994 0.454076 63.789062 0.000000 0.000000 0.933853 0.000000
3000 58.928955 1.007459 60.654900 -1.762265 -1.969666 0.998528 0.000000
3500 61.474461 0.415427 67.356071 -1.567712 -5.606672 0.877340 0.000000
4000 70.215736 0.634131 70.454102 -1.670778 0.000000 0.798279 0.000000
4500 57.088024 1.751401 64.413734 -0.341712 -9.933409 1.198010 0.000000
5000 57.146366 1.341532 71.680931 -0.303805 -16.603369 1.031079 0.000000
500 65.540100 0.712286 70.436630 -2.634536 -3.867578 0.893295 0.000000
1000 56.759243 0.577218 72.272156 -7.383238 -9.661119 0.954229 0.000000
1500 55.965370 0.720773 70.038582 -4.832254 -10.969827 1.008095 0.000000
2000 50.609547 2.896854 56.140320 -4.693292 -4.583647 0.849308 0.000000
2500 54.183624 0.741538 59.786297 -3.479113 -3.690571 0.825474 0.000000
3000 48.112991 0.817406 53.693760 -1.937350 -5.440133 0.979308 0.000000
3500 56.592007 0.369032 55.349876 0.000000 0.000000 0.873101 0.000000
4000 58.908375 0.511729 62.782116 -2.659290 -2.711363 0.985184 0.000000
4500 30.783026 0.589716 53.244556 -6.464846 -17.740828 1.154423 0.000000
5000 36.675026 0.535544 53.982628 -5.417319 -13.422314 0.996485 0.000000
500 65.559822 0.463817 65.371063 -1.123665 0.000000 0.848607 0.000000
1000 59.336063 0.824610 70.341179 -3.105650 -9.554631 0.830558 0.000000
1500 65.171631 0.719081 70.230148 -2.014617 -4.665788 0.902808 0.000000
2000 45.199982 0.306589 59.316624 -2.487277 -13.090858 1.154902 0.000000
2500 48.802242 0.715592 64.872238 -4.365787 -13.221957 0.802158 0.000000
3000 43.492367 1.838679 57.533798 -4.096276 -12.768816 0.984980 0.000000
3500 46.245689 0.443402 58.802753 -4.738020 -9.193308 0.930862 0.000000
4000 46.096756 0.369336 62.986874 -5.132031 -13.089889 0.962467 0.000000
4500 52.852547 0.691684 62.973347 -4.414371 -7.213093 0.814980 0.000000
5000 50.360863 0.823294 61.705463 -3.430914 -9.534086 0.797106 0.000000
500 44.774075 0.622522 62.101673 -3.930082 -14.995304 0.975265 0.000000
1000 46.145340 0.553271 67.338776 -4.587756 -17.988228 0.829282 0.000000
1500 38.263897 0.252555 57.419197 -4.870859 -15.525498 0.988499 0.000000
2000 45.403606 0.574243 59.387600 -1.683761 -13.843643 0.969168 0.000000
2500 54.130245 0.268353 65.196571 -4.032853 -8.160622 0.858790 0.000000
3000 42.712112 2.220652 57.905636 -4.433987 -13.910021 0.929832 0.000000
3500 47.364273 0.415937 59.826206 -4.413819 -9.480210 1.016160 0.000000
4000 51.176235 0.290379 63.594696 -3.332245 -10.219004 0.842412 0.000000
4500 41.456249 0.540281 56.855713 -3.519074 -13.339523 0.918854 0.000000
5000 47.932102 0.793552 58.578342 -3.962904 -8.549807 1.072917 0.000000
500 49.515316 0.530898 60.397133 -2.169635 -9.985806 0.742725 0.000000
1000 68.311028 0.556385 66.787956 -0.033156 0.000000 0.999851 0.000000
1500 56.972622 0.607735 59.640396 -0.165425 -4.018423 0.908338 0.000000
2000 69.630814 1.005599 67.815140 0.000000 0.000000 0.810074 0.000000
2500 76.627151 0.780004 74.615051 0.000000 0.000000 1.232096 0.000000
3000 75.387054 0.706020 74.033211 -0.212747 0.000000 0.860576 0.000000
3500 67.310196 1.515573 73.372452 -0.816458 -7.912576 1.151209 0.000000
4000 55.262402 0.430560 67.138565 -0.315529 -12.865839 0.874644 0.000000
4500 74.190132 0.625763 72.429504 -0.124340 0.000000 1.259198 0.000000
5000 60.492619 1.619821 58.120884 0.000000 0.000000 0.751914 0.000000
500 79.263390 0.612487 77.756775 0.000000 0.000000 0.894129 0.000000
1000 81.116714 0.930743 78.902313 0.000000 0.000000 1.283661 0.000000
1500 67.024422 1.799648 66.779533 -1.195470 -2.178906 1.819623 0.000000
2000 68.195618 0.551067 68.746178 -2.066617 0.000000 0.964988 0.000000
2500 61.456703 0.756516 59.770348 -0.086455 0.000000 1.016295 0.000000
3000 71.081032 0.443498 69.685921 0.000000 0.000000 0.951614 0.000000
3500 63.594517 0.456872 62.280884 -0.068751 0.000000 0.925515 0.000000
4000 69.131989 0.485248 67.826187 0.000000 0.000000 0.820558 0.000000
4500 75.367897 0.501131 77.155815 -0.926855 -2.355629 0.993438 0.000000
5000 67.049690 0.723317 66.933281 -1.727162 0.000000 1.120254 0.000000
500 50.495426 0.649100 67.653717 -4.254647 -14.384527 0.831782 0.000000
1000 53.778458 0.792986 64.155540 -1.677368 -10.360790 0.868090 0.000000
1500 66.429176 0.332817 65.198296 -0.088333 0.000000 0.986398 0.000000
2000 63.100590 1.338785 65.717155 -0.284736 -5.101487 1.430875 0.000000
2500 76.930435 0.746837 75.118820 0.000000 0.000000 1.064780 0.000000
3000 68.711906 0.547672 67.374344 0.000000 0.000000 0.789894 0.000000
3500 73.494324 0.471435 71.800667 0.000000 0.000000 1.222221 0.000000
4000 61.481068 0.679983 60.048664 -0.128123 0.000000 0.880546 0.000000
4500 70.100426 0.220515 69.035408 0.000000 0.000000 0.844502 0.000000
5000 67.387695 0.820117 65.719543 0.000000 0.000000 0.848041 0.000000
500 57.323715 0.629103 56.424088 -0.468817 0.000000 0.739341 0.000000
1000 62.698589 0.647956 60.980297 0.000000 0.000000 1.070334 0.000000
1500 72.571693 0.602806 71.117393 -0.188247 0.000000 1.039742 0.000000
2000 71.360909 1.026738 73.386658 -1.261927 -2.702989 0.912419 0.000000
2500 51.306370 0.850617 62.033443 -2.690638 -9.907326 1.020276 0.000000
3000 43.206326 3.216420 59.908184 -6.712072 -14.137764 0.931556 0.000000
3500 53.876553 1.707579 63.039898 -3.381822 -8.310226 0.821125 0.000000
4000 71.159462 0.587031 69.613808 0.000000 0.000000 0.958629 0.000000
4500 68.953560 0.345608 67.796722 0.000000 0.000000 0.811222 0.000000
5000 71.663490 0.919738 69.872833 0.000000 0.000000 0.870915 0.000000
500 69.383026 3.439284 68.744095 -0.212304 -3.974981 1.386935 0.000000
1000 63.130917 1.162847 61.135509 0.000000 0.000000 0.832563 0.000000
1500 70.783394 0.255949 69.848457 -0.141875 0.000000 0.820864 0.000000
2000 60.493153 0.523105 60.454285 -1.294537 0.000000 0.810298 0.000000
2500 70.906296 0.758761 69.268852 -0.071259 -0.011311 0.961258 0.000000
3000 66.468407 2.399984 63.014332 -0.191995 0.000000 1.246086 0.000000
3500 64.806244 1.134292 62.923862 0.000000 0.000000 0.748095 0.000000
4000 80.211365 0.539383 78.721596 0.000000 0.000000 0.950383 0.000000
4500 62.129490 0.843187 60.190575 0.000000 0.000000 1.095728 0.000000
5000 77.115974 0.772430 75.397789 0.000000 0.000000 0.945751 0.000000
500 45.607086 0.549073 57.376961 -2.388222 -10.840688 0.909960 0.000000
1000 38.863392 0.364016 51.360825 -2.739368 -11.048245 0.926162 0.000000
1500 50.516426 0.465097 62.623806 -2.874461 -10.705347 1.007334 0.000000
2000 43.442104 0.902863 58.241257 -5.132014 -11.487726 0.917727 0.000000
2500 47.140751 1.396641 65.509827 -4.731856 -16.006401 0.972545 0.000000
3000 49.540508 1.297080 66.335266 -6.174534 -12.930712 1.013409 0.000000
3500 40.598949 0.736523 62.951836 -7.695866 -16.517746 1.124203 0.000000
4000 32.421310 0.474605 55.922901 -5.358271 -19.730133 1.112208 0.000000
4500 31.738796 0.565000 57.549973 -8.522298 -18.813221 0.959342 0.000000
5000 36.277390 0.529150 55.129742 -7.760976 -12.570447 0.949917 0.000000
500 70.461098 1.031374 68.564201 0.000000 0.000000 0.865526 0.000000
1000 69.145111 0.403279 67.789207 -0.082216 0.000000 1.034836 0.000000
1500 67.132538 0.481516 65.818810 0.000000 0.000000 0.832213 0.000000
2000 58.468994 0.701672 64.485428 -0.827776 -6.869252 0.978914 0.000000
2500 68.648430 1.591650 66.219818 0.000000 0.000000 0.836962 0.000000
3000 63.599731 0.420868 62.262913 0.000000 0.000000 0.915949 0.000000
3500 70.023132 0.490680 69.091316 -0.483348 0.000000 0.924482 0.000000
4000 72.505257 0.730612 70.753716 0.000000 0.000000 1.020924 0.000000
4500 55.967495 1.622368 54.549156 -1.075091 0.000000 0.871062 0.000000
5000 56.697437 0.603509 64.445953 -2.595608 -6.531521 0.775104 0.000000
500 69.438629 0.876622 67.781525 0.000000 0.000000 0.780480 0.000000
1000 55.582027 0.254779 64.944305 -3.987340 -6.466146 0.836429 0.000000
1500 75.700287 0.764401 73.673149 0.000000 0.000000 1.262734 0.000000
2000 58.124336 0.558031 56.857403 0.000000 0.000000 0.708901 0.000000
2500 59.538994 0.862652 57.674637 0.000000 0.000000 1.001704 0.000000
3000 63.797169 1.428470 61.578342 0.000000 0.000000 0.790355 0.000000
3500 60.268665 0.997924 68.348267 -0.325922 -9.970979 1.219370 0.000000
4000 55.887085 1.302903 64.562355 -0.472910 -10.364855 0.859589 0.000000
4500 58.597172 0.743648 63.364292 -1.404556 -5.551137 1.444922 0.000000
5000 71.877220 0.569236 70.473602 0.000000 0.000000 0.834381 0.000000
500 67.872322 0.663355 66.276161 0.000000 0.000000 0.932805 0.000000
1000 69.244873 0.961066 67.198898 0.000000 0.000000 1.084904 0.000000
1500 77.800407 0.479035 76.579796 0.000000 0.000000 0.741574 0.000000
2000 69.233070 0.886753 68.248436 -1.131801 0.000000 1.229673 0.000000
2500 64.410583 0.782190 62.835190 0.000000 0.000000 0.793203 0.000000
3000 68.826454 0.598301 67.494545 0.000000 0.000000 0.733602 0.000000
3500 60.447811 0.355131 59.458458 -0.076399 0.000000 0.710625 0.000000
4000 69.303650 0.628287 67.753410 0.000000 0.000000 0.921950 0.000000
4500 73.904648 0.302250 72.630943 0.000000 0.000000 0.971460 0.000000
5000 54.432827 1.401166 57.056297 -0.546692 -4.499930 1.021986 0.000000
500 66.167824 0.276809 65.402855 -0.277026 0.000000 0.765185 0.000000
1000 65.178352 1.263842 62.574055 0.000000 0.000000 1.340452 0.000000
1500 59.607941 2.491351 56.429565 0.000000 0.000000 0.687022 0.000000
2000 65.365883 0.721157 63.566425 0.000000 0.000000 1.078303 0.000000
2500 71.885788 0.762601 70.483292 -0.552502 0.000000 1.192397 0.000000
3000 66.420105 1.744333 69.313095 -1.803913 -3.701184 0.867771 0.000000
3500 61.495583 0.356402 60.595455 -0.949255 0.000000 1.492979 0.000000
4000 72.698624 0.786558 71.700584 -0.831068 0.000000 1.042548 0.000000
4500 59.328205 0.640782 57.793510 0.000000 0.000000 0.893913 0.000000
5000 56.098042 0.537131 54.777134 -0.129704 0.000000 0.913480 0.000000
500 63.467010 0.429367 62.212971 -0.091295 0.000000 0.915966 0.000000
1000 62.905441 0.652694 61.492008 0.000000 0.000000 0.760738 0.000000
1500 70.511497 0.927936 68.478172 0.000000 0.000000 1.105390 0.000000
2000 72.657791 1.116719 70.552734 -0.046972 0.000000 1.035308 0.000000
2500 55.852913 0.420993 54.543732 0.000000 0.000000 0.888188 0.000000
3000 72.363800 0.676918 70.342224 0.000000 0.000000 1.344660 0.000000
3500 70.444313 0.287160 69.402077 0.000000 0.000000 0.755076 0.000000
4000 66.805382 0.496894 65.564072 0.000000 0.000000 0.744414 0.000000
4500 65.261490 0.587830 69.485191 -0.926999 -4.793351 0.908819 0.000000
5000 65.766434 0.436432 65.706078 -1.226555 0.000000 0.850480 0.000000
500 60.636154 0.603249 59.146332 0.000000 0.000000 0.886575 0.000000
1000 59.817905 0.620921 58.223373 0.000000 0.000000 0.973611 0.000000
1500 56.356991 1.320078 54.032078 0.000000 0.000000 1.004831 0.000000
2000 73.475090 0.432287 72.870895 -0.721053 0.000000 0.892962 0.000000
2500 63.479412 0.888223 61.592785 -0.038469 0.000000 1.036878 0.000000
3000 68.370384 0.601471 66.934326 -0.093791 0.000000 0.928373 0.000000
3500 78.221970 0.671815 76.806396 0.000000 0.000000 0.743761 0.000000
4000 71.408966 1.347619 69.283424 -0.059821 0.000000 0.837742 0.000000
4500 73.374832 0.652784 71.489677 0.000000 0.000000 1.232372 0.000000
5000 69.333595 0.693168 67.400055 0.000000 0.000000 1.240368 0.000000
500 64.766922 1.181754 62.861053 -0.096065 0.000000 0.820181 0.000000
1000 71.545792 0.988271 69.017525 0.000000 0.000000 1.539991 0.000000
1500 73.758369 0.968028 71.408035 0.000000 0.000000 1.382310 0.000000
2000 64.545837 0.336908 63.297771 0.000000 0.000000 0.911162 0.000000
2500 61.448303 0.860586 59.737289 -0.225935 0.000000 1.076365 0.000000
3000 59.368050 1.151080 57.510571 0.000000 0.000000 0.706397 0.000000
3500 64.387695 0.518234 62.981720 0.000000 0.000000 0.887743 0.000000
4000 60.195724 0.408036 58.691795 0.000000 0.000000 1.095892 0.000000
4500 69.261337 1.511453 66.902077 0.000000 0.000000 0.847808 0.000000
5000 77.052757 1.411626 74.686157 -0.023802 0.000000 0.978778 0.000000
500 74.002609 0.590494 72.533463 0.000000 0.000000 0.878658 0.000000
1000 59.363663 0.639043 57.911354 0.000000 0.000000 0.813267 0.000000
1500 63.304096 0.620993 61.918884 0.000000 0.000000 0.764218 0.000000
2000 71.354706 0.652985 69.837311 0.000000 0.000000 0.864410 0.000000
2500 58.184124 0.633419 69.570068 -0.676493 -12.880606 1.537732 0.000000
3000 58.403023 0.341739 56.885208 -0.033293 0.000000 1.209367 0.000000
3500 67.450035 0.412178 66.003670 -0.058616 0.000000 1.092801 0.000000
4000 65.239357 1.507241 62.904980 0.000000 0.000000 0.827131 0.000000
4500 78.606873 1.875288 75.670303 0.000000 0.000000 1.061276 0.000000
5000 63.997894 0.957536 65.598785 -0.555213 -3.049274 1.046063 0.000000
500 66.016579 1.117044 64.032158 0.000000 0.000000 0.867377 0.000000
1000 57.341515 0.347990 62.005650 -1.833780 -4.133304 0.954960 0.000000
1500 69.630569 0.981128 67.951447 -0.030585 0.000000 0.728586 0.000000
2000 67.052849 0.799608 64.899490 0.000000 0.000000 1.353755 0.000000
2500 55.073769 1.020344 63.405346 -1.137417 -9.524414 1.309910 0.000000
3000 59.978519 0.395466 71.143402 -3.224261 -9.531208 1.195113 0.000000
3500 60.587727 1.165812 69.663429 -2.156819 -9.191831 1.107140 0.000000
4000 47.882374 0.518732 61.658066 -3.373863 -11.791586 0.871028 0.000000
4500 53.453220 1.618588 67.745903 -4.281524 -12.398417 0.768667 0.000000
5000 37.526680 0.540851 56.904335 -4.196413 -16.576874 0.854780 0.000000
500 77.541916 2.605692 73.965515 0.000000 0.000000 0.970710 0.000000
1000 73.217873 0.731330 71.708214 0.000000 0.000000 0.778328 0.000000
1500 69.462929 0.504080 68.413666 -0.338037 0.000000 0.883219 0.000000
2000 46.294865 0.737055 59.815388 -3.246336 -11.852537 0.841288 0.000000
2500 53.454544 0.455745 64.526093 -3.460483 -8.957830 0.891023 0.000000
3000 60.350716 0.356600 70.292793 -3.449914 -7.709974 0.861214 0.000000
3500 51.751755 0.302457 61.639622 -3.122101 -7.894421 0.826198 0.000000
4000 36.864960 0.401907 50.728989 -2.170627 -13.086043 0.990733 0.000000
4500 58.011772 0.473084 67.292244 -3.909768 -6.839375 0.995586 0.000000
5000 64.954620 0.607787 71.458130 -5.435913 -2.705186 1.029804 0.000000
500 62.543587 0.535701 68.159050 -2.750790 -4.508715 1.108348 0.000000
1000 55.646061 0.380434 66.652603 -2.407634 -9.995943 1.016598 0.000000
1500 51.971802 0.373951 50.677006 -0.085527 0.000000 1.006372 0.000000
2000 76.195511 1.471532 73.544029 0.000000 0.000000 1.179950 0.000000
2500 74.055077 1.289111 71.613281 0.000000 0.000000 1.152689 0.000000
3000 68.186783 2.313624 65.153023 -0.265538 0.000000 0.985681 0.000000
3500 65.265099 0.893709 63.313641 0.000000 0.000000 1.057745 0.000000
4000 58.217258 1.356038 66.970009 -1.846431 -9.243719 0.981357 0.000000
4500 48.030739 2.459760 58.920361 -4.297939 -9.919252 0.867814 0.000000
5000 38.507278 1.896025 56.567760 -6.093730 -14.644759 0.781981 0.000000
500 34.933643 0.391200 57.044224 -8.038816 -15.341522 0.878557 0.000000
1000 33.678116 0.339331 55.258255 -6.779991 -16.064638 0.925156 0.000000
1500 38.727600 0.167597 63.099159 -6.742039 -18.598606 0.801487 0.000000
2000 30.995657 0.428481 59.571243 -7.206651 -22.800688 1.003270 0.000000
2500 51.254852 1.028974 67.281158 -5.768895 -12.187664 0.901277 0.000000
3000 39.592247 0.465956 59.797493 -7.080894 -14.395976 0.805669 0.000000
3500 29.662041 0.370873 54.203854 -8.050226 -17.685566 0.823110 0.000000
4000 41.474789 0.486774 64.038406 -8.385387 -15.614946 0.949947 0.000000
4500 36.533634 0.822963 61.831783 -8.192539 -18.733181 0.804607 0.000000
5000 38.899673 0.753599 56.579472 -5.071064 -14.224628 0.862296 0.000000
500 40.216812 0.659411 60.437687 -6.135037 -15.603391 0.858138 0.000000
1000 39.105576 0.298993 59.911552 -6.060485 -15.867580 0.823099 0.000000
1500 50.889305 0.759370 65.384201 -5.922235 -10.225081 0.893051 0.000000
2000 43.566765 2.356857 58.895313 -5.998217 -12.536107 0.848917 0.000000
2500 47.893696 0.842223 68.090538 -5.629148 -16.448378 1.038455 0.000000
3000 42.514164 1.010595 59.985260 -5.848348 -13.623429 0.990087 0.000000
3500 53.619503 0.861122 70.778709 -6.039927 -12.798667 0.818265 0.000000
4000 50.764843 0.721420 65.816727 -5.918282 -10.686369 0.831348 0.000000
4500 47.245293 1.067719 62.667976 -4.635004 -12.783537 0.928137 0.000000
5000 55.651436 0.687548 63.596088 -3.389791 -6.206044 0.963630 0.000000
500 51.679638 0.443103 60.267872 -0.575639 -9.530876 1.075175 0.000000
1000 77.271576 0.386240 75.841690 0.000000 0.000000 1.043651 0.000000
1500 53.347519 0.788340 51.945564 -0.325222 0.000000 0.938836 0.000000
2000 78.429436 1.022901 76.472603 0.000000 0.000000 0.933933 0.000000
2500 63.349796 0.386196 62.222347 0.000000 0.000000 0.741254 0.000000
3000 69.300690 0.478553 67.842377 0.000000 0.000000 0.979759 0.000000
3500 58.262035 0.780852 56.528713 0.000000 0.000000 0.952469 0.000000
4000 67.385025 1.067855 74.060654 -3.332317 -5.426165 1.014997 0.000000
4500 55.762440 0.506501 70.440376 -4.118962 -11.846377 0.780908 0.000000
5000 56.838768 0.623262 71.639709 -3.113064 -13.082326 0.771192 0.000000
500 63.207855 0.432456 61.959129 0.000000 0.000000 0.816267 0.000000
1000 63.502045 0.387545 62.547020 -0.171619 0.000000 0.739098 0.000000
1500 65.747696 0.618898 64.518608 -0.302077 0.000000 0.912268 0.000000
2000 64.041183 1.053606 61.979538 0.000000 0.000000 1.008034 0.000000
2500 75.229332 0.642365 73.108734 0.000000 0.000000 1.478231 0.000000
3000 71.950104 2.451296 67.397438 -0.044223 0.000000 2.145590 0.000000
3500 63.187515 0.692468 61.769176 -0.037362 0.000000 0.763234 0.000000
4000 58.150249 0.323213 62.096153 -1.043214 -4.166483 0.940580 0.000000
4500 59.295933 0.734060 57.817646 0.000000 0.000000 0.744228 0.000000
5000 86.008492 0.377388 83.948288 0.000000 0.000000 1.682814 0.000000
500 75.542450 0.593732 74.131920 0.000000 0.000000 0.816794 0.000000
1000 70.235619 0.345484 69.072052 0.000000 0.000000 0.818088 0.000000
1500 64.911148 0.419803 63.398273 -0.186384 0.000000 1.279457 0.000000
2000 72.476273 0.672312 70.838066 -0.063687 0.000000 1.029586 0.000000
2500 65.883430 2.227787 63.163063 -0.606793 0.000000 1.099370 0.000000
3000 67.160545 0.497605 65.745071 0.000000 0.000000 0.917872 0.000000
3500 69.281876 0.373055 68.100784 0.000000 0.000000 0.808038 0.000000
4000 77.069687 0.458351 75.670029 0.000000 0.000000 0.941309 0.000000
4500 61.977730 0.485638 60.659664 0.000000 0.000000 0.832427 0.000000
5000 54.345371 0.415216 57.276821 -1.229978 -3.000202 0.883514 0.000000
500 39.039040 1.343270 54.830807 -2.295983 -16.044470 1.205412 0.000000
1000 23.366888 0.248619 45.130062 -4.079676 -19.082748 1.150632 0.000000
1500 31.637457 0.386689 49.688000 -5.404340 -13.876692 0.843799 0.000000
2000 36.050655 0.642306 53.156944 -5.440346 -13.174187 0.865935 0.000000
2500 34.896877 1.197250 54.666389 -3.195743 -18.600370 0.829348 0.000000
3000 52.363842 0.597235 64.999794 -4.496004 -9.580021 0.842835 0.000000
3500 34.879368 0.335703 56.107395 -5.675910 -16.756672 0.868851 0.000000
4000 31.249323 0.741053 49.399990 -5.618312 -14.045994 0.772584 0.000000
4500 32.660355 0.668745 51.350712 -4.365305 -15.769287 0.775495 0.000000
5000 45.335583 0.490803 55.618332 -4.493795 -7.430949 1.151192 0.000000
500 43.588898 0.818962 60.662117 -3.943477 -14.941170 0.992466 0.000000
1000 53.785065 0.542977 65.461220 -4.099644 -9.039639 0.920150 0.000000
1500 69.400101 0.371371 69.053421 -0.943176 0.000000 0.918487 0.000000
2000 63.056709 0.620609 61.403961 -0.027701 0.000000 1.059841 0.000000
2500 66.220619 0.495940 65.547501 -0.675693 0.000000 0.852871 0.000000
3000 75.104500 0.689301 73.619499 -0.083028 0.000000 0.878733 0.000000
3500 74.710083 0.955371 72.553368 0.000000 0.000000 1.201346 0.000000
4000 60.985302 0.632510 65.459145 -2.734172 -3.412235 1.040059 0.000000
4500 80.076759 0.973122 78.179085 0.000000 0.000000 0.924555 0.000000
5000 62.860790 0.220280 61.756435 -0.080254 0.000000 0.964329 0.000000
500 64.053627 0.655905 62.423832 0.000000 0.000000 0.973885 0.000000
1000 59.769020 1.182640 57.656422 0.000000 0.000000 0.929957 0.000000
1500 63.603127 0.347971 62.203316 0.000000 0.000000 1.051841 0.000000
2000 70.823288 0.315913 71.326454 -1.731842 0.000000 0.912769 0.000000
2500 67.436127 1.361573 65.258163 -0.147549 0.000000 0.963934 0.000000
3000 66.929115 0.600852 65.539886 0.000000 0.000000 0.788377 0.000000
3500 69.544266 0.424144 68.312958 0.000000 0.000000 0.807166 0.000000
4000 63.013161 1.119264 60.912441 0.000000 0.000000 0.981458 0.000000
4500 64.550476 1.148161 62.617020 -0.106245 0.000000 0.891538 0.000000
5000 74.323830 1.224133 72.117142 0.000000 0.000000 0.982552 0.000000
500 63.862621 0.650873 62.556618 -0.060974 0.000000 0.716102 0.000000
1000 48.756184 0.221349 48.612659 -1.126590 0.000000 1.048766 0.000000
1500 70.436684 0.545462 69.119308 0.000000 0.000000 0.771912 0.000000
2000 69.710846 1.247443 67.471245 -0.021409 0.000000 1.013563 0.000000
2500 61.541164 0.351102 68.700966 -0.487861 -7.923575 0.900533 0.000000
3000 55.992584 0.896009 57.091320 -0.094110 -3.177119 1.276487 0.000000
3500 79.150162 1.046436 77.214035 0.000000 0.000000 0.889691 0.000000
4000 64.938049 0.323847 66.332794 -2.433361 0.000000 0.714766 0.000000
4500 75.403664 2.282803 72.152428 0.000000 0.000000 0.968437 0.000000
5000 62.148079 0.697552 60.728836 -0.199066 0.000000 0.920757 0.000000
500 72.087875 0.560160 70.668587 -0.049868 0.000000 0.908999 0.000000
1000 62.300465 0.595650 61.103870 -0.639880 0.000000 1.240825 0.000000
1500 73.558159 0.913366 71.919647 -0.074063 0.000000 0.799210 0.000000
2000 63.376591 0.613040 61.337502 0.000000 0.000000 1.426050 0.000000
2500 56.104244 0.360622 54.891003 0.000000 0.000000 0.852621 0.000000
3000 64.608452 0.454466 63.303371 0.000000 0.000000 0.850616 0.000000
3500 62.943604 0.942449 61.108448 0.000000 0.000000 0.892708 0.000000
4000 72.772858 0.514437 71.284805 0.000000 0.000000 0.973616 0.000000
4500 58.276020 0.615033 56.845177 0.000000 0.000000 0.815810 0.000000
5000 61.955582 1.586280 59.963432 -0.523498 0.000000 0.929369 0.000000
500 65.121025 0.634528 63.336540 -0.031394 0.000000 1.181352 0.000000
1000 75.941360 0.780713 74.045868 0.000000 0.000000 1.114776 0.000000
1500 58.725246 0.297628 57.488564 0.000000 0.000000 0.939057 0.000000
2000 75.005821 0.841367 73.862366 -0.711298 0.000000 1.013381 0.000000
2500 72.084137 0.348362 70.931534 0.000000 0.000000 0.804237 0.000000
3000 63.265514 1.476456 64.624092 -3.699814 0.000000 0.864780 0.000000
3500 74.738869 0.711718 73.045647 0.000000 0.000000 0.981510 0.000000
4000 68.756668 0.476482 67.480225 -0.226145 0.000000 1.026107 0.000000
4500 62.615120 1.259138 60.553932 0.000000 0.000000 0.802047 0.000000
5000 58.629349 0.766738 57.461304 -0.422347 0.000000 0.823654 0.000000
500 20.767855 0.434118 50.874802 -9.020748 -22.321831 0.801515 0.000000
1000 18.770615 0.410414 45.001335 -6.970650 -20.423111 0.752624 0.000000
1500 10.896962 0.506151 39.596935 -9.084889 -20.814339 0.693105 0.000000
2000 43.729568 0.303338 60.648151 -5.850814 -12.152838 0.781732 0.000000
2500 16.774773 0.430220 47.684071 -9.827684 -22.208988 0.697155 0.000000
3000 35.202995 0.524791 58.042774 -7.770386 -16.326477 0.732291 0.000000
3500 26.473314 0.488574 52.455708 -7.426816 -19.859413 0.815260 0.000000
4000 25.685200 0.493122 53.248032 -7.896789 -20.971407 0.812242 0.000000
4500 25.850803 0.488889 53.665348 -6.634726 -22.376513 0.707807 0.000000
5000 32.045265 0.519866 52.970806 -3.734104 -18.501068 0.789763 0.000000
500 41.792576 1.798300 61.852058 -6.063267 -16.523104 0.728588 0.000000
1000 44.925308 1.075216 66.248848 -7.453893 -15.645149 0.700284 0.000000
1500 50.352974 0.864971 66.898323 -6.106764 -12.071699 0.768142 0.000000
2000 48.303986 0.791569 58.873905 -3.728900 -8.468150 0.835565 0.000000
2500 34.536194 0.943132 52.574844 -7.156305 -12.750159 0.924682 0.000000
3000 34.588230 0.539585 51.238644 -6.279447 -11.695059 0.784503 0.000000
3500 42.237862 0.868477 57.264065 -6.360663 -10.440296 0.906282 0.000000
4000 27.233965 0.691276 54.357361 -8.039865 -20.417881 0.643071 0.000000
4500 27.678560 0.451199 55.538940 -8.524452 -20.493301 0.706175 0.000000
5000 29.193958 0.807519 53.982029 -7.332718 -19.125090 0.862219 0.000000
500 38.564289 0.843820 62.753368 -6.225041 -19.581408 0.773549 0.000000
1000 37.275818 0.550792 60.810463 -8.061881 -16.790054 0.766499 0.000000
1500 34.527863 0.559500 57.510899 -7.513015 -16.848454 0.818935 0.000000
2000 38.952419 0.499449 67.347458 -8.199939 -21.450974 0.756425 0.000000
2500 22.083664 0.349565 51.713753 -10.280722 -20.522612 0.823683 0.000000
3000 23.422697 0.488664 53.467987 -9.327480 -21.987228 0.780755 0.000000
3500 32.626331 0.422058 54.036663 -6.821188 -15.754554 0.743350 0.000000
4000 37.712273 0.639269 63.487495 -9.369127 -17.765541 0.720178 0.000000
4500 22.134073 0.546532 51.845539 -9.266417 -21.732021 0.740439 0.000000
5000 27.824713 1.457851 56.672138 -9.971573 -21.030678 0.696974 0.000000
500 56.725502 0.440626 60.430157 -1.179628 -3.844908 0.879255 0.000000
1000 41.871113 1.847605 56.190777 -2.256042 -14.859848 0.948620 0.000000
1500 59.931087 0.298056 70.014984 -1.601482 -9.752116 0.971642 0.000000
2000 58.768684 0.437052 57.353580 0.000000 0.000000 0.978053 0.000000
2500 67.754982 0.510163 66.261978 -0.103360 0.000000 1.086207 0.000000
3000 68.761108 0.633965 66.918823 -0.037451 0.000000 1.245775 0.000000
3500 62.100109 0.307513 60.722176 0.000000 0.000000 1.070420 0.000000
4000 76.297157 1.570165 73.717674 0.000000 0.000000 1.009319 0.000000
4500 62.865814 0.992814 61.209179 0.000000 0.000000 0.663821 0.000000
5000 77.842033 1.969826 74.877502 0.000000 0.000000 0.994705 0.000000
500 49.290440 0.499342 63.607540 -5.525006 -10.049989 0.758553 0.000000
1000 45.131290 0.490765 61.565037 -6.007366 -11.676301 0.759154 0.000000
1500 54.375660 0.492388 66.304543 -5.164158 -8.133656 0.876546 0.000000
2000 38.767399 1.124210 54.993195 -6.161918 -12.003290 0.815205 0.000000
2500 36.433178 1.645834 54.228745 -3.286068 -17.062777 0.907442 0.000000
3000 42.429176 1.256259 57.727425 -4.255664 -13.343325 1.044479 0.000000
3500 37.708023 0.726521 56.152336 -5.548715 -14.565479 0.943358 0.000000
4000 25.194235 1.327995 50.406464 -6.766062 -20.631199 0.857034 0.000000
4500 35.697491 2.243848 54.744781 -6.300888 -15.994452 1.004203 0.000000
5000 31.875525 1.211601 56.273083 -5.853399 -20.773907 1.018144 0.000000
500 36.655231 0.564388 58.684399 -7.858766 -15.663891 0.929101 0.000000
1000 26.214304 1.117588 49.081856 -7.747776 -17.044231 0.806868 0.000000
1500 34.909595 0.913608 55.436897 -5.058655 -17.338982 0.956726 0.000000
2000 56.653648 1.497995 71.007851 -5.961965 -10.783811 0.893583 0.000000
2500 49.153721 1.048943 68.829575 -6.532125 -14.967566 0.774890 0.000000
3000 32.742065 0.385902 58.176296 -9.005065 -17.640781 0.825714 0.000000
3500 12.475216 0.985821 44.773170 -10.350781 -23.682919 0.749924 0.000000
4000 31.542036 1.108157 58.061943 -8.714637 -19.689732 0.776304 0.000000
4500 24.454519 0.384554 50.916695 -8.816369 -18.787239 0.756876 0.000000
5000 35.777454 0.709542 59.706158 -10.266157 -15.334876 0.962789 0.000000
500 77.184189 0.864874 75.226074 0.000000 0.000000 1.093239 0.000000
1000 80.259987 0.627412 78.601349 0.000000 0.000000 1.031225 0.000000
1500 74.561020 0.534192 73.130135 0.000000 0.000000 0.896689 0.000000
2000 66.445633 0.318976 66.315399 -1.227675 0.000000 1.038934 0.000000
2500 65.121086 0.489727 63.605949 0.000000 0.000000 1.025412 0.000000
3000 69.278160 0.502486 68.021339 -0.202845 0.000000 0.957179 0.000000
3500 64.818092 0.504066 63.266331 0.000000 0.000000 1.047696 0.000000
4000 61.214645 0.801863 59.671024 0.000000 0.000000 0.741758 0.000000
4500 65.168282 0.714950 63.405643 0.000000 0.000000 1.047694 0.000000
5000 70.051895 0.809526 68.434113 0.000000 0.000000 0.808262 0.000000
500 60.599316 0.296867 59.375767 0.000000 0.000000 0.926682 0.000000
1000 68.037872 1.407679 65.759369 0.000000 0.000000 0.870829 0.000000
1500 67.070602 1.104308 71.658325 -1.997408 -4.667974 0.973348 0.000000
2000 53.688904 0.605569 62.692055 -3.721989 -6.958960 1.072230 0.000000
2500 57.737503 0.510845 62.030712 -2.378232 -3.498539 1.072715 0.000000
3000 54.139725 0.370553 62.594852 -2.127648 -7.742958 1.044924 0.000000
3500 67.362724 1.452312 64.979187 0.000000 0.000000 0.931226 0.000000
4000 61.571110 0.621290 59.961494 0.000000 0.000000 0.988329 0.000000
4500 65.757751 0.587789 63.862011 0.000000 0.000000 1.307953 0.000000
5000 50.457508 1.012636 57.123455 -2.048666 -6.507125 0.877210 0.000000
500 54.025177 1.491490 63.293716 -2.849486 -8.769595 0.859052 0.000000
1000 51.305466 0.494409 66.102165 -2.760753 -13.375332 0.844980 0.000000
1500 50.923721 0.562773 66.132423 -2.509320 -14.011366 0.749215 0.000000
2000 42.642391 0.798212 50.671448 -2.401156 -7.132265 0.706156 0.000000
2500 47.913162 0.284158 61.172729 -2.315777 -11.855557 0.627610 0.000000
3000 55.513885 0.839349 63.734974 -1.559869 -8.355741 0.855167 0.000000
3500 49.411030 0.552903 60.801430 -1.153495 -11.785176 0.995369 0.000000
4000 48.184620 0.439458 57.851612 -1.999211 -8.870713 0.763475 0.000000
4500 59.663994 0.413668 58.133224 -0.095630 0.000000 1.212730 0.000000
5000 66.842667 0.925626 64.962852 0.000000 0.000000 0.954187 0.000000
500 45.601952 0.454716 56.687889 -0.429373 -12.305887 1.194604 0.000000
1000 54.008156 0.533217 64.008774 -2.139836 -9.596300 1.202301 0.000000
1500 64.988579 0.718024 74.272629 -2.495272 -8.459233 0.952431 0.000000
2000 48.292904 1.271739 60.799458 -4.137956 -10.712519 1.072177 0.000000
2500 45.439072 0.461336 61.065208 -3.441597 -14.102493 1.456621 0.000000
3000 45.850719 0.626825 54.475914 -2.587453 -7.698535 1.033968 0.000000
3500 50.533249 0.919490 63.874485 -2.311157 -12.948492 0.998925 0.000000
4000 45.894951 0.379366 52.820030 -0.872874 -7.452301 1.020735 0.000000
4500 60.056381 0.446183 58.792671 0.000000 0.000000 0.817526 0.000000
5000 62.629929 0.544796 61.046936 0.000000 0.000000 1.038196 0.000000
500 72.892448 0.900358 71.036530 0.000000 0.000000 0.955561 0.000000
1000 70.213577 0.513962 68.845009 0.000000 0.000000 0.854605 0.000000
1500 66.068146 1.178076 69.232063 -1.858341 -3.314446 0.830786 0.000000
2000 67.500229 0.618925 65.641518 0.000000 0.000000 1.239787 0.000000
2500 61.913986 0.614202 60.448967 0.000000 0.000000 0.850817 0.000000
3000 71.770615 0.298673 70.559891 0.000000 0.000000 0.912047 0.000000
3500 75.089546 0.506555 74.072540 -0.613767 0.000000 1.124224 0.000000
4000 71.919281 0.812875 70.167572 0.000000 0.000000 0.938832 0.000000
4500 58.793633 0.311547 57.543243 0.000000 0.000000 0.938845 0.000000
5000 59.394341 1.766818 61.126926 -0.678995 -3.731973 0.911561 0.000000
500 61.287834 0.598879 59.872303 0.000000 0.000000 0.816649 0.000000
1000 75.434616 0.630232 73.842751 0.000000 0.000000 0.961630 0.000000
1500 77.679314 1.457791 75.008568 0.000000 0.000000 1.212950 0.000000
2000 68.197708 0.738506 66.265282 0.000000 0.000000 1.193922 0.000000
2500 66.819984 0.802826 65.133270 -0.055091 0.000000 0.938983 0.000000
3000 67.138382 0.393823 65.858452 0.000000 0.000000 0.886109 0.000000
3500 63.925110 1.644533 62.005756 -0.526000 0.000000 0.800822 0.000000
4000 62.886887 1.455634 60.126499 0.000000 0.000000 1.304752 0.000000
4500 62.453030 0.870367 60.639717 0.000000 0.000000 0.942942 0.000000
5000 72.993172 0.504475 71.390747 -0.168933 0.000000 1.266886 0.000000
500 63.686943 0.590007 62.105457 0.000000 0.000000 0.991479 0.000000
1000 61.832211 0.342287 60.570179 0.000000 0.000000 0.919746 0.000000
1500 66.393768 0.752177 64.604248 0.000000 0.000000 1.037343 0.000000
2000 56.763947 1.177022 70.658669 -0.349670 -15.901865 1.179785 0.000000
2500 57.524658 0.756607 67.724625 -0.374251 -11.843732 1.261411 0.000000
3000 68.654144 0.412962 67.207321 0.000000 0.000000 1.033862 0.000000
3500 71.464317 6.226951 64.289513 0.000000 0.000000 0.947855 0.000000
4000 62.473694 0.941787 60.784084 0.000000 0.000000 0.747821 0.000000
4500 57.680084 1.071655 55.697773 0.000000 0.000000 0.910657 0.000000
5000 70.608582 1.491133 68.297699 0.000000 0.000000 0.819747 0.000000
500 59.854958 0.679479 58.506802 -0.532676 0.000000 1.201357 0.000000
1000 61.046181 0.410962 60.129467 -0.170500 0.000000 0.676256 0.000000
1500 64.328484 1.244247 62.082390 0.000000 0.000000 1.001850 0.000000
2000 66.034531 0.599244 64.355064 0.000000 0.000000 1.080226 0.000000
2500 67.429222 1.241269 65.356071 0.000000 0.000000 0.831879 0.000000
3000 74.056763 0.456694 72.462349 0.000000 0.000000 1.137719 0.000000
3500 73.412033 0.444151 71.948677 0.000000 0.000000 1.019204 0.000000
4000 72.859604 0.428440 71.444794 0.000000 0.000000 0.986370 0.000000
4500 63.135098 0.864393 60.878353 -0.150748 0.000000 1.543100 0.000000
5000 59.721024 1.044784 65.837654 -2.355014 -5.590321 0.783916 0.000000
500 82.000954 0.561616 80.242134 0.000000 0.000000 1.197208 0.000000
1000 54.567375 0.338708 61.501003 -3.145144 -5.009876 0.882686 0.000000
1500 49.529877 0.419205 64.418968 -2.178934 -14.188591 1.059227 0.000000
2000 61.901546 0.701468 76.770973 -2.185687 -14.624844 1.239632 0.000000
2500 67.574356 0.397699 75.464798 -1.471642 -7.882187 1.065688 0.000000
3000 44.740139 0.626262 56.397617 -1.427054 -11.909663 1.052978 0.000000
3500 57.256836 1.100094 61.712563 -1.667512 -4.899981 1.011674 0.000000
4000 65.320580 0.439891 66.166466 -0.237413 -2.152752 1.104395 0.000000
4500 74.893768 0.404906 73.437897 -0.058795 0.000000 1.109755 0.000000
5000 39.162811 0.599224 59.031265 -4.159461 -17.129463 0.821247 0.000000
500 39.016300 0.493145 59.545677 -7.498052 -14.383221 0.858750 0.000000
1000 41.497448 0.484919 59.322159 -6.907119 -12.168273 0.765761 0.000000
1500 48.596230 1.515155 61.221638 -1.844818 -13.059488 0.763741 0.000000
2000 47.352135 0.917357 58.439365 -2.288390 -10.526253 0.810054 0.000000
2500 35.150551 0.490886 54.694229 -2.752951 -18.167377 0.885761 0.000000
3000 41.727200 0.670293 61.012810 -4.726545 -16.028786 0.799429 0.000000
3500 30.968559 0.480935 56.272388 -5.061412 -21.487457 0.764107 0.000000
4000 36.899292 0.364731 58.905235 -5.977519 -17.181179 0.788027 0.000000
4500 43.628544 0.273429 65.095169 -6.439496 -16.060354 0.759794 0.000000
5000 36.085350 1.076744 56.983868 -5.861831 -16.825611 0.712183 0.000000
500 42.681187 0.579595 60.764252 -6.767503 -12.612432 0.717273 0.000000
1000 52.659592 0.684727 64.475586 -4.543388 -8.851811 0.894481 0.000000
1500 32.399624 0.540207 56.639839 -7.437721 -18.152241 0.809541 0.000000
2000 46.237907 1.284393 66.539108 -7.794322 -14.661878 0.870605 0.000000
2500 33.851177 0.399996 51.997009 -6.510346 -12.822133 0.786650 0.000000
3000 45.792564 0.558122 66.539749 -5.182103 -16.881935 0.758732 0.000000
3500 41.796597 1.070855 58.134377 -4.527686 -13.861911 0.980965 0.000000
4000 37.362015 0.537936 61.231815 -6.216892 -18.897392 0.706548 0.000000
4500 34.263275 0.619827 54.999912 -3.928336 -18.149418 0.721292 0.000000
5000 33.947159 0.566303 50.941662 -3.848053 -14.458272 0.745519 0.000000
500 31.330460 0.452055 55.386024 -7.600455 -18.043573 1.136408 0.000000
1000 47.653114 1.629240 65.043144 -5.652900 -14.780770 1.414399 0.000000
1500 50.529312 1.075457 69.274704 -4.797256 -15.904819 0.881229 0.000000
2000 48.103416 1.163605 68.443855 -4.950832 -17.453033 0.899818 0.000000
2500 37.283150 1.029631 53.871162 -5.715361 -12.767878 0.865593 0.000000
3000 31.497009 0.772657 53.534962 -7.068579 -16.871250 1.129223 0.000000
3500 35.513527 1.253759 50.646534 -7.165135 -10.042885 0.821255 0.000000
4000 46.368793 0.431006 59.344181 -3.777716 -10.450739 0.822065 0.000000
4500 45.661037 1.174945 62.363266 -3.827906 -15.151212 1.101943 0.000000
5000 47.470928 0.565217 63.440163 -3.324032 -14.346129 1.135712 0.000000
500 42.815414 0.395579 57.340076 -4.214788 -11.801678 1.096225 0.000000
1000 45.504463 0.852154 63.109825 -3.779209 -15.545126 0.866821 0.000000
1500 45.225163 0.419368 64.814522 -2.639720 -18.259045 0.890041 0.000000
2000 49.614460 0.897126 59.518684 -1.021981 -10.695992 0.916621 0.000000
2500 43.322903 0.566516 60.929310 -1.057382 -18.077372 0.961828 0.000000
3000 47.177662 0.819267 64.638626 -2.022505 -17.102982 0.845255 0.000000
3500 43.857346 0.686830 60.958027 -2.652788 -15.828681 0.693961 0.000000
4000 49.533531 1.582633 61.073826 -1.891197 -11.956624 0.724890 0.000000
4500 42.966221 0.678450 61.084358 -4.142888 -15.534119 0.880418 0.000000
5000 29.891665 0.556876 56.889507 -6.065394 -22.360445 0.871120 0.000000
500 36.803452 0.790264 54.891762 -6.200997 -13.598572 0.920995 0.000000
1000 26.351721 1.901750 43.803871 -3.540373 -16.742926 0.929402 0.000000
1500 51.181721 1.670660 68.389870 -3.473397 -16.389565 0.984150 0.000000
2000 51.937420 0.774708 64.400002 -2.261736 -12.312199 1.336643 0.000000
2500 38.220291 0.708276 57.699173 -4.211203 -17.081772 1.105819 0.000000
3000 68.688972 3.742491 78.646545 -1.524183 -13.138872 0.962987 0.000000
3500 54.627708 0.856400 63.210125 -2.576197 -7.853747 0.991128 0.000000
4000 65.864204 0.470336 64.582825 -0.076183 0.000000 0.887226 0.000000
4500 66.161888 0.522905 64.495132 0.000000 0.000000 1.143850 0.000000
5000 48.341125 0.605271 60.159641 -3.294408 -10.012848 0.883468 0.000000
500 71.088661 0.926034 68.970680 -0.075608 0.000000 1.267553 0.000000
1000 65.310555 1.683396 63.220760 -0.340908 0.000000 0.747299 0.000000
1500 68.205849 2.517516 74.982208 -5.452518 -4.633806 0.792444 0.000000
2000 59.070404 0.396295 66.395142 -3.443053 -5.134474 0.856497 0.000000
2500 74.560921 0.527951 73.016090 0.000000 0.000000 1.016878 0.000000
3000 74.059837 0.383611 72.450661 0.000000 0.000000 1.225562 0.000000
3500 64.361465 0.863331 68.990936 -1.990090 -4.672068 1.169356 0.000000
4000 48.254612 0.290697 52.960110 -0.982375 -5.022460 1.008643 0.000000
4500 57.606968 0.350425 62.611969 -2.381703 -3.959565 0.985840 0.000000
5000 63.512478 0.788281 76.355858 -4.277585 -10.621622 1.267545 0.000000
500 55.196735 0.555626 64.808456 -4.793535 -6.118367 0.744551 0.000000
1000 39.580925 0.468345 62.646870 -4.284710 -20.051563 0.801981 0.000000
1500 55.011078 0.474663 72.674911 -5.221011 -13.826298 0.908811 0.000000
2000 45.185032 0.419482 64.486336 -6.426418 -14.053424 0.759060 0.000000
2500 38.292774 0.550582 63.013760 -6.986429 -19.090832 0.805692 0.000000
3000 33.010517 0.311045 55.721886 -7.468957 -16.378975 0.825514 0.000000
3500 43.036102 0.515365 65.839149 -4.857922 -19.357533 0.897042 0.000000
4000 47.446987 0.538576 63.722012 -5.169261 -12.584155 0.939814 0.000000
4500 37.833973 0.438888 54.470154 -6.025784 -11.760733 0.711444 0.000000
5000 34.989811 0.536757 56.334187 -5.713798 -17.094467 0.927132 0.000000
500 61.340641 1.040267 67.894081 -0.133046 -8.734707 1.274050 0.000000
1000 73.958092 0.417797 73.368187 -0.612090 0.000000 0.784201 0.000000
1500 75.538109 1.605275 72.986465 0.000000 0.000000 0.946366 0.000000
2000 54.249802 2.266138 63.234447 -2.764323 -9.542352 1.055890 0.000000
2500 48.440544 0.671006 55.258076 -2.860206 -5.610202 0.981872 0.000000
3000 66.176682 0.566096 66.861107 -2.203506 0.000000 0.952984 0.000000
3500 61.458500 1.195111 60.990902 -1.529638 0.000000 0.802123 0.000000
4000 70.936081 0.329474 69.727150 0.000000 0.000000 0.879454 0.000000
4500 62.916065 0.579776 69.771721 -0.869900 -7.713916 1.148393 0.000000
5000 78.330948 0.966330 76.418091 0.000000 0.000000 0.946526 0.000000
500 61.916962 0.409686 60.627422 0.000000 0.000000 0.879852 0.000000
1000 69.169754 0.673702 67.307159 0.000000 0.000000 1.188896 0.000000
1500 76.401520 0.794518 74.371414 0.000000 0.000000 1.235587 0.000000
2000 53.053875 0.705699 64.020309 -3.226766 -9.164186 0.718824 0.000000
2500 52.024696 0.473175 63.277802 -2.168497 -10.234129 0.676346 0.000000
3000 49.767338 0.699502 60.443344 -4.678280 -7.460927 0.763697 0.000000
3500 47.120277 1.073717 58.957188 -3.897305 -9.864830 0.851505 0.000000
4000 53.872040 0.486087 56.696693 -4.110690 0.000000 0.799949 0.000000
4500 38.124763 0.833321 54.793213 -5.458534 -12.922489 0.879255 0.000000
5000 54.962723 0.595817 64.414917 -5.627660 -5.396834 0.976482 0.000000
500 60.298859 0.586372 64.158417 -1.521114 -4.151215 1.226398 0.000000
1000 37.248253 0.366186 53.679691 -2.564637 -15.341944 1.108954 0.000000
1500 52.499096 0.401141 60.891975 -1.651179 -8.171227 1.028385 0.000000
2000 39.041039 0.598559 60.685154 -5.628711 -17.481560 0.867596 0.000000
2500 41.608803 0.471379 59.343792 -3.944810 -15.165116 0.903558 0.000000
3000 44.187408 0.532952 65.192741 -5.925407 -16.674183 1.061305 0.000000
3500 43.589115 0.554752 60.105412 -5.396431 -12.842961 1.168343 0.000000
4000 59.005272 0.836579 64.675072 -3.585838 -3.895082 0.974540 0.000000
4500 49.166218 0.641149 59.365929 -5.466613 -6.449029 1.074783 0.000000
5000 53.058243 1.934421 67.293190 -3.556531 -13.634830 1.021997 0.000000
500 40.189373 0.275411 63.409729 -6.843228 -17.517805 0.865269 0.000000
1000 49.947147 0.496187 74.901634 -6.307723 -19.957888 0.814936 0.000000
1500 50.566299 0.428885 67.390327 -3.968343 -14.170263 0.885688 0.000000
2000 30.822178 0.380637 54.216156 -9.142538 -15.481161 0.849085 0.000000
2500 38.706436 0.526132 62.467941 -7.895037 -17.226152 0.833557 0.000000
3000 35.147961 0.519497 60.144447 -6.908312 -19.387201 0.779530 0.000000
3500 39.025326 0.629207 64.208801 -7.063395 -19.520931 0.771650 0.000000
4000 46.042484 0.473190 69.391411 -6.282622 -18.369207 0.829714 0.000000
4500 36.653370 0.327968 55.977928 -5.321948 -15.256660 0.926084 0.000000
5000 49.326233 0.470014 70.450996 -6.259202 -16.254435 0.918854 0.000000
500 45.631813 0.785611 60.749809 -2.471085 -14.580030 1.147506 0.000000
1000 41.218460 1.507725 59.254299 -2.414981 -18.199198 1.070619 0.000000
1500 43.168488 0.458194 62.608379 -4.244893 -16.492653 0.839459 0.000000
2000 30.166901 0.449852 49.590382 -3.861121 -16.893631 0.881420 0.000000
2500 42.690430 0.528735 61.294643 -4.659988 -15.384964 0.912002 0.000000
3000 49.568081 0.521737 65.503029 -3.904522 -13.569525 1.017362 0.000000
3500 60.866917 0.565683 59.455868 0.000000 0.000000 0.845368 0.000000
4000 74.066216 1.075722 72.106750 0.000000 0.000000 0.883741 0.000000
4500 67.364189 0.988991 66.341560 -0.964383 0.000000 0.998024 0.000000
5000 70.066940 1.615914 67.426758 0.000000 0.000000 1.024273 0.000000
500 48.569359 1.070961 60.692348 -3.684995 -10.882548 1.373593 0.000000
1000 48.210373 0.822343 58.741707 -2.720802 -9.786350 1.153476 0.000000
1500 42.216789 0.853376 59.978889 -2.695426 -17.089521 1.169472 0.000000
2000 48.515331 0.455334 60.031845 -4.670116 -8.606274 1.304544 0.000000
2500 52.250603 0.881167 65.045685 -2.802715 -11.951239 1.077706 0.000000
3000 55.327595 0.386492 68.491905 -4.791192 -9.802561 1.042948 0.000000
3500 45.232006 0.875889 62.299656 -4.924664 -13.966119 0.947241 0.000000
4000 61.692009 0.294370 70.879402 -4.444205 -5.884459 0.846903 0.000000
4500 45.883045 0.398566 58.534054 -3.936759 -9.906393 0.793574 0.000000
5000 44.559135 0.492515 62.549782 -5.959995 -13.301533 0.778367 0.000000
500 47.553505 1.165242 59.020130 -2.977163 -10.448093 0.793388 0.000000
1000 49.544655 0.494449 62.613834 -2.648681 -11.612307 0.697357 0.000000
1500 47.306080 1.217541 54.805538 -4.232193 -5.352828 0.868021 0.000000
2000 67.036980 1.422042 64.810707 0.000000 0.000000 0.804227 0.000000
2500 60.317608 0.710691 65.850471 -2.167208 -4.895742 0.819391 0.000000
3000 63.631119 0.718127 62.339520 -0.151492 0.000000 0.724964 0.000000
3500 44.563904 0.631677 56.647278 -3.300801 -10.253448 0.839199 0.000000
4000 48.662258 0.399656 63.247402 -1.623213 -14.171181 0.809592 0.000000
4500 48.885845 0.431903 56.783989 -1.248092 -7.954483 0.872529 0.000000
5000 50.283287 0.293209 74.718262 -4.172578 -21.412109 0.856508 0.000000
500 70.749107 0.837959 68.353035 -0.076649 0.000000 1.634760 0.000000
1000 67.896736 0.516233 72.705193 -1.182143 -5.013911 0.871358 0.000000
1500 76.167053 0.529447 77.409286 -2.767205 0.000000 0.995522 0.000000
2000 71.443405 0.735856 69.456444 0.000000 0.000000 1.251107 0.000000
2500 67.839821 0.646574 66.711319 -0.344364 0.000000 0.826283 0.000000
3000 69.281494 0.466019 67.750481 0.000000 0.000000 1.064994 0.000000
3500 73.787399 0.401810 72.559105 0.000000 0.000000 0.826486 0.000000
4000 68.056671 1.246989 65.880615 0.000000 0.000000 0.929067 0.000000
4500 69.791931 0.334112 69.607887 -1.004600 0.000000 0.854531 0.000000
5000 72.706703 0.476664 71.169876 -0.094966 0.000000 1.155128 0.000000
500 64.156860 0.958494 62.385059 0.000000 0.000000 0.813309 0.000000
1000 78.682060 0.402491 77.208244 0.000000 0.000000 1.071326 0.000000
1500 73.212502 0.719830 71.337219 0.000000 0.000000 1.155447 0.000000
2000 69.178398 0.590493 67.717705 0.000000 0.000000 0.870201 0.000000
2500 81.406326 0.555465 79.802223 0.000000 0.000000 1.048640 0.000000
3000 59.800503 0.447453 62.321613 -1.341844 -2.401247 0.774526 0.000000
3500 66.832283 0.567108 65.134171 -0.062620 0.000000 1.193630 0.000000
4000 61.529865 1.179371 65.238342 -2.397105 -3.550732 1.059982 0.000000
4500 70.188858 0.535077 69.617447 -0.797962 0.000000 0.834292 0.000000
5000 78.027832 1.262735 75.612083 0.000000 0.000000 1.153017 0.000000
500 70.760201 0.345363 72.915192 -0.954438 -2.503538 0.957630 0.000000
1000 79.037361 0.603083 77.556717 0.000000 0.000000 0.877565 0.000000
1500 75.755280 1.004831 73.623413 0.000000 0.000000 1.127036 0.000000
2000 72.642952 0.504365 71.469444 0.000000 0.000000 0.669144 0.000000
2500 67.962677 0.800813 66.429527 -0.299972 0.000000 1.032312 0.000000
3000 63.450333 0.686945 66.119133 -1.679874 -2.417702 0.741830 0.000000
3500 70.607597 0.639208 69.246803 -0.085924 0.000000 0.807512 0.000000
4000 74.002762 0.631212 71.877289 -0.049486 0.000000 1.543744 0.000000
4500 71.516037 0.409910 70.334221 -0.224865 0.000000 0.996775 0.000000
5000 77.315781 0.570781 75.728539 0.000000 0.000000 1.016466 0.000000
500 65.301529 0.818969 63.511600 0.000000 0.000000 0.970962 0.000000
1000 64.353836 0.686191 62.870022 0.000000 0.000000 0.797626 0.000000
1500 54.267773 0.592731 62.380184 -0.475297 -9.084500 0.854653 0.000000
2000 64.846413 1.513002 75.759346 -0.628340 -12.807898 1.010304 0.000000
2500 67.434883 0.414842 65.789574 0.000000 0.000000 1.230471 0.000000
3000 61.773888 0.532221 60.466145 -0.173623 0.000000 0.949148 0.000000
3500 75.473824 0.725269 73.637100 -0.028229 0.000000 1.139686 0.000000
4000 66.545326 0.466085 65.156631 -0.029142 0.000000 0.951753 0.000000
4500 74.408173 0.626636 72.814163 0.000000 0.000000 0.967375 0.000000
5000 63.091167 0.457988 63.213642 -1.498118 0.000000 0.917656 0.000000
