500 72.634506 0.949952 70.992218 -0.119445 0.000000 0.811779 0.000000
1000 61.141266 0.361812 59.877449 0.000000 0.000000 0.902003 0.000000
1500 63.362507 0.812817 61.730621 0.000000 0.000000 0.819068 0.000000
2000 78.341888 0.677199 80.189041 -0.207247 -3.681626 1.364521 0.000000
2500 59.485130 0.546769 57.989292 0.000000 0.000000 0.949069 0.000000
3000 64.180725 0.216628 63.168919 0.000000 0.000000 0.795180 0.000000
3500 76.733902 0.770861 74.743530 0.000000 0.000000 1.219514 0.000000
4000 70.892532 0.580596 69.133865 -0.056086 0.000000 1.234154 0.000000
4500 73.507759 0.555454 71.953346 0.000000 0.000000 0.998966 0.000000
5000 71.417297 0.988223 69.570770 0.000000 0.000000 0.858305 0.000000
500 80.545998 1.408379 77.865486 -0.182313 0.000000 1.454442 0.000000
1000 72.689331 0.538728 71.362350 0.000000 0.000000 0.788251 0.000000
1500 71.090172 0.582999 69.759109 -0.239265 0.000000 0.987324 0.000000
2000 83.337166 1.757464 80.670769 -0.075798 0.000000 0.984733 0.000000
2500 53.773769 0.579275 63.847351 -2.794054 -8.691217 0.832418 0.000000
3000 83.973885 3.095732 79.518784 -0.032036 0.000000 1.391404 0.000000
3500 53.239323 0.761046 60.500565 -0.188221 -8.816788 0.982721 0.000000
4000 68.988396 1.182936 67.046181 0.000000 0.000000 0.759280 0.000000
4500 68.525436 0.815962 66.973297 0.000000 0.000000 0.736172 0.000000
5000 66.730415 1.076407 64.739639 0.000000 0.000000 0.914368 0.000000
500 66.959030 0.730208 65.040062 0.000000 0.000000 1.188762 0.000000
1000 76.551018 1.468007 74.121284 0.000000 0.000000 0.961727 0.000000
1500 62.156013 0.717008 66.267509 -2.346005 -3.404895 0.922396 0.000000
2000 67.102737 0.568852 65.455757 0.000000 0.000000 1.078123 0.000000
2500 77.827950 1.418313 75.312889 0.000000 0.000000 1.096746 0.000000
3000 81.467239 0.601138 79.854988 0.000000 0.000000 1.011114 0.000000
3500 69.370720 1.163774 67.416107 -0.133522 0.000000 0.924360 0.000000
4000 70.647179 1.102393 68.724869 0.000000 0.000000 0.819918 0.000000
4500 73.786034 4.706879 75.788284 -3.514507 -4.429528 1.234905 0.000000
5000 66.077621 2.491929 72.984680 -2.607121 -7.911608 1.119732 0.000000
500 62.740318 0.585157 72.345085 -3.493737 -7.622051 0.925861 0.000000
1000 61.174877 0.632899 69.907364 -2.041262 -8.282401 0.958278 0.000000
1500 76.367447 1.013723 74.575455 -0.190521 0.000000 0.968788 0.000000
2000 61.353104 0.674786 59.363983 -0.046798 0.000000 1.361133 0.000000
2500 74.759079 1.982413 71.839333 0.000000 0.000000 0.937333 0.000000
3000 68.875832 2.253833 65.632866 0.000000 0.000000 0.989134 0.000000
3500 90.741516 0.943298 88.992752 0.000000 0.000000 0.805467 0.000000
4000 62.903664 2.434998 59.487801 -0.032061 0.000000 1.012929 0.000000
4500 81.416405 0.572761 79.997154 0.000000 0.000000 0.846486 0.000000
5000 82.871140 1.954938 78.748718 0.000000 0.000000 2.167479 0.000000
500 69.132454 0.772612 67.482834 0.000000 0.000000 0.877006 0.000000
1000 74.384193 1.412869 71.658775 -0.051453 0.000000 1.364001 0.000000
1500 78.136696 0.746370 76.430122 0.000000 0.000000 0.960201 0.000000
2000 60.082943 0.925106 58.270878 0.000000 0.000000 0.886959 0.000000
2500 74.812653 1.118494 72.647797 0.000000 0.000000 1.046361 0.000000
3000 62.531273 2.178663 59.455921 0.000000 0.000000 0.896689 0.000000
3500 76.902542 2.239308 73.786942 0.000000 0.000000 0.876286 0.000000
4000 72.336098 0.774763 71.340866 -0.662330 0.000000 0.882800 0.000000
4500 76.463638 0.618940 75.000885 0.000000 0.000000 0.843811 0.000000
5000 77.258369 0.681160 76.075241 -0.134286 0.000000 0.636250 0.000000
500 68.004959 0.674258 66.678154 -0.033765 0.000000 0.686315 0.000000
1000 63.421398 1.702762 60.878944 0.000000 0.000000 0.839690 0.000000
1500 74.721870 0.557869 73.425598 -0.034632 0.000000 0.773031 0.000000
2000 71.871376 0.408295 70.629684 0.000000 0.000000 0.833394 0.000000
2500 65.161751 0.403762 63.360802 0.000000 0.000000 1.397188 0.000000
3000 86.425713 0.989930 84.677605 0.000000 0.000000 0.758178 0.000000
3500 73.461548 0.823274 71.840797 0.000000 0.000000 0.797481 0.000000
4000 66.249130 0.555867 64.847702 0.000000 0.000000 0.845557 0.000000
4500 86.852211 0.918379 84.610146 0.000000 0.000000 1.323684 0.000000
5000 74.302315 1.726515 71.734871 0.000000 0.000000 0.840924 0.000000
500 71.735130 0.418045 72.515350 -2.009072 0.000000 0.810807 0.000000
1000 72.167587 0.653635 70.620987 0.000000 0.000000 0.892964 0.000000
1500 70.092934 0.927042 68.860970 -0.614734 0.000000 0.919652 0.000000
2000 65.664108 1.636530 62.631367 0.000000 0.000000 1.396206 0.000000
2500 68.039238 0.586496 66.718994 0.000000 0.000000 0.733753 0.000000
3000 72.262917 0.495782 70.496658 -0.028176 0.000000 1.298653 0.000000
3500 61.515854 0.439872 61.357517 -1.143637 0.000000 0.862103 0.000000
4000 67.998871 0.592975 66.866333 -0.370107 0.000000 0.909677 0.000000
4500 71.423622 0.445831 70.001251 0.000000 0.000000 0.976541 0.000000
5000 73.015068 0.459821 71.749985 0.000000 0.000000 0.805256 0.000000
500 72.690033 0.829022 71.011681 0.000000 0.000000 0.849325 0.000000
1000 76.271606 1.047391 74.252754 0.000000 0.000000 0.971458 0.000000
1500 73.773499 0.583504 72.316696 -0.080854 0.000000 0.954155 0.000000
2000 69.816727 0.480898 68.386566 0.000000 0.000000 0.949268 0.000000
2500 70.485321 0.513690 69.006149 0.000000 0.000000 0.965486 0.000000
3000 80.383423 0.836322 78.628891 0.000000 0.000000 0.918215 0.000000
3500 74.355385 1.900213 71.695351 0.000000 0.000000 0.759816 0.000000
4000 78.747292 0.573878 77.211761 0.000000 0.000000 0.961652 0.000000
4500 72.740211 0.505002 71.368988 0.000000 0.000000 0.866220 0.000000
5000 68.732269 1.256969 66.827507 -0.302284 0.000000 0.950077 0.000000
500 74.695312 0.426639 73.371460 0.000000 0.000000 0.897213 0.000000
1000 59.902443 0.485154 58.547108 -0.024500 0.000000 0.894684 0.000000
1500 66.170547 0.594296 64.271385 0.000000 0.000000 1.304866 0.000000
2000 61.775993 0.698470 60.193661 0.000000 0.000000 0.883863 0.000000
2500 69.359146 0.543526 69.755905 -1.666824 0.000000 0.726540 0.000000
3000 85.485481 1.247360 83.242310 -0.114752 0.000000 1.110564 0.000000
3500 67.336311 0.885930 65.578621 0.000000 0.000000 0.871754 0.000000
4000 62.607594 0.799375 60.983124 0.000000 0.000000 0.825097 0.000000
4500 76.879189 0.393787 75.532455 0.000000 0.000000 0.952953 0.000000
5000 69.719406 1.126863 67.862480 0.000000 0.000000 0.730061 0.000000
500 77.736290 0.380811 76.616554 0.000000 0.000000 0.738924 0.000000
1000 73.714165 0.638678 73.637901 -1.625128 0.000000 1.062713 0.000000
1500 63.092636 1.722426 69.522484 -3.902790 -5.105033 0.855545 0.000000
2000 70.571335 3.446209 72.935654 -1.835794 -5.139186 1.164452 0.000000
2500 63.728577 0.537829 62.240616 0.000000 0.000000 0.950131 0.000000
3000 63.748844 2.705467 62.325699 -2.074844 0.000000 0.792523 0.000000
3500 50.373867 1.005137 63.323429 -4.936345 -9.956346 0.937988 0.000000
4000 72.045799 0.267105 71.009460 0.000000 0.000000 0.769234 0.000000
4500 59.971550 0.624644 58.467461 -0.087575 0.000000 0.967017 0.000000
5000 68.010567 0.432451 69.526627 -2.989973 0.000000 1.041469 0.000000
500 54.092575 1.634180 64.672638 -1.168805 -11.908815 0.863379 0.000000
1000 69.179253 0.431237 77.620705 -2.654111 -6.927358 0.708787 0.000000
1500 72.630035 0.364954 71.506004 0.000000 0.000000 0.759079 0.000000
2000 70.427971 1.828197 68.874855 -1.050234 0.000000 0.775153 0.000000
2500 60.940250 0.464095 65.473488 -0.826797 -5.128531 0.957997 0.000000
3000 64.855774 0.481407 68.406837 -0.440312 -4.744291 1.152136 0.000000
3500 64.108650 1.260572 61.955494 0.000000 0.000000 0.892589 0.000000
4000 73.889656 0.592433 72.495209 -0.029971 0.000000 0.831985 0.000000
4500 68.052071 0.664624 66.566620 0.000000 0.000000 0.820827 0.000000
5000 72.461388 0.746703 70.703697 0.000000 0.000000 1.010986 0.000000
500 80.387276 0.783969 78.696335 0.000000 0.000000 0.906974 0.000000
1000 71.972168 0.601089 70.562775 0.000000 0.000000 0.808303 0.000000
1500 62.353134 0.563564 62.266624 -1.256921 0.000000 0.779866 0.000000
2000 67.053825 0.410701 65.655876 0.000000 0.000000 0.987252 0.000000
2500 68.440407 1.048844 72.173317 -1.456321 -4.061514 0.736083 0.000000
3000 70.304939 1.791107 67.612434 0.000000 0.000000 0.901400 0.000000
3500 75.110222 0.728591 73.401749 0.000000 0.000000 0.979885 0.000000
4000 75.666061 0.702373 74.111092 0.000000 0.000000 0.852602 0.000000
4500 73.960289 0.624467 72.499458 0.000000 0.000000 0.836363 0.000000
5000 67.813286 0.385311 66.688103 0.000000 0.000000 0.739874 0.000000
500 63.141407 0.508302 62.433258 -0.755249 0.000000 0.955097 0.000000
1000 87.997429 0.864759 86.126099 0.000000 0.000000 1.006568 0.000000
1500 66.809387 0.681039 66.427376 -1.283037 0.000000 0.984011 0.000000
2000 66.511742 1.617294 64.168007 0.000000 0.000000 0.726437 0.000000
2500 65.323021 0.720956 63.394112 0.000000 0.000000 1.207957 0.000000
3000 65.497475 0.666068 63.734077 0.000000 0.000000 1.097325 0.000000
3500 68.920555 0.754494 66.943314 -0.037609 0.000000 1.260354 0.000000
4000 82.506798 2.101798 79.525276 0.000000 0.000000 0.879726 0.000000
4500 61.279354 0.404041 60.114243 0.000000 0.000000 0.761070 0.000000
5000 63.830921 0.614773 62.295658 0.000000 0.000000 0.920491 0.000000
500 86.295967 0.915407 84.361176 0.000000 0.000000 1.019389 0.000000
1000 79.861862 1.001232 79.225067 -1.248853 0.000000 0.884415 0.000000
1500 65.043518 0.298994 64.001610 0.000000 0.000000 0.742914 0.000000
2000 62.205051 0.521838 60.757053 0.000000 0.000000 0.926160 0.000000
2500 67.591064 0.737918 66.111549 0.000000 0.000000 0.741597 0.000000
3000 69.372246 0.998706 67.125404 0.000000 0.000000 1.248137 0.000000
3500 88.807388 0.746587 87.822571 -0.689225 0.000000 0.927452 0.000000
4000 73.620201 1.309787 71.539749 0.000000 0.000000 0.770666 0.000000
4500 68.563835 0.590588 67.157639 -0.120161 0.000000 0.935772 0.000000
5000 69.418060 0.873276 67.739883 0.000000 0.000000 0.804902 0.000000
500 73.282272 0.947760 71.559586 -0.065142 0.000000 0.840065 0.000000
1000 73.245972 0.639349 72.455109 -0.839144 0.000000 0.990655 0.000000
1500 55.491432 0.556641 54.227665 0.000000 0.000000 0.707127 0.000000
2000 71.506721 0.654212 70.051376 0.000000 0.000000 0.801135 0.000000
2500 71.296875 0.751063 69.604599 0.000000 0.000000 0.941219 0.000000
3000 69.662674 0.606473 68.129715 0.000000 0.000000 0.926480 0.000000
3500 72.353844 1.315408 70.273483 0.000000 0.000000 0.764956 0.000000
4000 78.441742 0.618989 77.104935 0.000000 0.000000 0.717821 0.000000
4500 63.709240 0.340596 66.958771 -1.786773 -2.532702 0.729348 0.000000
5000 51.777412 0.380893 67.678490 -2.014549 -15.009839 0.742419 0.000000
500 51.196117 1.355762 62.707466 -0.895640 -12.642535 0.671070 0.000000
1000 60.151676 0.991713 71.675888 -1.845235 -11.438128 0.767438 0.000000
1500 49.142086 0.622875 68.717323 -3.337134 -17.734844 0.873871 0.000000
2000 52.215359 0.403098 62.786388 -3.189557 -8.765635 0.981064 0.000000
2500 58.828758 0.700939 67.791611 -2.290164 -8.091065 0.717436 0.000000
3000 54.295300 0.586464 59.268280 -1.736656 -4.696683 0.873894 0.000000
3500 40.736774 0.330034 50.744465 -2.583106 -8.617592 0.862976 0.000000
4000 65.273628 0.446396 64.478996 -0.789869 0.000000 1.138109 0.000000
4500 74.167885 0.868214 72.209145 -0.104946 0.000000 1.195463 0.000000
5000 74.969902 0.734874 73.336296 0.000000 0.000000 0.898732 0.000000
500 83.211151 0.693080 81.334938 -0.078650 0.000000 1.261790 0.000000
1000 78.790848 0.610697 77.391090 0.000000 0.000000 0.789066 0.000000
1500 70.306946 0.423255 69.114326 0.000000 0.000000 0.769364 0.000000
2000 75.488892 1.727643 72.958565 0.000000 0.000000 0.802683 0.000000
2500 54.817802 0.601493 63.974483 -1.852060 -8.780762 0.874650 0.000000
3000 72.544159 0.629677 70.734077 0.000000 0.000000 1.180404 0.000000
3500 74.106148 0.890641 72.430931 0.000000 0.000000 0.784580 0.000000
4000 70.893738 2.039290 67.788368 0.000000 0.000000 1.066078 0.000000
4500 69.682549 0.615646 68.040146 0.000000 0.000000 1.026758 0.000000
5000 68.281136 1.215723 66.390961 -0.305226 0.000000 0.979686 0.000000
500 75.662598 0.817905 73.854218 0.000000 0.000000 0.990481 0.000000
1000 63.878151 0.473598 62.576672 -0.061508 0.000000 0.889390 0.000000
1500 79.177124 0.895947 77.806557 -0.422734 0.000000 0.897353 0.000000
2000 86.031364 0.441397 84.756859 0.000000 0.000000 0.833106 0.000000
2500 72.835823 0.206987 71.412392 0.000000 0.000000 1.216449 0.000000
3000 67.399475 0.669293 66.230988 -0.479633 0.000000 0.978817 0.000000
3500 69.374916 1.732456 66.850609 0.000000 0.000000 0.791852 0.000000
4000 62.202122 1.235668 59.932819 0.000000 0.000000 1.033633 0.000000
4500 60.263416 0.856312 58.581470 0.000000 0.000000 0.825634 0.000000
5000 81.415100 0.567369 80.106697 0.000000 0.000000 0.741039 0.000000
500 50.844135 1.012705 63.128799 -3.525465 -11.147152 1.375247 0.000000
1000 64.723877 1.467621 74.299538 -3.051231 -8.921685 0.929631 0.000000
1500 46.162678 0.517314 62.637489 -4.680515 -13.319513 1.007899 0.000000
2000 67.068382 0.598378 73.768959 -2.637878 -5.811092 1.150019 0.000000
2500 75.218018 1.278563 72.799820 0.000000 0.000000 1.139632 0.000000
3000 68.503609 0.432427 67.236496 0.000000 0.000000 0.834683 0.000000
3500 75.415985 0.397733 74.233849 0.000000 0.000000 0.784400 0.000000
4000 78.521400 0.769155 77.102219 0.000000 0.000000 0.650023 0.000000
4500 67.681877 0.328213 66.524727 0.000000 0.000000 0.828932 0.000000
5000 69.482399 1.618201 67.173058 -0.056096 0.000000 0.747238 0.000000
500 71.816689 1.258322 69.153389 0.000000 0.000000 1.404975 0.000000
1000 76.314133 0.670165 74.801247 0.000000 0.000000 0.842723 0.000000
1500 71.497894 0.421213 69.857704 0.000000 0.000000 1.218981 0.000000
2000 58.059353 0.398418 63.726620 -1.699461 -5.350721 0.984492 0.000000
2500 67.418152 0.432941 66.110405 0.000000 0.000000 0.874812 0.000000
3000 72.747551 0.419151 71.470543 0.000000 0.000000 0.857854 0.000000
3500 63.527515 2.749918 60.732174 -0.747202 0.000000 0.792623 0.000000
4000 68.466919 0.503643 71.722488 -0.750590 -3.885195 0.876564 0.000000
4500 68.873825 0.517728 68.286484 -0.971980 0.000000 1.041586 0.000000
5000 67.254799 0.935090 65.620049 0.000000 0.000000 0.699663 0.000000
500 68.555046 0.501584 67.248161 0.000000 0.000000 0.805300 0.000000
1000 85.232391 0.847546 82.994102 0.000000 0.000000 1.390742 0.000000
1500 62.168011 0.544690 66.890030 -1.288195 -5.085809 1.107288 0.000000
2000 64.442719 0.475225 63.059708 0.000000 0.000000 0.907786 0.000000
2500 73.033127 0.599645 71.562149 0.000000 0.000000 0.871327 0.000000
3000 77.998795 0.333688 76.534492 0.000000 0.000000 1.130613 0.000000
3500 71.739357 0.751324 70.139145 0.000000 0.000000 0.848888 0.000000
4000 79.389542 0.721458 77.471039 0.000000 0.000000 1.197048 0.000000
4500 85.337837 0.631824 83.915878 0.000000 0.000000 0.790139 0.000000
5000 72.638130 0.843447 71.050415 -0.089761 0.000000 0.834034 0.000000
500 73.141106 0.541433 71.606354 0.000000 0.000000 0.993318 0.000000
1000 59.878227 2.342597 64.892403 -0.183603 -8.287213 1.114039 0.000000
1500 65.842545 0.649929 64.293671 0.000000 0.000000 0.898948 0.000000
2000 69.461609 0.430865 68.730301 -0.564613 0.000000 0.865062 0.000000
2500 76.589325 0.684508 74.909111 0.000000 0.000000 0.995705 0.000000
3000 76.446983 0.797686 75.002335 -0.113185 0.000000 0.760150 0.000000
3500 73.936852 0.678421 72.387421 0.000000 0.000000 0.871009 0.000000
4000 72.536934 0.761176 71.057434 0.000000 0.000000 0.718325 0.000000
4500 79.003227 1.136115 76.920502 0.000000 0.000000 0.946613 0.000000
5000 72.240662 0.423904 71.054703 0.000000 0.000000 0.762058 0.000000
500 78.894691 0.743166 77.677490 -0.371120 0.000000 0.845152 0.000000
1000 70.894753 0.796059 69.368919 0.000000 0.000000 0.729774 0.000000
1500 81.129738 2.378265 77.971634 -0.185522 0.000000 0.965365 0.000000
2000 63.847404 0.762162 62.142624 -0.044124 0.000000 0.986744 0.000000
2500 69.267830 1.351951 67.623260 -0.417361 0.000000 0.709977 0.000000
3000 62.066116 0.826360 60.236706 0.000000 0.000000 1.003052 0.000000
3500 72.100410 1.069045 70.104431 0.000000 0.000000 0.926931 0.000000
4000 74.741173 0.559267 73.503189 -0.164796 0.000000 0.843514 0.000000
4500 73.378578 0.605077 75.658585 -0.287039 -3.485990 0.887950 0.000000
5000 68.874290 1.496108 66.631683 0.000000 0.000000 0.746500 0.000000
500 45.811497 0.566207 55.483017 -3.138268 -7.900910 0.801447 0.000000
1000 45.190826 0.704997 54.140854 -2.452069 -8.221737 1.018781 0.000000
1500 37.746529 0.410216 52.510597 -3.762333 -12.482393 1.070442 0.000000
2000 51.483894 0.893960 57.118149 -2.544793 -5.186726 1.203306 0.000000
2500 45.840248 0.731625 59.813351 -3.720271 -11.794535 0.810082 0.000000
3000 47.918476 0.531612 60.402836 -1.631429 -12.832803 1.448257 0.000000
3500 53.489120 2.703722 61.176270 -3.358779 -8.059981 1.027889 0.000000
4000 51.346596 0.678513 61.831982 -3.318109 -8.844010 0.998218 0.000000
4500 51.601780 0.565834 65.085876 -4.933183 -10.163041 1.046293 0.000000
5000 41.712612 0.393930 56.524090 -4.332733 -11.776162 0.903488 0.000000
500 86.316605 1.031904 84.552048 -0.045420 0.000000 0.778070 0.000000
1000 69.964012 1.420706 67.634941 -0.146279 0.000000 1.054645 0.000000
1500 65.527122 0.621155 64.062538 0.000000 0.000000 0.843430 0.000000
2000 77.107971 0.231397 75.953697 0.000000 0.000000 0.922876 0.000000
2500 64.622681 1.215472 62.744350 -0.230051 0.000000 0.892914 0.000000
3000 81.210709 0.917887 79.147751 0.000000 0.000000 1.145074 0.000000
3500 73.719749 0.790374 71.912025 0.000000 0.000000 1.017349 0.000000
4000 61.894852 2.045795 59.095791 0.000000 0.000000 0.753265 0.000000
4500 73.246414 1.557784 70.909851 -0.091757 0.000000 0.870535 0.000000
5000 69.338982 0.979912 76.188492 -3.378248 -5.486450 1.035282 0.000000
500 79.816200 0.541749 79.003845 -0.717610 0.000000 0.988222 0.000000
1000 65.406616 0.493584 64.117355 0.000000 0.000000 0.795678 0.000000
1500 74.178741 1.211135 72.073509 0.000000 0.000000 0.894093 0.000000
2000 76.270897 1.973979 73.277290 0.000000 0.000000 1.019628 0.000000
2500 65.053185 0.320618 68.147522 -0.413098 -3.822650 0.820795 0.000000
3000 66.416489 1.044322 64.592865 0.000000 0.000000 0.779305 0.000000
3500 74.601067 0.592991 73.549065 -0.966412 0.000000 1.425423 0.000000
4000 79.903053 0.539311 78.509132 0.000000 0.000000 0.854604 0.000000
4500 60.013771 1.244618 57.833630 0.000000 0.000000 0.935523 0.000000
5000 65.832855 0.600223 64.434845 0.000000 0.000000 0.797792 0.000000
500 58.650723 0.549374 69.948715 -4.254759 -8.559593 0.966983 0.000000
1000 53.799229 1.876791 66.730583 -4.889797 -10.979935 1.061586 0.000000
1500 48.738201 0.828267 68.840256 -3.640203 -18.207890 0.917771 0.000000
2000 39.122463 2.346432 54.830307 -4.583724 -14.378493 0.907942 0.000000
2500 64.884598 2.877873 70.982018 -5.033707 -4.758923 0.817334 0.000000
3000 60.471767 0.842421 69.947105 -5.266584 -6.031057 0.979880 0.000000
3500 56.171543 1.057896 71.757248 -6.160543 -11.441562 0.958512 0.000000
4000 37.365326 0.329888 50.412796 -6.282762 -7.968626 0.874032 0.000000
4500 40.872757 0.506778 57.734295 -6.490687 -11.624507 0.746880 0.000000
5000 36.948360 0.888657 52.503399 -6.208447 -11.070510 0.835264 0.000000
500 70.987099 0.493440 69.387924 -0.035118 0.000000 1.140851 0.000000
1000 69.520248 0.687152 69.101135 -1.089596 0.000000 0.821566 0.000000
1500 63.324162 0.747479 61.848324 0.000000 0.000000 0.728359 0.000000
2000 67.132927 0.626751 65.517395 0.000000 0.000000 0.988774 0.000000
2500 69.787933 0.695843 68.254181 -0.070889 0.000000 0.908802 0.000000
3000 66.582047 0.552044 69.424553 -0.100274 -4.221013 0.926741 0.000000
3500 66.289062 1.214322 64.886208 -0.728280 0.000000 0.916807 0.000000
4000 64.097771 0.380570 62.868984 0.000000 0.000000 0.848216 0.000000
4500 55.502907 1.012316 56.121880 -2.564051 0.000000 0.932763 0.000000
5000 82.239799 0.793735 80.470734 0.000000 0.000000 0.975334 0.000000
500 65.278259 0.291362 64.128166 0.000000 0.000000 0.858738 0.000000
1000 78.228951 1.054526 76.306740 0.000000 0.000000 0.867682 0.000000
1500 72.294205 0.554420 70.986328 0.000000 0.000000 0.753458 0.000000
2000 66.951866 0.423834 65.719315 0.000000 0.000000 0.808719 0.000000
2500 77.683334 0.415007 76.332596 0.000000 0.000000 0.935729 0.000000
3000 73.507462 0.531304 71.985191 0.000000 0.000000 0.990965 0.000000
3500 67.797623 0.392429 66.566116 0.000000 0.000000 0.839078 0.000000
4000 72.717262 0.231864 71.469009 0.000000 0.000000 1.016391 0.000000
4500 63.711472 0.463421 62.366783 0.000000 0.000000 0.881268 0.000000
5000 81.548004 0.295972 80.428162 0.000000 0.000000 0.823870 0.000000
500 79.007729 0.392922 77.595062 0.000000 0.000000 1.019748 0.000000
1000 72.020363 0.567464 70.620750 0.000000 0.000000 0.832149 0.000000
1500 73.573410 1.174514 73.148376 -1.770916 0.000000 1.021439 0.000000
2000 79.850929 0.549300 78.340523 0.000000 0.000000 0.961102 0.000000
2500 73.894943 3.118912 70.110268 0.000000 0.000000 0.665763 0.000000
3000 68.478600 0.600902 67.133125 0.000000 0.000000 0.744579 0.000000
3500 72.335396 0.635057 70.596596 0.000000 0.000000 1.103743 0.000000
4000 69.392021 0.288976 68.125923 -0.054272 0.000000 1.031385 0.000000
4500 70.628189 1.355211 68.243271 0.000000 0.000000 1.029706 0.000000
5000 53.893642 0.422490 54.896454 -0.480156 -1.714533 0.769390 0.000000
500 77.269394 0.998297 75.381073 0.000000 0.000000 0.890026 0.000000
1000 77.700050 1.662105 75.335655 -0.049742 0.000000 0.752035 0.000000
1500 69.271645 0.722307 67.771896 0.000000 0.000000 0.777444 0.000000
2000 73.131973 0.931974 71.210854 -0.202930 0.000000 1.192067 0.000000
2500 74.161850 0.497009 73.034538 -0.130313 0.000000 0.760613 0.000000
3000 79.460785 1.086689 77.683945 -0.094864 0.000000 0.785016 0.000000
3500 66.711266 1.046255 64.762939 0.000000 0.000000 0.902073 0.000000
4000 95.418289 0.462602 94.204124 0.000000 0.000000 0.751567 0.000000
4500 72.948830 0.848585 71.282722 0.000000 0.000000 0.817517 0.000000
5000 65.502052 0.572458 63.841965 0.000000 0.000000 1.087628 0.000000
500 70.362694 0.517284 68.925507 0.000000 0.000000 0.919909 0.000000
1000 73.767082 1.508744 71.322586 -0.020502 0.000000 0.956251 0.000000
1500 66.664345 0.363619 66.343620 -0.758085 0.000000 0.715197 0.000000
2000 75.645645 3.020348 71.590370 0.000000 0.000000 1.034926 0.000000
2500 68.485352 1.164257 69.044113 -0.151686 -2.627043 1.055718 0.000000
3000 72.282417 0.580816 71.388000 -0.759533 0.000000 1.073136 0.000000
3500 71.563034 0.444085 70.319923 0.000000 0.000000 0.799024 0.000000
4000 71.796242 0.843357 69.861053 -0.026851 0.000000 1.118686 0.000000
4500 79.758080 0.678908 77.924004 0.000000 0.000000 1.155165 0.000000
5000 75.472137 0.531046 73.944725 0.000000 0.000000 0.996371 0.000000
500 71.930656 0.584224 70.490181 0.000000 0.000000 0.856254 0.000000
1000 65.512192 0.583421 63.507252 -0.088547 0.000000 1.510060 0.000000
1500 76.919815 0.772037 76.013557 -0.745811 0.000000 0.880038 0.000000
2000 73.580490 0.365741 71.970482 0.000000 0.000000 1.244274 0.000000
2500 71.384499 1.799336 68.752846 0.000000 0.000000 0.832316 0.000000
3000 72.208115 0.535987 70.854637 0.000000 0.000000 0.817489 0.000000
3500 87.428238 0.689984 85.397186 0.000000 0.000000 1.341062 0.000000
4000 59.487717 0.427569 58.394844 0.000000 0.000000 0.665303 0.000000
4500 74.863609 0.478822 73.493515 0.000000 0.000000 0.891274 0.000000
5000 76.878174 1.620879 74.508987 0.000000 0.000000 0.748309 0.000000
500 76.431938 0.424431 76.517136 -1.510703 0.000000 1.001074 0.000000
1000 62.217449 0.617916 60.958050 -0.327031 0.000000 0.968512 0.000000
1500 77.393417 2.588195 74.130630 -0.119873 0.000000 0.794463 0.000000
2000 72.828072 0.344879 71.380013 0.000000 0.000000 1.103179 0.000000
2500 70.404762 0.744109 68.947311 0.000000 0.000000 0.713344 0.000000
3000 71.048248 0.568539 69.777855 0.000000 0.000000 0.701854 0.000000
3500 74.997963 1.031233 74.020912 -0.904414 0.000000 0.850226 0.000000
4000 85.146690 0.446389 83.879219 0.000000 0.000000 0.821086 0.000000
4500 61.480278 0.906682 65.247612 -0.883796 -4.778135 0.987910 0.000000
5000 71.116173 0.759780 73.611671 -0.435320 -4.041628 1.221661 0.000000
500 76.490410 3.851576 71.798195 -0.092951 0.000000 0.933587 0.000000
1000 73.421898 0.941729 71.412354 0.000000 0.000000 1.067819 0.000000
1500 65.509422 0.545702 65.047195 -0.972881 0.000000 0.889412 0.000000
2000 70.467102 1.278200 68.443192 -0.142930 0.000000 0.888641 0.000000
2500 72.418678 0.893747 70.680016 0.000000 0.000000 0.844914 0.000000
3000 64.565338 0.369908 63.404114 0.000000 0.000000 0.791317 0.000000
3500 67.828773 1.053587 65.907707 0.000000 0.000000 0.867478 0.000000
4000 60.962563 0.457379 59.448425 0.000000 0.000000 1.056761 0.000000
4500 49.872601 0.785545 51.562992 -0.503005 -2.745760 0.772830 0.000000
5000 69.085129 0.424560 67.821129 0.000000 0.000000 0.839443 0.000000
500 78.217964 0.493187 76.692146 0.000000 0.000000 1.032632 0.000000
1000 79.520782 0.485063 78.268005 0.000000 0.000000 0.767713 0.000000
1500 70.577812 0.457090 69.739571 -0.587283 0.000000 0.968431 0.000000
2000 75.793770 0.511744 74.099052 0.000000 0.000000 1.182976 0.000000
2500 67.730743 0.883176 65.796577 0.000000 0.000000 1.050987 0.000000
3000 79.319321 2.135688 75.501701 -0.126983 0.000000 1.808916 0.000000
3500 67.984787 0.704833 66.222603 -0.112111 0.000000 1.169467 0.000000
4000 71.996895 1.088575 70.102654 -0.073338 0.000000 0.879003 0.000000
4500 79.353714 0.667999 81.811539 -0.562299 -3.622757 1.059235 0.000000
5000 71.560692 1.217458 70.088120 -0.505812 0.000000 0.760924 0.000000
500 67.272583 0.572761 65.790085 0.000000 0.000000 0.909738 0.000000
1000 76.387482 0.568755 74.848808 0.000000 0.000000 0.969917 0.000000
1500 69.773277 2.195122 66.656273 -0.054046 0.000000 0.975927 0.000000
2000 78.874458 0.989208 76.852661 0.000000 0.000000 1.032591 0.000000
2500 69.418518 0.750587 67.757339 0.000000 0.000000 0.910593 0.000000
3000 73.407173 2.863152 69.296715 0.000000 0.000000 1.247309 0.000000
3500 64.034447 0.635306 68.855484 -1.796807 -4.307892 0.648357 0.000000
4000 65.814812 1.087167 63.992455 -0.045245 0.000000 0.780431 0.000000
4500 70.589096 1.343673 68.465912 -0.196074 0.000000 0.975582 0.000000
5000 69.451393 0.457547 68.216194 0.000000 0.000000 0.777648 0.000000
500 69.098732 0.911877 68.460785 -1.048068 0.000000 0.774136 0.000000
1000 66.872169 0.401639 65.640114 -0.028384 0.000000 0.858797 0.000000
1500 59.919247 1.292540 76.621094 -4.718211 -14.424983 1.148805 0.000000
2000 63.121120 0.751300 68.190620 -1.917291 -4.954262 1.050756 0.000000
2500 71.080063 0.691286 69.620804 0.000000 0.000000 0.767971 0.000000
3000 77.873405 0.356218 77.416183 -0.966123 0.000000 1.067129 0.000000
3500 73.452797 0.423319 72.285072 0.000000 0.000000 0.744408 0.000000
4000 65.523956 0.626967 66.876511 -0.054398 -2.848827 0.923699 0.000000
4500 62.851570 0.766840 61.169304 -0.192003 0.000000 1.107427 0.000000
5000 63.671295 1.424738 66.713882 -0.659040 -4.700944 0.892661 0.000000
500 69.572609 1.479673 66.604385 -0.015811 0.000000 1.504353 0.000000
1000 75.319977 0.835224 73.253868 0.000000 0.000000 1.230892 0.000000
1500 71.710045 0.522176 70.658318 -0.373924 0.000000 0.903476 0.000000
2000 79.345901 0.701277 77.796577 0.000000 0.000000 0.848044 0.000000
2500 61.495010 0.346876 60.280449 0.000000 0.000000 0.867689 0.000000
3000 70.753845 2.316380 67.027939 0.000000 0.000000 1.409533 0.000000
3500 65.114830 0.874124 63.002186 0.000000 0.000000 1.238522 0.000000
4000 64.502998 0.441470 63.403595 -0.118555 0.000000 0.776493 0.000000
4500 82.290680 0.702535 81.093880 -0.358394 0.000000 0.852656 0.000000
5000 74.580963 0.520822 72.898247 0.000000 0.000000 1.161895 0.000000
500 85.833885 0.511135 84.437462 0.000000 0.000000 0.885289 0.000000
1000 71.988914 0.434850 70.649673 0.000000 0.000000 0.904388 0.000000
1500 84.808914 0.473745 83.327240 0.000000 0.000000 1.007929 0.000000
2000 72.771629 1.158887 70.765854 0.000000 0.000000 0.846884 0.000000
2500 58.540333 0.329327 73.242180 -4.095673 -11.722855 0.787351 0.000000
3000 57.503044 0.599836 67.998390 -5.226967 -6.572881 0.704664 0.000000
3500 74.205635 0.662420 72.427353 0.000000 0.000000 1.115861 0.000000
4000 81.614944 0.890140 80.372566 -0.391868 0.000000 0.744110 0.000000
4500 78.760513 0.939878 76.668495 -0.039356 0.000000 1.191488 0.000000
5000 73.763847 0.532435 74.641731 -0.663425 -1.940027 1.193129 0.000000
500 81.261086 0.428530 79.843910 0.000000 0.000000 0.988645 0.000000
1000 80.718033 0.409295 79.790131 -0.304652 0.000000 0.823254 0.000000
1500 80.232689 0.631272 78.689339 0.000000 0.000000 0.912079 0.000000
2000 70.389908 0.472165 69.281494 -0.378954 0.000000 1.015199 0.000000
2500 75.705521 0.201958 74.812134 0.000000 0.000000 0.691428 0.000000
3000 64.174316 0.398887 62.977859 0.000000 0.000000 0.797569 0.000000
3500 69.943047 1.534247 67.650826 0.000000 0.000000 0.757976 0.000000
4000 83.583458 0.752750 81.926910 0.000000 0.000000 0.903798 0.000000
4500 81.135834 0.510454 80.045303 -0.459621 0.000000 1.039697 0.000000
5000 66.300339 0.467120 65.093094 -0.027702 0.000000 0.767833 0.000000
500 70.892891 0.377142 69.647034 -0.043560 0.000000 0.912276 0.000000
1000 64.217537 0.981911 62.426239 0.000000 0.000000 0.809387 0.000000
1500 69.860374 0.445771 68.388359 0.000000 0.000000 1.026247 0.000000
2000 52.744877 0.480630 55.084835 -0.138867 -3.555740 0.874019 0.000000
2500 70.521217 0.708411 69.098740 0.000000 0.000000 0.714062 0.000000
3000 57.372498 2.564593 64.786835 -0.780533 -10.105698 0.907302 0.000000
3500 47.820766 0.823555 58.869572 -1.817141 -11.021544 0.966329 0.000000
4000 54.901814 0.717380 67.883369 -0.570361 -13.910042 0.781469 0.000000
4500 69.596001 0.709879 68.160988 0.000000 0.000000 0.725137 0.000000
5000 70.969566 0.633796 69.561394 -0.147560 0.000000 0.921939 0.000000
500 64.925995 0.824745 63.004826 0.000000 0.000000 1.096426 0.000000
1000 75.579918 0.433668 74.317627 0.000000 0.000000 0.828624 0.000000
1500 78.245605 0.730811 76.684135 0.000000 0.000000 0.830659 0.000000
2000 67.057777 0.612045 69.856422 -0.345990 -3.956925 0.892226 0.000000
2500 48.483574 0.720325 60.405384 -2.221422 -11.431596 1.010879 0.000000
3000 71.140770 0.891991 77.000435 -1.276660 -6.406012 0.931017 0.000000
3500 57.234241 0.307148 69.725677 -3.249523 -10.353837 0.804776 0.000000
4000 62.095898 0.551916 78.433510 -3.520849 -14.165614 0.796935 0.000000
4500 60.423508 0.895373 69.455124 -2.914475 -7.881080 0.868569 0.000000
5000 81.280045 0.709365 79.457497 0.000000 0.000000 1.113183 0.000000
500 49.622929 0.609571 60.358395 -6.384036 -5.766847 0.805847 0.000000
1000 50.211464 0.294477 61.852108 -5.764430 -7.008441 0.837753 0.000000
1500 65.640114 0.420551 71.841225 -4.507806 -3.191069 1.077219 0.000000
2000 64.675987 0.930338 69.253853 -1.328477 -5.205021 1.025297 0.000000
2500 68.556183 0.873906 78.134338 -1.998226 -9.290638 0.836791 0.000000
3000 77.679352 0.413226 76.456657 -0.069082 0.000000 0.878554 0.000000
3500 75.370819 1.345063 73.190842 0.000000 0.000000 0.834912 0.000000
4000 65.789078 0.316919 64.567322 0.000000 0.000000 0.904835 0.000000
4500 75.256561 0.674540 77.123520 -0.124945 -3.930588 1.514038 0.000000
5000 73.913872 0.604388 72.551323 -0.078957 0.000000 0.837123 0.000000
500 44.253086 0.414651 60.796291 -5.857617 -12.113623 1.013385 0.000000
1000 59.051449 0.796049 70.475266 -5.314706 -8.021379 1.116213 0.000000
1500 78.546249 0.550753 77.284790 -0.198003 0.000000 0.908714 0.000000
2000 74.487595 0.688051 72.877708 0.000000 0.000000 0.921834 0.000000
2500 73.815025 0.771670 71.810570 -0.036043 0.000000 1.268830 0.000000
3000 68.368813 0.509217 71.161560 -1.619347 -2.416503 0.733886 0.000000
3500 63.380367 0.415135 76.498367 -1.618137 -12.731415 0.816411 0.000000
4000 62.700336 0.808186 68.579933 -2.673750 -5.298386 1.284351 0.000000
4500 65.715050 0.310733 69.126259 -1.447141 -3.167970 0.893170 0.000000
5000 57.270748 2.533145 54.633060 -0.757230 0.000000 0.861771 0.000000
500 68.052437 0.777497 66.409134 0.000000 0.000000 0.865809 0.000000
1000 78.293068 0.606618 76.652939 0.000000 0.000000 1.033510 0.000000
1500 63.947964 1.928143 61.102173 0.000000 0.000000 0.917647 0.000000
2000 81.265625 0.701780 79.528572 0.000000 0.000000 1.035270 0.000000
2500 80.068184 0.492272 78.557640 0.000000 0.000000 1.018270 0.000000
3000 77.755478 0.545694 76.428223 -0.159914 0.000000 0.941475 0.000000
3500 66.693779 0.455757 69.032936 -0.155957 -3.499605 0.860650 0.000000
4000 64.715500 0.563782 63.263699 -0.059893 0.000000 0.947913 0.000000
4500 85.181740 0.936015 83.340370 0.000000 0.000000 0.905355 0.000000
5000 70.844276 0.658492 69.224594 0.000000 0.000000 0.961190 0.000000
500 67.677208 1.407533 69.774628 -0.322753 -4.017969 0.835770 0.000000
1000 56.020760 0.818241 54.279438 0.000000 0.000000 0.923082 0.000000
1500 81.405334 0.583874 79.982872 0.000000 0.000000 0.838581 0.000000
2000 72.206680 2.996833 67.906120 0.000000 0.000000 1.303730 0.000000
2500 72.059631 1.907361 69.471199 -0.310199 0.000000 0.991264 0.000000
3000 78.852417 2.079230 75.928474 0.000000 0.000000 0.844713 0.000000
3500 75.618225 0.475697 74.252960 0.000000 0.000000 0.889564 0.000000
4000 73.240509 2.406261 72.984917 -0.078635 -3.369246 1.297221 0.000000
4500 70.956215 0.390992 69.766396 0.000000 0.000000 0.798825 0.000000
5000 78.201614 0.457989 79.971664 -3.347579 0.000000 1.119534 0.000000
500 69.731644 0.326496 68.528069 -0.027271 0.000000 0.904362 0.000000
1000 66.004547 0.443954 65.250679 -0.831237 0.000000 1.141150 0.000000
1500 74.781792 0.606917 73.314209 0.000000 0.000000 0.860667 0.000000
2000 82.217369 0.609869 82.748940 -2.098968 0.000000 0.957527 0.000000
2500 79.937370 1.125904 78.140678 0.000000 0.000000 0.670795 0.000000
3000 75.739105 0.460943 74.510468 -0.261196 0.000000 1.028888 0.000000
3500 71.518288 0.339544 70.262230 0.000000 0.000000 0.916515 0.000000
4000 83.989212 1.591020 81.514488 0.000000 0.000000 0.883701 0.000000
4500 73.115334 0.748395 71.212402 0.000000 0.000000 1.154531 0.000000
5000 61.839539 0.526644 60.683456 -0.297334 0.000000 0.926769 0.000000
500 74.521004 1.887498 71.275101 -0.049996 0.000000 1.408402 0.000000
1000 81.979721 0.628483 80.318665 0.000000 0.000000 1.032567 0.000000
1500 78.765205 0.521573 77.137199 -0.254190 0.000000 1.360622 0.000000
2000 60.570095 1.591462 58.261417 0.000000 0.000000 0.717215 0.000000
2500 66.858337 0.655757 65.251350 0.000000 0.000000 0.951230 0.000000
3000 86.003014 1.541545 83.511528 0.000000 0.000000 0.949942 0.000000
3500 61.280529 1.320796 59.047634 0.000000 0.000000 0.912097 0.000000
4000 66.523193 0.574519 65.716454 -0.801270 0.000000 1.033490 0.000000
4500 62.091839 0.719423 63.070553 -0.330623 -2.290797 0.923286 0.000000
5000 65.918938 0.921210 64.183304 0.000000 0.000000 0.814421 0.000000
500 77.274612 1.160247 75.451477 0.000000 0.000000 0.662884 0.000000
1000 68.993111 1.032325 66.600334 0.000000 0.000000 1.360454 0.000000
1500 75.277283 0.337850 74.236549 0.000000 0.000000 0.702879 0.000000
2000 69.530128 0.249105 68.513695 0.000000 0.000000 0.767323 0.000000
2500 74.346367 1.169642 72.320038 0.000000 0.000000 0.856689 0.000000
3000 65.049927 0.483489 63.670872 0.000000 0.000000 0.895569 0.000000
3500 80.418823 0.519158 78.972519 0.000000 0.000000 0.927146 0.000000
4000 69.005936 0.716147 67.480850 0.000000 0.000000 0.808940 0.000000
4500 82.104042 1.679728 79.180435 0.000000 0.000000 1.243880 0.000000
5000 57.686172 0.651174 55.955536 0.000000 0.000000 1.079466 0.000000
500 75.454506 0.537244 74.253143 -0.169651 0.000000 0.833762 0.000000
1000 62.175999 0.665290 61.230846 -0.550468 0.000000 0.830330 0.000000
1500 89.381775 0.594888 87.532753 0.000000 0.000000 1.254138 0.000000
2000 70.800674 0.811808 70.205017 -1.312711 0.000000 1.096568 0.000000
2500 61.445076 0.315678 60.400261 0.000000 0.000000 0.729137 0.000000
3000 73.425125 0.439792 72.251060 0.000000 0.000000 0.734275 0.000000
3500 74.213928 0.634044 72.733429 0.000000 0.000000 0.846460 0.000000
4000 73.467979 1.943145 70.828514 0.000000 0.000000 0.696318 0.000000
4500 68.127113 0.204616 67.021866 0.000000 0.000000 0.900632 0.000000
5000 78.718971 1.041098 76.499580 0.000000 0.000000 1.178291 0.000000
500 66.639595 1.200786 64.472504 0.000000 0.000000 0.966308 0.000000
1000 61.493862 1.242664 59.268745 -0.025876 0.000000 1.008327 0.000000
1500 71.283989 1.376536 69.100357 0.000000 0.000000 0.807095 0.000000
2000 77.270836 0.406054 75.781372 0.000000 0.000000 1.083413 0.000000
2500 79.063293 1.351050 76.710281 -0.097801 0.000000 1.099762 0.000000
3000 70.525063 1.847585 67.923775 -0.031787 0.000000 0.785481 0.000000
3500 68.178986 0.571733 66.440582 0.000000 0.000000 1.166671 0.000000
4000 64.940483 1.031923 63.147438 0.000000 0.000000 0.761121 0.000000
4500 67.479965 0.937792 72.027039 -3.126351 -3.356098 0.997583 0.000000
5000 64.534645 0.963129 62.808792 0.000000 0.000000 0.762725 0.000000
500 78.584084 0.807118 76.419762 -0.053552 0.000000 1.410755 0.000000
1000 71.137291 0.685602 69.621933 0.000000 0.000000 0.829756 0.000000
1500 77.771942 0.704672 76.114052 0.000000 0.000000 0.953214 0.000000
2000 66.506081 0.486548 65.205650 0.000000 0.000000 0.813877 0.000000
2500 67.372543 0.792894 65.727615 0.000000 0.000000 0.852037 0.000000
3000 90.173096 1.023888 88.254120 0.000000 0.000000 0.895090 0.000000
3500 49.030540 0.629680 52.640083 -1.438194 -3.694527 0.893497 0.000000
4000 72.270973 0.577622 70.704956 0.000000 0.000000 0.988397 0.000000
4500 80.749069 0.538306 79.250420 0.000000 0.000000 0.960342 0.000000
5000 65.110352 0.605686 63.455116 0.000000 0.000000 1.049541 0.000000
500 84.724937 0.452397 83.142181 0.000000 0.000000 1.130355 0.000000
1000 78.854858 0.532008 78.544487 -1.103951 0.000000 0.882316 0.000000
1500 79.000496 1.274501 76.742081 0.000000 0.000000 0.983917 0.000000
2000 68.525330 0.694562 67.090279 0.000000 0.000000 0.740488 0.000000
2500 64.430000 0.796390 75.726288 -1.821317 -11.559774 1.288419 0.000000
3000 73.218994 0.598922 71.544891 0.000000 0.000000 1.075179 0.000000
3500 85.754227 1.512295 84.442146 -0.994554 0.000000 0.794344 0.000000
4000 73.810326 0.986435 72.141502 -0.379091 0.000000 1.061476 0.000000
4500 71.113152 0.511491 69.776871 0.000000 0.000000 0.824790 0.000000
5000 74.737076 0.228454 73.885262 0.000000 0.000000 0.623360 0.000000
500 72.299965 0.400654 72.170555 -1.156126 0.000000 0.884880 0.000000
1000 62.704144 0.364137 63.124474 -1.585099 0.000000 0.800632 0.000000
1500 74.821220 0.517153 73.158546 0.000000 0.000000 1.145521 0.000000
2000 73.987755 0.953562 72.414528 -0.150555 0.000000 0.770216 0.000000
2500 67.560486 0.820223 65.789803 0.000000 0.000000 0.950464 0.000000
3000 71.038979 2.120844 68.104927 0.000000 0.000000 0.813207 0.000000
3500 78.457336 2.615501 74.534645 0.000000 0.000000 1.307189 0.000000
4000 72.640823 0.678552 71.115196 0.000000 0.000000 0.847075 0.000000
4500 70.168915 0.484275 69.301300 -0.538976 0.000000 0.922317 0.000000
5000 67.506104 0.563239 66.131439 0.000000 0.000000 0.811427 0.000000
500 56.683865 0.671569 61.715561 -0.485436 -6.304924 1.087093 0.000000
1000 65.437630 0.423576 64.183960 0.000000 0.000000 0.830092 0.000000
1500 74.475975 0.369970 73.245605 0.000000 0.000000 0.860396 0.000000
2000 80.141006 1.149153 77.789955 0.000000 0.000000 1.201894 0.000000
2500 69.260674 0.605220 67.564819 0.000000 0.000000 1.090637 0.000000
3000 69.780128 0.615437 68.376862 0.000000 0.000000 0.787828 0.000000
3500 80.819939 0.370371 79.645866 -0.066066 0.000000 0.869763 0.000000
4000 68.934174 1.083683 66.940125 0.000000 0.000000 0.910374 0.000000
4500 68.797501 0.493174 67.399345 0.000000 0.000000 0.904987 0.000000
5000 78.610451 0.570284 77.132904 0.000000 0.000000 0.907263 0.000000
500 73.176529 1.136417 71.854317 -0.774311 0.000000 0.960109 0.000000
1000 67.563934 0.368557 71.845604 -0.125931 -5.322378 0.798087 0.000000
1500 70.204025 0.634261 70.825958 -0.294388 -1.798431 0.836627 0.000000
2000 81.701241 1.124993 79.529861 0.000000 0.000000 1.046384 0.000000
2500 69.535385 0.566006 68.061394 0.000000 0.000000 0.907981 0.000000
3000 69.313553 0.593532 67.993500 0.000000 0.000000 0.726523 0.000000
3500 74.878723 0.846351 73.028587 0.000000 0.000000 1.003784 0.000000
4000 57.153721 0.842280 55.417118 0.000000 0.000000 0.894323 0.000000
4500 70.723572 0.538492 68.870628 -0.106912 0.000000 1.421366 0.000000
5000 86.618729 0.814932 86.004807 -1.177008 0.000000 0.975996 0.000000
500 57.895485 1.442460 55.634876 -0.027604 0.000000 0.845753 0.000000
1000 66.008705 0.555068 64.649582 0.000000 0.000000 0.804055 0.000000
1500 73.506027 0.531777 72.968193 -0.869310 0.000000 0.875369 0.000000
2000 76.544800 3.138138 72.665298 -0.069008 0.000000 0.810368 0.000000
2500 69.950127 0.835414 68.170242 -0.035375 0.000000 0.979849 0.000000
3000 72.311813 0.244579 71.574509 -0.172621 0.000000 0.665349 0.000000
3500 86.422707 2.312575 83.922829 -0.869204 0.000000 1.056502 0.000000
4000 55.759674 1.177539 65.253922 -3.104187 -8.486653 0.919056 0.000000
4500 90.416168 1.287395 88.032654 0.000000 0.000000 1.096125 0.000000
5000 74.503403 0.621292 73.059723 0.000000 0.000000 0.822386 0.000000
500 73.587288 0.831551 72.344383 -0.334549 0.000000 0.745902 0.000000
1000 75.563232 2.333397 71.869102 0.000000 0.000000 1.360731 0.000000
1500 63.202019 0.877307 61.117626 -0.054529 0.000000 1.261611 0.000000
2000 75.359245 1.134373 73.498230 0.000000 0.000000 0.726640 0.000000
2500 76.520393 1.243052 74.892433 -0.865690 0.000000 1.250601 0.000000
3000 69.987526 1.178308 68.119194 -0.158276 0.000000 0.848307 0.000000
3500 70.553940 0.572534 69.101341 -0.033111 0.000000 0.913178 0.000000
4000 75.130051 0.545073 73.489502 0.000000 0.000000 1.095474 0.000000
4500 79.010155 0.509582 78.669586 -1.014128 0.000000 0.845114 0.000000
5000 64.160423 0.573896 62.588066 0.000000 0.000000 0.998457 0.000000
500 48.679886 0.545395 60.149731 -4.239084 -8.575924 0.799769 0.000000
1000 51.002544 0.417265 68.972534 -4.783993 -14.465251 0.861992 0.000000
1500 49.866806 0.498742 67.695236 -3.531380 -15.499718 0.703928 0.000000
2000 45.146561 0.895543 59.413746 -5.939844 -10.038709 0.815821 0.000000
2500 42.237362 0.685299 59.791340 -3.557394 -15.494079 0.812196 0.000000
3000 46.240860 0.345739 66.336273 -5.743210 -15.404575 0.706630 0.000000
3500 78.629349 0.317154 77.606956 -0.047684 0.000000 0.752918 0.000000
4000 79.078461 1.256593 76.927078 -0.214353 0.000000 1.109143 0.000000
4500 65.652878 0.476693 64.503235 -0.140746 0.000000 0.813695 0.000000
5000 83.568497 0.775296 81.969429 -0.190724 0.000000 1.014496 0.000000
500 60.565769 0.363617 59.347088 0.000000 0.000000 0.855066 0.000000
1000 78.031357 0.753236 77.560280 -1.295735 0.000000 1.013583 0.000000
1500 83.205757 1.567157 81.141464 -0.335952 0.000000 0.833093 0.000000
2000 83.148773 1.677593 85.210747 -0.145378 -5.327398 1.733213 0.000000
2500 74.632317 0.598303 73.140823 0.000000 0.000000 0.893192 0.000000
3000 67.336342 0.419478 66.110260 0.000000 0.000000 0.806603 0.000000
3500 70.530197 0.503885 69.099998 -0.094906 0.000000 1.021226 0.000000
4000 71.925575 0.460777 70.705719 0.000000 0.000000 0.759080 0.000000
4500 73.031677 1.667807 70.776062 -0.174469 0.000000 0.762280 0.000000
5000 62.904957 0.287865 61.869011 0.000000 0.000000 0.748083 0.000000
500 80.968582 0.617309 79.332748 0.000000 0.000000 1.018520 0.000000
1000 70.040344 0.517096 69.807838 -1.137311 0.000000 0.852723 0.000000
1500 78.999031 1.504525 78.029640 -1.623313 0.000000 1.088182 0.000000
2000 67.818268 0.715865 66.173187 0.000000 0.000000 0.929214 0.000000
2500 80.866341 1.327455 78.468117 0.000000 0.000000 1.070770 0.000000
3000 76.547569 0.428779 75.091782 0.000000 0.000000 1.027006 0.000000
3500 69.611794 0.493313 75.525963 -2.731459 -4.428504 0.752477 0.000000
4000 77.143433 0.228126 76.146652 -0.176624 0.000000 0.945278 0.000000
4500 67.719414 0.875951 66.012238 -0.091897 0.000000 0.923118 0.000000
5000 68.702667 1.932623 65.871971 0.000000 0.000000 0.898073 0.000000
500 61.780354 0.298214 60.533340 -0.033931 0.000000 0.982731 0.000000
1000 62.102448 1.133730 60.219318 -0.031859 0.000000 0.781259 0.000000
1500 65.515633 0.836338 63.278828 -0.045535 0.000000 1.445996 0.000000
2000 65.019989 1.263803 62.863014 0.000000 0.000000 0.893177 0.000000
2500 75.606613 0.864618 73.769478 0.000000 0.000000 0.972517 0.000000
3000 67.308960 0.569234 66.129997 -0.271498 0.000000 0.881223 0.000000
3500 62.717560 1.073012 60.718651 0.000000 0.000000 0.925894 0.000000
4000 65.041115 0.673122 63.374191 0.000000 0.000000 0.993807 0.000000
4500 75.006248 0.416641 73.568161 0.000000 0.000000 1.021445 0.000000
5000 82.480766 1.805766 79.579109 0.000000 0.000000 1.095891 0.000000
500 66.779861 0.481050 65.563072 0.000000 0.000000 0.735739 0.000000
1000 71.771515 0.857506 69.946342 0.000000 0.000000 0.967666 0.000000
1500 73.758850 0.301741 72.286194 0.000000 0.000000 1.170913 0.000000
2000 74.005127 0.696955 72.297287 -0.045866 0.000000 1.056754 0.000000
2500 76.079559 1.160529 73.896690 -0.052111 0.000000 1.074448 0.000000
3000 76.492386 0.657191 75.247261 -0.371511 0.000000 0.959450 0.000000
3500 69.658104 0.973731 67.817436 0.000000 0.000000 0.866932 0.000000
4000 70.896622 0.606518 69.471687 -0.214711 0.000000 1.033129 0.000000
4500 65.087898 0.564040 63.861603 -0.276783 0.000000 0.939039 0.000000
5000 63.058796 0.204948 61.969986 0.000000 0.000000 0.883861 0.000000
500 67.731239 0.735878 65.750618 0.000000 0.000000 1.244746 0.000000
1000 62.115276 0.503842 60.848091 0.000000 0.000000 0.763344 0.000000
1500 74.996193 0.635370 73.566864 0.000000 0.000000 0.793959 0.000000
2000 73.651817 0.496946 72.119080 0.000000 0.000000 1.035787 0.000000
2500 86.574211 0.707515 84.611633 0.000000 0.000000 1.255069 0.000000
3000 59.619247 0.428307 58.505680 0.000000 0.000000 0.685260 0.000000
3500 83.103127 1.183007 80.770370 0.000000 0.000000 1.149749 0.000000
4000 71.352707 0.831846 69.667244 0.000000 0.000000 0.853617 0.000000
4500 65.894592 0.568566 66.771675 -0.145828 -2.172331 0.872516 0.000000
5000 70.390785 1.042656 68.522179 0.000000 0.000000 0.825953 0.000000
500 75.139084 0.746431 77.780167 -0.218232 -4.220244 1.050968 0.000000
1000 71.616066 0.382188 70.202843 0.000000 0.000000 1.031038 0.000000
1500 69.699814 0.488253 68.306381 0.000000 0.000000 0.905181 0.000000
2000 73.737785 0.462233 72.568520 0.000000 0.000000 0.707028 0.000000
2500 70.876709 2.877004 67.296356 0.000000 0.000000 0.703348 0.000000
3000 66.287384 0.490750 64.980263 0.000000 0.000000 0.816366 0.000000
3500 73.860786 0.517426 72.540977 0.000000 0.000000 0.802386 0.000000
4000 68.880333 0.619680 67.311653 0.000000 0.000000 0.949001 0.000000
4500 90.041466 1.389803 87.760208 -0.032636 0.000000 0.924096 0.000000
5000 70.664276 0.897069 68.972694 -0.111481 0.000000 0.905988 0.000000
500 77.727097 0.696677 76.325188 -0.213400 0.000000 0.918632 0.000000
1000 75.951744 0.499128 74.613205 0.000000 0.000000 0.839410 0.000000
1500 64.142952 0.698592 62.675274 -0.074048 0.000000 0.843131 0.000000
2000 77.425697 3.097058 73.447273 -0.025205 0.000000 0.906571 0.000000
2500 80.478249 1.156899 78.635162 0.000000 0.000000 0.686191 0.000000
3000 51.801025 0.714346 65.609421 -2.105777 -13.291937 0.874971 0.000000
3500 44.383423 0.534831 60.799809 -0.388045 -17.597940 1.034766 0.000000
4000 39.622250 1.087089 54.047436 -0.861847 -15.522680 0.872249 0.000000
4500 69.794701 0.430379 68.558472 0.000000 0.000000 0.805850 0.000000
5000 73.070168 0.505152 71.802605 0.000000 0.000000 0.762413 0.000000
