500 30.694069 0.554688 50.987072 -6.512340 -15.199133 0.863783 0.000000
1000 26.411190 0.798162 51.919861 -8.423151 -18.918596 1.034910 0.000000
1500 28.225607 0.462304 55.852493 -9.525590 -19.462160 0.898559 0.000000
2000 17.863281 0.193985 44.990627 -8.155457 -19.987724 0.821849 0.000000
2500 16.531958 0.497601 41.302315 -6.148470 -19.934181 0.814696 0.000000
3000 22.583574 0.443724 49.715588 -7.241143 -21.200634 0.866037 0.000000
3500 14.484338 0.366488 42.315460 -5.481686 -23.550331 0.834405 0.000000
4000 18.158884 1.229884 44.152855 -5.309461 -22.760239 0.845842 0.000000
4500 22.265249 0.491469 50.122551 -6.104844 -22.995907 0.751979 0.000000
5000 21.676575 0.687547 49.570454 -6.284862 -23.151867 0.855305 0.000000
500 27.468817 0.438247 50.299877 -3.515353 -20.708517 0.954563 0.000000
1000 26.109224 0.433932 52.207279 -6.519980 -20.887899 0.875894 0.000000
1500 40.098099 1.107786 60.393677 -4.694408 -17.449615 0.740661 0.000000
2000 36.265980 0.850653 58.109829 -3.742751 -19.831598 0.879848 0.000000
2500 28.404949 0.735737 49.352856 -3.267128 -19.162508 0.745992 0.000000
3000 30.578506 0.680638 51.311363 -3.694295 -18.475525 0.756325 0.000000
3500 24.362328 1.174826 48.953144 -4.801465 -21.764149 0.799969 0.000000
4000 30.543629 0.494703 50.892391 -5.487136 -16.228907 0.872580 0.000000
4500 27.277887 0.353603 55.643059 -5.912157 -23.573114 0.766499 0.000000
5000 27.019966 0.552901 56.950729 -8.484674 -22.844355 0.845362 0.000000
500 36.070091 0.621264 52.671135 -4.942592 -13.323412 1.043693 0.000000
1000 43.371605 0.456898 56.661129 -5.747389 -8.885165 0.886135 0.000000
1500 42.221706 0.448600 54.626141 -5.366755 -8.678741 1.192463 0.000000
2000 38.069668 0.612283 52.439800 -4.935775 -10.930233 0.883595 0.000000
2500 34.297314 1.307744 50.609371 -5.718493 -12.760143 0.858837 0.000000
3000 34.530972 0.367813 50.785564 -7.405484 -10.133419 0.916498 0.000000
3500 36.744301 0.291897 52.259979 -5.485127 -11.235869 0.913421 0.000000
4000 41.801861 0.415444 55.268215 -4.887290 -9.894512 0.900007 0.000000
4500 38.257057 0.519392 53.221382 -5.966820 -10.429800 0.912902 0.000000
5000 48.193123 0.555317 58.142502 -4.424048 -6.972657 0.892011 0.000000
500 28.372736 0.406658 54.122723 -6.117203 -20.915926 0.876483 0.000000
1000 30.882494 0.922962 57.668415 -7.057773 -21.439201 0.788092 0.000000
1500 27.529142 0.312484 54.545658 -5.970994 -22.115364 0.757358 0.000000
2000 20.839169 0.474786 48.798363 -6.457360 -22.862072 0.885453 0.000000
2500 22.453936 0.739048 48.691845 -6.588727 -21.309092 0.920861 0.000000
3000 15.248182 0.495338 45.776752 -8.143803 -23.956165 1.076059 0.000000
3500 16.452129 0.866069 43.945068 -6.969324 -22.356028 0.966346 0.000000
4000 23.300364 0.394859 50.703167 -7.378828 -21.529915 1.111078 0.000000
4500 40.195171 1.299468 61.427616 -5.439748 -18.477814 1.385646 0.000000
5000 29.075199 0.405573 51.100208 -5.577170 -18.256557 1.403149 0.000000
500 37.257156 0.594808 52.142132 -2.902950 -13.553535 0.976704 0.000000
1000 52.011673 0.862384 66.390274 -2.472041 -13.854548 1.085604 0.000000
1500 43.889885 1.340225 51.432732 -1.882945 -7.929410 0.929282 0.000000
2000 40.100887 2.149906 54.245686 -2.553500 -14.617443 0.876241 0.000000
2500 44.099098 0.802757 54.667492 -2.793592 -9.508308 0.930749 0.000000
3000 43.134029 0.507705 55.388489 -3.088334 -10.537161 0.863332 0.000000
3500 43.529140 0.485742 61.773880 -5.762403 -13.825563 0.857486 0.000000
4000 43.724144 0.599491 61.228779 -5.211357 -13.722916 0.830146 0.000000
4500 48.768562 0.656270 68.493202 -6.536386 -14.716206 0.871677 0.000000
5000 32.520737 0.355745 51.221581 -5.242984 -14.741399 0.927796 0.000000
500 25.971111 0.742987 54.953045 -8.189990 -22.544668 1.009737 0.000000
1000 28.609299 0.433306 59.283760 -7.015852 -25.431335 1.339416 0.000000
1500 17.697750 0.425963 46.993305 -7.026194 -24.036425 1.341101 0.000000
2000 25.699163 0.383058 49.737202 -7.851294 -17.775997 1.206194 0.000000
2500 25.124866 1.114197 51.246281 -8.318086 -20.001335 1.083809 0.000000
3000 28.006966 0.603664 56.168201 -7.203242 -22.688395 1.126738 0.000000
3500 22.458351 0.374907 53.635475 -8.381065 -24.066025 0.895058 0.000000
4000 25.900242 1.287921 56.638340 -8.757039 -24.447428 1.178445 0.000000
4500 29.108862 1.623839 58.931427 -7.361091 -25.150120 1.064807 0.000000
5000 29.717793 0.650471 56.630249 -6.971263 -21.516064 0.924401 0.000000
500 44.728683 0.433091 65.896912 -6.427225 -16.051449 0.877353 0.000000
1000 39.920963 0.392238 59.285393 -5.075091 -15.498878 0.817302 0.000000
1500 43.618328 0.405772 60.379410 -5.449428 -12.644335 0.926907 0.000000
2000 55.762753 0.645496 72.368912 -7.171453 -11.033291 0.953095 0.000000
2500 45.749352 0.496141 58.989300 -3.898969 -10.663155 0.826033 0.000000
3000 54.171371 0.492827 67.633644 -4.117708 -10.646340 0.808945 0.000000
3500 49.226574 0.676737 64.886223 -5.671560 -11.484068 0.819248 0.000000
4000 37.638065 0.550739 57.362339 -6.150534 -14.952772 0.828295 0.000000
4500 30.989042 0.431870 51.089565 -6.282002 -15.086226 0.835834 0.000000
5000 37.121181 0.493840 53.852161 -5.309403 -12.735727 0.820310 0.000000
500 17.329981 0.498332 47.311054 -9.043430 -22.330654 0.894678 0.000000
1000 13.834810 0.410477 46.543446 -9.078869 -24.925014 0.884772 0.000000
1500 23.392162 0.479876 51.863644 -7.403597 -22.438568 0.890808 0.000000
2000 19.684767 0.444470 48.163773 -6.030150 -23.812124 0.918801 0.000000
2500 20.192968 0.306514 49.036381 -8.661965 -21.336002 0.848039 0.000000
3000 26.896635 0.610544 53.310738 -8.020861 -19.848026 0.844240 0.000000
3500 35.430145 0.647145 61.596603 -7.859200 -19.783134 0.828733 0.000000
4000 19.579308 0.412678 47.186394 -6.442163 -22.370640 0.793042 0.000000
4500 29.056473 1.370016 53.655441 -4.748934 -22.038816 0.818766 0.000000
5000 28.862118 0.516878 53.943924 -5.060796 -21.524727 0.986840 0.000000
500 32.226524 0.732771 51.346203 -5.314573 -15.644871 1.106990 0.000000
1000 30.337738 0.654947 49.853619 -6.606696 -14.815764 1.251637 0.000000
1500 32.125706 0.866107 49.412125 -5.648746 -13.655340 1.151560 0.000000
2000 41.141094 0.484274 59.417084 -6.195989 -13.480204 0.915927 0.000000
2500 54.028637 0.495747 66.276131 -5.439781 -8.395990 1.092526 0.000000
3000 38.434078 0.621148 57.685688 -4.792365 -15.899899 0.819506 0.000000
3500 42.719982 0.393336 60.589581 -5.090363 -14.091907 0.919333 0.000000
4000 37.648014 0.586815 53.583786 -3.477765 -13.941241 0.896421 0.000000
4500 47.121868 0.768568 58.765205 -3.379008 -9.888416 0.855521 0.000000
5000 46.970951 0.499916 55.722683 -2.530574 -7.928102 1.207027 0.000000
500 28.364243 0.299511 52.462006 -2.021820 -23.328047 0.952592 0.000000
1000 21.032419 0.491450 45.766239 -2.688979 -23.657064 1.120774 0.000000
1500 28.568577 0.439963 51.875206 -3.079793 -21.632891 0.966088 0.000000
2000 19.769714 0.636699 44.942554 -3.022718 -23.808004 1.021181 0.000000
2500 26.554024 0.640802 50.445961 -2.533317 -23.011629 1.012208 0.000000
3000 29.554417 1.255362 50.311535 -2.446639 -20.567356 1.001518 0.000000
3500 27.850939 0.468660 48.867142 -1.517358 -21.144081 1.176577 0.000000
4000 26.104481 0.308910 48.751122 -1.849036 -22.078930 0.972417 0.000000
4500 26.220921 0.442725 49.296127 -3.044874 -21.420647 0.947591 0.000000
5000 30.625698 0.613302 53.001595 -3.350087 -20.723442 1.084332 0.000000
500 28.629055 0.498530 46.551666 -2.888205 -16.533743 1.000806 0.000000
1000 21.487661 0.428360 49.594299 -4.823034 -24.711962 1.000000 0.000000
1500 22.752201 0.269144 49.149822 -4.861425 -22.904768 1.099427 0.000000
2000 25.434288 0.194585 48.553444 -4.993357 -19.273972 0.953591 0.000000
2500 25.421413 0.403276 47.205906 -2.402863 -20.809135 1.024230 0.000000
3000 32.662258 1.124558 51.060818 -1.662581 -18.893372 1.032837 0.000000
3500 35.255302 0.802370 57.118488 -5.775480 -17.848080 0.958003 0.000000
4000 16.912924 0.259306 43.463711 -6.150430 -21.633999 0.974334 0.000000
4500 34.761017 0.624092 55.553604 -4.666426 -17.936897 1.186647 0.000000
5000 35.326401 0.853445 59.793652 -4.408178 -21.972879 1.060355 0.000000
500 6.820829 0.522287 40.181549 -10.550969 -24.123716 0.791680 0.000000
1000 10.692798 0.489447 42.806873 -9.663487 -23.765244 0.825206 0.000000
1500 20.071604 0.583625 48.913242 -9.466314 -20.699379 0.740426 0.000000
2000 9.407517 0.429417 42.179382 -9.450013 -24.610224 0.858955 0.000000
2500 12.279189 0.438113 43.765060 -8.687484 -23.997309 0.760808 0.000000
3000 12.189876 0.505630 44.144539 -9.245260 -24.003866 0.788834 0.000000
3500 13.727092 1.902136 43.223270 -8.659974 -23.448311 0.709968 0.000000
4000 20.642115 0.747725 48.691315 -9.759747 -19.787436 0.750256 0.000000
4500 14.479493 0.370845 39.614300 -9.368292 -16.883701 0.746341 0.000000
5000 5.256098 0.976996 36.481346 -9.625528 -23.376812 0.800095 0.000000
500 20.772003 0.680162 51.048592 -7.648769 -24.066889 0.758905 0.000000
1000 25.682489 0.685788 57.764210 -11.181385 -22.343750 0.757628 0.000000
1500 9.704130 0.333607 42.240616 -9.327776 -24.304296 0.761982 0.000000
2000 13.823618 0.555081 42.970680 -8.554379 -21.954914 0.807150 0.000000
2500 16.740019 0.944707 44.652042 -7.455813 -22.172497 0.771581 0.000000
3000 11.373892 0.873584 42.571842 -9.073101 -23.791685 0.793252 0.000000
3500 10.573871 1.011329 42.162998 -11.805855 -21.632116 0.837514 0.000000
4000 16.402855 0.481121 48.499340 -9.288301 -24.013428 0.724122 0.000000
4500 12.425845 0.289024 43.581512 -9.584501 -22.573128 0.712939 0.000000
5000 21.746397 0.358476 52.028259 -9.322342 -22.146879 0.828884 0.000000
500 29.411173 0.778097 52.211784 -8.484692 -16.159657 1.065638 0.000000
1000 26.531698 0.432402 51.040470 -9.165227 -16.852552 1.076608 0.000000
1500 18.452473 0.406224 47.324722 -7.263887 -22.881281 0.866693 0.000000
2000 21.084312 0.732711 45.312252 -8.429420 -17.577404 1.046173 0.000000
2500 16.273911 0.247123 45.108253 -8.362594 -21.766590 1.047719 0.000000
3000 24.773836 0.584773 52.693985 -8.954417 -20.841198 1.290694 0.000000
3500 22.443893 0.537502 53.264133 -7.817602 -24.660526 1.120383 0.000000
4000 30.555185 0.640375 57.523766 -5.225450 -23.466129 1.082624 0.000000
4500 27.419147 0.581093 54.296703 -7.560504 -21.132387 1.234244 0.000000
5000 40.531147 0.862437 62.576744 -4.412649 -19.404541 0.909154 0.000000
500 31.402082 0.322169 56.449356 -5.316612 -20.921093 0.868262 0.000000
1000 30.241043 0.499841 58.041042 -5.465193 -23.711842 0.877198 0.000000
1500 23.907154 0.292239 54.134693 -6.173254 -25.198620 0.852094 0.000000
2000 23.331169 0.572387 53.632179 -6.477454 -25.259565 0.863622 0.000000
2500 20.110493 0.721437 47.609486 -8.153532 -20.946915 0.880016 0.000000
3000 28.957111 0.485805 55.546124 -5.961431 -22.095980 0.982592 0.000000
3500 29.058853 0.455768 53.909931 -5.632595 -20.625031 0.950779 0.000000
4000 23.896685 0.441322 51.299999 -6.507920 -22.322586 0.985868 0.000000
4500 17.315725 0.393557 47.509872 -7.670588 -23.898167 0.981050 0.000000
5000 26.301231 0.481173 49.822094 -6.420228 -18.514481 0.932671 0.000000
500 23.665958 0.336056 53.879272 -7.107655 -24.379612 0.937897 0.000000
1000 39.233913 1.336693 56.606430 -4.161874 -15.550177 1.002841 0.000000
1500 24.543484 1.113931 49.786247 -5.713258 -21.672525 1.029089 0.000000
2000 33.797165 0.430581 57.820835 -3.262845 -22.317060 1.125657 0.000000
2500 28.403351 0.498565 51.734482 -4.526914 -20.346905 1.044120 0.000000
3000 26.176733 0.642217 53.094944 -5.376149 -23.320419 1.136141 0.000000
3500 28.645191 0.610353 51.650566 -4.305373 -20.374727 1.064375 0.000000
4000 26.609697 0.513910 51.997349 -4.436732 -22.401611 0.936786 0.000000
4500 20.508102 0.372585 46.904198 -7.551766 -20.299818 1.082903 0.000000
5000 28.466616 0.793747 56.343498 -7.900601 -21.877872 1.107843 0.000000
500 32.508682 0.358015 58.748489 -7.499605 -20.018761 0.920540 0.000000
1000 23.276075 0.376145 52.681461 -6.885417 -24.230440 1.334327 0.000000
1500 19.497063 0.721117 49.678795 -7.163938 -24.786480 1.047569 0.000000
2000 21.953819 0.251954 49.115227 -7.554029 -20.947353 1.088021 0.000000
2500 23.673134 0.302220 51.161610 -7.208293 -21.657850 1.075450 0.000000
3000 19.889803 0.370277 46.056602 -5.208088 -22.262207 0.933218 0.000000
3500 23.500168 0.782040 51.604740 -6.702534 -23.234442 1.050363 0.000000
4000 21.111607 0.394387 48.323494 -6.857551 -21.783247 1.034525 0.000000
4500 29.073542 0.351096 57.819233 -5.383952 -24.864992 1.152157 0.000000
5000 25.245581 0.389002 50.612907 -5.690685 -21.107759 1.042114 0.000000
500 30.776381 0.146358 56.804981 -5.462115 -21.724102 1.011259 0.000000
1000 21.318645 0.618089 51.168034 -7.586232 -23.946041 1.064795 0.000000
1500 30.587795 0.393946 55.241936 -4.210771 -21.980812 1.143493 0.000000
2000 32.800941 0.468956 60.484234 -6.041912 -22.902119 0.791783 0.000000
2500 29.487478 0.504756 57.703484 -7.176933 -22.514179 0.970350 0.000000
3000 28.734842 0.387823 56.516754 -6.016078 -23.254791 1.101138 0.000000
3500 22.544123 0.428534 49.780647 -4.597008 -24.136509 1.068457 0.000000
4000 24.677940 0.323634 48.613056 -3.683793 -21.528915 0.953957 0.000000
4500 39.795731 0.594122 63.975117 -3.974458 -21.835106 1.036058 0.000000
5000 28.025614 0.849724 51.716663 -3.566913 -22.085554 1.111694 0.000000
500 30.096746 0.418195 53.340496 -4.585019 -19.913527 0.836601 0.000000
1000 29.328373 0.174143 54.784454 -6.382871 -20.193209 0.945852 0.000000
1500 19.296305 0.435520 47.429070 -8.183018 -21.137655 0.752388 0.000000
2000 21.904917 0.566318 51.354778 -6.889780 -24.016575 0.890172 0.000000
2500 23.399734 0.491906 52.992878 -9.459320 -21.451523 0.825794 0.000000
3000 27.341375 0.860147 55.539162 -9.500432 -20.455246 0.897745 0.000000
3500 17.888105 0.199353 44.440304 -7.179102 -20.381578 0.809132 0.000000
4000 14.955383 1.131656 44.273888 -8.981311 -22.349976 0.881127 0.000000
4500 34.646591 1.010308 60.579014 -5.682253 -22.258785 0.998310 0.000000
5000 38.545498 0.791104 59.425793 -6.009521 -16.490633 0.828753 0.000000
500 46.590778 0.663750 69.855698 -5.157428 -19.924603 1.153359 0.000000
1000 39.292648 0.522386 61.489090 -4.292395 -19.519815 1.093382 0.000000
1500 40.691883 0.355887 61.226807 -2.461133 -19.216694 0.787014 0.000000
2000 38.503269 0.582516 58.205185 -2.562635 -18.569983 0.848187 0.000000
2500 33.835236 0.439474 59.911533 -5.323665 -22.009357 0.817248 0.000000
3000 32.819683 0.413024 64.268555 -7.711256 -25.097277 0.946633 0.000000
3500 37.557140 0.462957 63.207249 -4.525065 -22.524950 0.936954 0.000000
4000 32.498566 0.412891 57.033199 -4.363847 -21.520954 0.937277 0.000000
4500 30.385088 0.490824 57.210621 -5.595671 -22.651102 0.930415 0.000000
5000 32.952961 0.373795 58.613396 -3.374142 -23.662395 1.002308 0.000000
500 26.900301 0.346822 51.195679 -4.104160 -21.355896 0.817858 0.000000
1000 30.563808 0.467052 54.984329 -5.089408 -20.683184 0.885019 0.000000
1500 29.500372 0.668739 53.323349 -4.566491 -20.738104 0.812877 0.000000
2000 14.410961 0.502276 42.866371 -5.832235 -23.957300 0.831846 0.000000
2500 34.439625 0.526262 58.528816 -5.230167 -20.170185 0.784901 0.000000
3000 25.369085 0.415140 49.565247 -5.299657 -20.217051 0.905406 0.000000
3500 24.706833 0.396120 50.298157 -5.547293 -21.267193 0.827045 0.000000
4000 18.060400 0.357545 44.655704 -5.103892 -22.690269 0.841314 0.000000
4500 21.802177 0.523015 47.722916 -4.874272 -22.536663 0.967182 0.000000
5000 17.904379 0.321700 46.538376 -6.039715 -24.087112 1.171129 0.000000
500 25.216787 0.727195 52.936630 -6.649448 -22.892529 1.094938 0.000000
1000 20.391275 0.574253 48.155098 -5.360242 -24.372202 1.394367 0.000000
1500 20.822477 0.519266 45.410725 -6.796862 -19.714415 1.403767 0.000000
2000 25.349134 1.554890 51.452389 -8.054342 -20.611053 1.007253 0.000000
2500 14.838143 0.795512 43.768944 -7.894528 -22.735159 0.903372 0.000000
3000 24.142658 0.544121 51.324574 -7.075215 -21.728731 1.077909 0.000000
3500 29.541729 1.265460 58.610706 -9.537302 -21.787678 0.990540 0.000000
4000 21.835646 0.748021 48.541855 -8.601439 -19.794598 0.941808 0.000000
4500 23.920095 0.445550 53.937450 -8.821076 -22.527107 0.885279 0.000000
5000 18.416142 0.478305 47.041847 -8.846724 -21.092859 0.835569 0.000000
500 27.319584 0.777115 54.126175 -8.447937 -20.201271 1.065502 0.000000
1000 18.975546 0.476772 47.611397 -8.659360 -21.723970 1.270707 0.000000
1500 16.652742 0.379276 47.961151 -9.671312 -22.913986 0.897615 0.000000
2000 21.387983 0.902260 53.935291 -9.975417 -24.594542 1.120391 0.000000
2500 18.442297 0.504445 47.249428 -8.253638 -22.063534 1.005599 0.000000
3000 19.878660 0.673421 50.002548 -9.881372 -22.184586 1.268652 0.000000
3500 21.990164 0.475930 50.199677 -7.870339 -21.688009 0.872905 0.000000
4000 18.081285 0.407082 49.038166 -8.288053 -24.054821 0.978910 0.000000
4500 18.929996 0.424452 49.098476 -9.426444 -22.102650 0.936164 0.000000
5000 15.716422 0.488977 47.310749 -10.878789 -22.270533 1.066018 0.000000
500 23.162148 0.756558 46.858398 -7.630209 -18.023888 1.201291 0.000000
1000 12.910878 0.320279 38.329582 -8.088898 -18.807253 1.157168 0.000000
1500 31.250046 0.307762 50.729927 -4.708555 -16.153063 1.073977 0.000000
2000 37.690025 0.786183 59.573235 -8.727911 -14.922081 0.980597 0.000000
2500 38.164589 0.616578 59.196995 -6.069770 -16.545502 0.966289 0.000000
3000 35.118290 0.644116 56.899380 -8.230487 -15.089096 0.894380 0.000000
3500 26.846947 0.801039 52.098068 -6.773993 -20.458874 1.180707 0.000000
4000 39.286968 0.536671 56.359783 -5.323457 -13.309148 1.023116 0.000000
4500 33.495163 0.533735 58.179073 -9.772711 -16.536880 1.091951 0.000000
5000 28.222792 0.566471 53.411373 -7.104796 -19.540739 0.890483 0.000000
500 26.220787 0.572842 54.172108 -6.856211 -22.611061 0.943108 0.000000
1000 17.995087 0.745181 49.739803 -8.678097 -24.610256 0.798455 0.000000
1500 20.648706 0.390713 51.132816 -7.326074 -24.376896 0.828145 0.000000
2000 19.247051 0.382582 46.537853 -5.937903 -22.565569 0.830087 0.000000
2500 21.648272 0.437863 50.272602 -8.114978 -21.920874 0.973659 0.000000
3000 21.958113 0.297805 51.753872 -8.323759 -22.549461 0.779653 0.000000
3500 17.754478 0.532349 50.734783 -8.741382 -25.578442 0.807172 0.000000
4000 27.513359 0.539186 55.072636 -7.624774 -21.368078 0.894392 0.000000
4500 30.001877 0.409244 57.578842 -8.052711 -20.867586 0.934089 0.000000
5000 9.485286 0.442174 42.001251 -9.089652 -24.624376 0.755891 0.000000
500 14.036265 0.831429 43.431263 -8.184972 -23.420908 1.379452 0.000000
1000 20.074934 0.613428 51.878677 -9.303794 -24.293106 1.179731 0.000000
1500 24.035343 0.605761 51.627022 -6.754640 -22.508030 1.065227 0.000000
2000 25.002184 0.428131 55.104534 -6.686750 -24.792374 0.948640 0.000000
2500 15.919098 1.215771 43.656330 -9.543483 -20.327034 0.917515 0.000000
3000 16.601187 0.354925 46.394547 -7.712544 -23.819796 1.384055 0.000000
3500 28.137245 0.792788 51.674587 -7.083471 -18.350100 1.103438 0.000000
4000 23.876036 0.904438 53.891880 -8.303085 -24.060898 1.443701 0.000000
4500 16.485319 0.388110 45.855785 -8.296070 -22.402409 0.939901 0.000000
5000 19.823320 0.763228 48.235126 -6.713441 -23.400574 0.938977 0.000000
500 32.146271 0.369186 59.927460 -5.257821 -23.857719 0.965164 0.000000
1000 26.890472 0.239928 47.526703 -3.905218 -18.077148 1.106209 0.000000
1500 27.058805 1.229010 54.559067 -5.715039 -23.883610 0.869376 0.000000
2000 29.960186 1.536189 52.504604 -5.329097 -19.948511 1.197001 0.000000
2500 26.327793 1.191579 54.356770 -5.045821 -25.363407 1.188675 0.000000
3000 23.680393 0.824934 48.727322 -5.264454 -21.806866 1.199456 0.000000
3500 23.829123 0.582432 48.917683 -4.487904 -22.322552 1.139464 0.000000
4000 33.319969 0.393787 52.308941 -4.270483 -16.489998 1.377724 0.000000
4500 39.006218 0.414189 54.850002 -5.310741 -11.701497 0.754266 0.000000
5000 29.393885 0.259021 52.713257 -5.488020 -18.937881 0.847510 0.000000
500 27.514395 0.728474 56.942852 -6.887002 -24.272591 1.002660 0.000000
1000 28.546186 1.007383 52.366447 -5.178916 -20.963285 1.314559 0.000000
1500 25.302248 0.513788 51.322929 -4.963285 -23.023010 1.451830 0.000000
2000 28.846184 0.306288 52.778858 -3.266233 -22.116327 1.143594 0.000000
2500 29.709251 0.818027 54.484325 -6.423077 -20.210453 1.040428 0.000000
3000 39.060326 0.715601 55.605881 -3.414606 -14.951177 1.104625 0.000000
3500 34.817081 0.650781 55.083820 -3.910197 -17.925547 0.918225 0.000000
4000 27.252972 1.597301 53.817406 -4.691091 -24.553976 1.083330 0.000000
4500 24.838501 0.573282 49.374973 -4.511434 -21.497145 0.898824 0.000000
5000 32.779919 0.472379 57.709126 -3.190727 -23.333817 1.122960 0.000000
500 22.297487 0.651321 52.510834 -8.551286 -23.237932 0.924548 0.000000
1000 17.074703 0.607773 42.913780 -6.863739 -20.471771 0.888661 0.000000
1500 21.060131 0.494604 48.685387 -7.900121 -21.024914 0.805172 0.000000
2000 10.995264 0.446128 40.611404 -8.755313 -22.093630 0.786674 0.000000
2500 26.189074 0.723446 48.749680 -6.515271 -17.567657 0.798876 0.000000
3000 13.958730 0.624850 41.838543 -6.779664 -22.534599 0.809598 0.000000
3500 20.570520 1.070130 46.315918 -7.737658 -19.986605 0.908733 0.000000
4000 16.997568 0.447627 45.204891 -7.542072 -21.954998 0.842119 0.000000
4500 19.932814 0.511878 44.729626 -8.545275 -17.440424 0.677010 0.000000
5000 28.448708 0.464074 54.533154 -6.230232 -21.067799 0.749511 0.000000
500 24.454996 0.851103 46.142151 -2.992267 -20.497032 0.951040 0.000000
1000 29.992804 0.513405 51.033916 -3.668400 -18.862570 0.976452 0.000000
1500 25.071400 0.626180 48.273499 -4.326210 -20.414536 0.912468 0.000000
2000 30.956440 0.508810 55.620693 -5.244101 -20.845919 0.916955 0.000000
2500 21.246510 0.358943 41.932537 -4.233118 -17.843803 1.031948 0.000000
3000 32.231491 0.407938 54.172382 -3.529486 -19.794170 0.974826 0.000000
3500 32.832333 0.595325 55.877953 -4.234818 -20.359804 0.953676 0.000000
4000 29.323887 0.415990 48.459049 -5.203032 -15.260385 0.912265 0.000000
4500 33.915161 0.505604 54.488506 -3.506864 -18.855904 1.283818 0.000000
5000 31.614964 0.538270 50.317352 -2.943547 -17.152561 0.855450 0.000000
500 22.136379 0.187993 49.440536 -8.864740 -19.442459 0.815051 0.000000
1000 25.229824 0.524176 47.530968 -7.359896 -16.375408 0.909984 0.000000
1500 14.374161 0.364959 44.253708 -7.660619 -23.488558 0.904669 0.000000
2000 20.531347 0.492231 48.087193 -8.567087 -20.273348 0.792358 0.000000
2500 9.710731 0.429276 35.355488 -7.063601 -19.760658 0.750228 0.000000
3000 17.204643 1.022155 43.969746 -8.117035 -20.413157 0.742933 0.000000
3500 23.349325 0.625748 50.323883 -8.646327 -19.743950 0.789972 0.000000
4000 13.422718 0.825541 45.132397 -10.403489 -22.986542 0.854808 0.000000
4500 13.150063 0.332120 40.453926 -7.931777 -20.602722 0.898518 0.000000
5000 21.056664 0.501180 51.281727 -8.247050 -23.307673 0.828483 0.000000
500 33.450867 0.575015 52.698902 -4.856367 -15.996040 1.029356 0.000000
1000 41.798130 2.675239 55.366051 -3.947256 -13.137314 0.841410 0.000000
1500 26.602161 0.437174 49.911972 -6.050961 -18.680550 0.984523 0.000000
2000 38.087528 0.440984 58.363426 -5.623117 -16.010441 0.916675 0.000000
2500 34.630875 0.516576 51.643112 -4.457668 -14.023327 0.952184 0.000000
3000 27.399132 0.362900 51.764706 -5.562618 -20.098534 0.932679 0.000000
3500 41.653721 0.342803 63.638374 -4.336209 -18.851944 0.860694 0.000000
4000 17.528603 0.467661 44.058422 -6.907557 -21.223166 1.133241 0.000000
4500 21.019270 0.362971 43.605110 -5.844004 -18.007732 0.902925 0.000000
5000 31.213501 0.457572 56.591503 -7.645416 -19.177956 0.987796 0.000000
500 12.644191 0.237786 41.623478 -6.241015 -23.884790 0.908734 0.000000
1000 17.404644 0.287326 45.213039 -7.356554 -21.451611 0.712441 0.000000
1500 16.037439 0.378845 43.298061 -6.192539 -22.204121 0.757192 0.000000
2000 21.167652 0.502830 49.663933 -5.688653 -24.127327 0.816867 0.000000
2500 22.721102 0.535614 50.205433 -7.027756 -21.786346 0.794156 0.000000
3000 25.015049 0.287311 51.497993 -6.443742 -21.137228 0.810712 0.000000
3500 32.311817 0.367481 56.474957 -5.828740 -19.536190 0.834309 0.000000
4000 18.650814 0.334368 49.787636 -7.584038 -24.589655 0.702501 0.000000
4500 29.421011 0.695560 59.839230 -7.608564 -24.247536 0.742323 0.000000
5000 19.600960 0.574287 50.113697 -7.482030 -24.371239 0.766242 0.000000
500 32.608585 0.612186 61.649574 -6.166120 -24.817810 1.330753 0.000000
1000 30.015368 0.754715 55.003601 -5.754934 -21.272625 1.284608 0.000000
1500 20.942356 0.283921 47.552319 -4.798979 -23.136948 1.042046 0.000000
2000 18.663336 0.413455 43.721573 -5.629675 -21.012550 1.170535 0.000000
2500 29.892586 0.583982 52.799950 -7.460747 -17.534834 1.504237 0.000000
3000 28.300226 0.777975 55.831345 -8.583372 -21.481730 1.756009 0.000000
3500 18.052546 0.441410 42.143505 -7.266976 -18.588982 1.323587 0.000000
4000 19.764624 0.449486 48.102692 -8.250153 -22.003540 1.466139 0.000000
4500 35.102196 1.063842 56.382992 -6.027827 -17.374458 1.057650 0.000000
5000 36.341740 1.040859 58.836052 -6.075265 -18.490387 1.030481 0.000000
500 18.809860 0.478131 47.043243 -10.268873 -19.426447 0.983805 0.000000
1000 29.007732 0.795482 56.783810 -6.622520 -23.135742 1.186703 0.000000
1500 22.165705 0.399571 52.420036 -8.005455 -23.663109 1.014663 0.000000
2000 32.712482 1.236789 57.259159 -5.983743 -20.899654 1.099931 0.000000
2500 31.595074 1.124165 57.565796 -6.985699 -21.205509 1.096320 0.000000
3000 34.412189 0.697894 60.307777 -6.704071 -20.939301 1.049888 0.000000
3500 25.581335 0.663356 53.765949 -6.514548 -23.581980 1.248558 0.000000
4000 30.631176 0.367165 59.082417 -7.331094 -22.630735 1.143423 0.000000
4500 32.456833 0.251802 56.930183 -6.538825 -19.424658 1.238328 0.000000
5000 31.873192 0.628670 55.007137 -5.599164 -19.321747 1.158294 0.000000
500 30.512152 0.791969 56.979877 -6.281269 -22.102602 1.124176 0.000000
1000 30.899485 0.858457 57.614197 -6.634243 -22.219547 1.280622 0.000000
1500 25.960732 0.862154 51.578960 -6.004281 -21.848606 1.372505 0.000000
2000 24.786121 0.336884 51.383038 -4.603500 -23.519308 1.189008 0.000000
2500 23.007877 0.885487 51.117779 -6.007107 -24.183918 1.195636 0.000000
3000 21.363916 0.398879 48.790482 -7.068529 -22.057781 1.300864 0.000000
3500 18.042130 0.467200 49.082642 -7.628420 -25.320976 1.441682 0.000000
4000 18.333483 0.541748 41.904957 -7.215447 -18.165028 1.267252 0.000000
4500 24.597944 0.487555 53.330189 -7.706561 -22.597815 1.084575 0.000000
5000 31.352858 0.623238 51.934574 -7.171730 -15.184647 1.151422 0.000000
500 27.439064 1.443740 53.046955 -6.421429 -21.681490 1.051287 0.000000
1000 34.196728 0.820306 57.462467 -5.302147 -20.066504 1.282603 0.000000
1500 32.359688 0.293214 52.246315 -5.364760 -16.046307 1.231228 0.000000
2000 47.029606 1.527744 61.656292 -4.266310 -13.359178 1.471057 0.000000
2500 40.866734 0.843359 58.363548 -2.905674 -16.500603 1.066106 0.000000
3000 33.973461 1.138040 55.946873 -2.680066 -21.523647 1.092261 0.000000
3500 38.599178 0.491105 55.593533 -3.566871 -14.944441 1.025851 0.000000
4000 36.786324 0.322360 53.236481 -4.032664 -13.863511 1.123658 0.000000
4500 33.901455 0.380114 59.235504 -3.549311 -23.515732 1.350879 0.000000
5000 29.516684 0.376414 50.102139 -3.819534 -18.116886 0.974550 0.000000
500 33.723232 0.536357 53.854336 -2.328812 -19.297726 0.959076 0.000000
1000 17.565126 0.347391 40.049271 -1.579102 -22.289288 1.036856 0.000000
1500 22.960644 0.412861 45.606884 -2.266928 -21.742933 0.950761 0.000000
2000 23.879097 0.649622 43.341385 -1.698268 -19.278019 0.864376 0.000000
2500 28.008997 0.596169 50.691704 -1.261387 -22.954012 0.936523 0.000000
3000 18.263924 0.485958 38.860256 -1.115640 -20.972105 1.005453 0.000000
3500 39.839142 0.601303 46.804165 -0.508345 -8.004066 0.946087 0.000000
4000 29.707069 0.659821 48.503162 -0.909778 -19.611383 1.065248 0.000000
4500 28.774412 0.914461 50.287628 -1.278709 -22.120794 0.971829 0.000000
5000 47.314983 0.282810 60.799030 -1.620764 -13.368960 1.222866 0.000000
500 29.671400 0.450970 55.546463 -1.955690 -25.289360 0.919015 0.000000
1000 29.243814 0.593107 52.953312 -3.171208 -22.083551 0.952151 0.000000
1500 27.108799 0.563062 55.131081 -3.924336 -25.518333 0.857326 0.000000
2000 28.031036 0.695592 51.304947 -1.142215 -23.889740 1.062454 0.000000
2500 40.422768 0.514554 59.310711 -1.327749 -19.225080 1.150331 0.000000
3000 33.126854 0.425589 59.079964 -3.547905 -24.047306 1.216511 0.000000
3500 49.341923 0.705708 61.283936 -0.601668 -13.131529 1.085475 0.000000
4000 22.601582 1.626198 49.083599 -6.007151 -22.902506 0.801443 0.000000
4500 21.548021 0.908444 48.247169 -5.292229 -23.125353 0.809990 0.000000
5000 23.995787 0.558284 49.621468 -3.765669 -23.237062 0.818764 0.000000
500 44.525074 0.718490 54.843010 -3.217648 -9.060659 1.241877 0.000000
1000 47.198425 0.615884 63.731945 -3.479739 -14.943370 1.273704 0.000000
1500 37.150070 1.339272 55.830254 -3.115760 -18.341200 1.437507 0.000000
2000 46.258770 0.648707 57.982769 -3.530459 -10.052238 1.209992 0.000000
2500 46.794750 0.797050 64.020638 -3.001919 -16.132824 1.111807 0.000000
3000 34.005970 0.690296 50.580502 -0.653984 -17.606979 0.996138 0.000000
3500 38.166435 0.486172 56.683578 -0.635765 -19.371189 1.003637 0.000000
4000 37.427017 1.675573 52.724255 -0.765902 -17.438494 1.231592 0.000000
4500 36.886814 0.481518 52.800381 -0.646813 -16.950947 1.202675 0.000000
5000 42.006966 1.588190 54.361561 -0.866731 -14.175449 1.099397 0.000000
500 47.259052 0.614783 58.879467 -0.799694 -12.447958 1.012455 0.000000
1000 53.825840 0.643328 65.744392 -1.386653 -12.564482 1.389255 0.000000
1500 52.508652 0.424697 63.989204 -2.272521 -11.055551 1.422822 0.000000
2000 52.028191 0.423057 61.663109 -2.361792 -8.812974 1.116792 0.000000
2500 43.108673 1.847190 58.955067 -3.694361 -15.707420 1.708198 0.000000
3000 42.239513 0.698472 57.846828 -2.972343 -14.777328 1.443887 0.000000
3500 28.781466 0.709461 52.387737 -3.209908 -22.205349 1.099523 0.000000
4000 40.445621 0.999307 60.054123 -4.528617 -17.498962 1.419773 0.000000
4500 38.971817 0.667037 61.593933 -3.490421 -21.144840 1.346107 0.000000
5000 35.704693 0.331061 59.545940 -3.116364 -22.166576 1.110632 0.000000
500 27.973299 0.491369 51.827141 -7.065547 -18.025850 0.746188 0.000000
1000 17.601822 0.484455 47.104542 -8.963650 -21.876049 0.852524 0.000000
1500 29.869305 0.615181 56.115788 -6.165890 -21.397161 0.701387 0.000000
2000 14.571465 0.418500 47.070557 -8.722686 -24.912167 0.717264 0.000000
2500 13.820402 0.250736 47.474907 -9.892925 -24.768909 0.756594 0.000000
3000 11.771733 0.238202 45.874805 -10.425457 -24.586330 0.670514 0.000000
3500 23.165129 0.424073 51.338360 -5.845469 -23.514027 0.762193 0.000000
4000 16.652323 0.473427 48.554817 -8.970862 -24.106194 0.701136 0.000000
4500 14.878927 0.403608 43.942776 -8.890922 -21.393625 0.817093 0.000000
5000 17.607529 0.610218 48.191158 -8.105963 -23.874788 0.786906 0.000000
500 14.379965 0.539066 44.023979 -8.858897 -22.141291 0.817109 0.000000
1000 17.253862 0.566079 48.313717 -9.205399 -23.126301 0.705766 0.000000
1500 28.141447 0.461717 58.097923 -7.793048 -23.440048 0.814905 0.000000
2000 25.801067 0.501160 54.664360 -6.838353 -23.193806 0.667705 0.000000
2500 14.103951 0.340588 45.403721 -9.047993 -23.434250 0.841885 0.000000
3000 19.626514 0.421723 49.802299 -9.223734 -22.148764 0.774988 0.000000
3500 29.073235 0.592829 53.202713 -6.418568 -19.113049 0.809308 0.000000
4000 21.970612 0.366124 51.348274 -9.600574 -20.932865 0.789653 0.000000
4500 11.034488 0.547768 42.679409 -9.644023 -23.325653 0.776988 0.000000
5000 19.129755 0.409263 49.553024 -10.140805 -21.470278 0.778549 0.000000
500 31.262323 0.601303 56.466095 -6.085346 -20.596838 0.877110 0.000000
1000 32.288033 0.615904 56.134212 -5.300341 -20.039547 0.877802 0.000000
1500 29.700592 0.485680 57.105568 -5.341025 -23.355259 0.805631 0.000000
2000 34.878998 0.566979 61.783840 -6.494370 -21.805523 0.828073 0.000000
2500 24.723415 0.618517 52.412113 -6.143679 -23.002569 0.839029 0.000000
3000 22.481949 0.454232 52.831509 -8.178569 -23.714584 1.089364 0.000000
3500 23.105013 0.532973 53.209969 -10.314156 -21.311075 0.987300 0.000000
4000 23.935595 0.460980 52.066902 -7.987836 -21.533775 0.929323 0.000000
4500 35.703213 0.287779 60.176174 -7.611769 -18.063383 0.914411 0.000000
5000 30.268019 0.320046 59.677090 -8.423885 -22.195877 0.890646 0.000000
500 25.893051 0.604570 56.018345 -8.671234 -22.830336 0.771708 0.000000
1000 23.585863 0.410770 52.609554 -5.297476 -24.835556 0.698572 0.000000
1500 31.552134 0.876750 55.692188 -8.089818 -17.676285 0.749296 0.000000
2000 26.739546 0.373335 57.715332 -9.958261 -22.077311 0.686451 0.000000
2500 14.482857 0.310182 46.105801 -10.550187 -22.076630 0.693691 0.000000
3000 18.990236 0.467550 47.277306 -5.872926 -23.687836 0.806142 0.000000
3500 14.728710 0.444618 45.608864 -9.131620 -22.873312 0.680163 0.000000
4000 18.658575 0.559053 51.214039 -9.294768 -24.628408 0.808662 0.000000
4500 12.295122 0.317280 45.372890 -10.416222 -23.888006 0.909180 0.000000
5000 18.736662 0.720725 50.957455 -8.950188 -24.894768 0.903437 0.000000
500 22.286205 0.456596 48.973125 -5.556070 -22.405403 0.817958 0.000000
1000 26.060535 0.501572 53.638397 -5.903390 -23.035305 0.859261 0.000000
1500 21.416742 0.541702 45.936749 -5.581815 -20.266640 0.786745 0.000000
2000 27.976328 0.340805 49.952763 -6.029097 -17.053358 0.765216 0.000000
2500 34.477089 0.429983 61.041691 -6.767261 -21.201761 0.974440 0.000000
3000 34.290508 0.476908 55.443619 -4.619804 -17.780306 0.770091 0.000000
3500 25.138775 0.591100 50.256378 -5.181259 -21.374565 0.847123 0.000000
4000 24.663221 0.264983 52.308239 -5.525686 -23.178696 0.794379 0.000000
4500 28.690062 0.358941 49.439884 -5.921074 -16.068790 0.881102 0.000000
5000 23.796093 0.598571 47.245602 -6.851134 -18.182924 0.985979 0.000000
500 17.808376 1.618208 45.958801 -8.286238 -22.257082 0.774687 0.000000
1000 19.891586 0.565228 48.644947 -8.241747 -21.859379 0.782536 0.000000
1500 13.822833 0.311649 41.279945 -7.371964 -21.133249 0.736451 0.000000
2000 17.232103 0.239170 45.496315 -6.883405 -22.390907 0.770929 0.000000
2500 21.914692 0.690951 52.236794 -8.784494 -23.060020 0.831463 0.000000
3000 21.547743 0.575378 49.558746 -9.627930 -19.689686 0.731234 0.000000
3500 21.458292 0.497520 53.115280 -10.973680 -21.971977 0.791147 0.000000
4000 19.476871 0.692630 51.205990 -8.652704 -24.493645 0.724598 0.000000
4500 6.071285 0.347182 37.705330 -9.044958 -23.629204 0.692934 0.000000
5000 11.245263 0.479845 41.647694 -9.896918 -21.729519 0.744161 0.000000
500 23.011240 0.200924 48.822124 -5.112884 -21.726738 0.827813 0.000000
1000 34.256977 0.658761 61.227474 -4.966532 -23.552042 0.889318 0.000000
1500 18.197386 0.562266 50.088894 -9.132924 -24.109177 0.788324 0.000000
2000 15.341784 0.394260 48.197521 -8.238535 -26.064705 1.053241 0.000000
2500 18.195461 0.360218 47.497887 -6.929109 -23.732435 0.998899 0.000000
3000 28.224459 0.397930 52.207458 -5.464011 -19.879190 0.962273 0.000000
3500 25.462282 0.499768 51.631458 -5.766175 -21.783226 0.880456 0.000000
4000 21.784546 0.318814 50.823669 -7.134354 -23.096844 0.873260 0.000000
4500 22.704796 0.273072 51.480412 -7.772264 -22.132206 0.855785 0.000000
5000 18.064234 0.368268 45.086975 -6.323674 -22.004990 0.937655 0.000000
500 34.457817 0.525709 56.355774 -5.185757 -17.992945 0.755034 0.000000
1000 20.457981 0.361986 47.723660 -5.627748 -22.817450 0.817533 0.000000
1500 24.569475 0.447683 53.663498 -5.697435 -24.583012 0.738737 0.000000
2000 20.695114 0.711906 50.457706 -6.908540 -24.382978 0.817019 0.000000
2500 29.139397 0.462444 54.028126 -7.267228 -18.854118 0.770172 0.000000
3000 20.351730 0.543489 47.572659 -7.346807 -21.179573 0.761964 0.000000
3500 24.283558 0.544868 52.912273 -8.096146 -21.938969 0.861530 0.000000
4000 25.318138 0.510613 51.615406 -6.568800 -21.142113 0.903034 0.000000
4500 23.223562 0.426890 49.161747 -5.202717 -22.006783 0.844423 0.000000
5000 30.532104 0.374091 55.553337 -4.383367 -21.780218 0.768259 0.000000
500 14.315458 0.443911 43.653038 -8.313484 -22.395906 0.927903 0.000000
1000 16.254791 0.554115 44.267708 -7.612666 -21.897030 0.942665 0.000000
1500 20.058834 0.853778 49.344601 -8.488857 -22.661819 1.011132 0.000000
2000 30.149385 0.974086 59.875141 -8.374863 -23.270922 0.945942 0.000000
2500 15.957969 0.676171 48.679607 -9.872737 -24.352646 0.827575 0.000000
3000 21.583546 0.553226 48.423000 -6.694440 -21.595579 0.897337 0.000000
3500 8.281120 0.386648 36.793053 -8.196986 -21.553410 0.851818 0.000000
4000 11.697867 0.627329 41.673527 -9.356375 -22.160978 0.914365 0.000000
4500 25.646029 0.519004 52.458340 -7.201586 -21.031969 0.902241 0.000000
5000 26.028950 0.360401 49.850822 -5.095542 -19.913023 0.826292 0.000000
500 21.403763 0.325514 48.492577 -5.515281 -22.644989 0.745941 0.000000
1000 34.554951 0.640062 60.715378 -5.669275 -22.085926 0.954711 0.000000
1500 33.445980 0.965266 58.331627 -5.111899 -21.567766 0.828754 0.000000
2000 45.620323 0.507224 65.861626 -4.547709 -17.146860 0.946037 0.000000
2500 26.709566 0.598090 52.526474 -5.504668 -21.795979 0.885648 0.000000
3000 29.196064 0.509686 54.654915 -6.661169 -20.059113 0.751744 0.000000
3500 26.294468 0.555592 51.690254 -5.428481 -21.321859 0.798963 0.000000
4000 22.870403 0.277373 50.029144 -5.036433 -23.288067 0.888386 0.000000
4500 23.519197 0.603154 50.645847 -5.562044 -22.962212 0.794452 0.000000
5000 29.857534 0.743646 50.786842 -4.231920 -18.216137 0.775103 0.000000
500 20.372505 0.302895 50.935772 -8.249246 -23.401093 0.784176 0.000000
1000 20.380369 0.576345 49.890457 -8.529097 -22.292881 0.735545 0.000000
1500 19.549753 0.656668 45.575836 -8.232680 -19.322224 0.872152 0.000000
2000 17.605762 0.419223 45.520897 -7.704196 -21.444757 0.814596 0.000000
2500 18.616467 0.441111 47.523087 -7.348916 -22.912367 0.913550 0.000000
3000 22.234159 0.497750 44.896282 -5.654606 -18.506865 1.001599 0.000000
3500 30.541639 0.602382 52.800446 -5.319560 -18.347536 0.805908 0.000000
4000 20.319845 1.206130 49.511826 -7.712745 -23.537594 0.852229 0.000000
4500 13.242555 0.569005 41.800648 -7.330106 -22.628590 0.831597 0.000000
5000 19.411263 0.521609 48.715595 -7.341135 -23.440865 0.956055 0.000000
500 11.961200 0.893721 39.610435 -7.487016 -22.063694 1.007750 0.000000
1000 25.264906 0.324815 52.333416 -7.988584 -20.342564 0.937822 0.000000
1500 25.247072 0.573877 53.555531 -7.596334 -22.328302 1.042301 0.000000
2000 23.080145 0.312001 45.682621 -6.395897 -17.349983 0.831404 0.000000
2500 22.571638 0.688310 49.516979 -7.527312 -20.925846 0.819509 0.000000
3000 17.753571 0.349470 43.979355 -9.088228 -18.324312 0.837290 0.000000
3500 15.792873 0.568737 37.594643 -8.865504 -14.426676 0.921675 0.000000
4000 15.506641 0.420960 42.447655 -6.927320 -21.217491 0.782840 0.000000
4500 23.257399 0.459694 47.737648 -6.945669 -18.797592 0.803316 0.000000
5000 13.418593 0.340612 41.953411 -9.788204 -19.844702 0.757478 0.000000
500 19.643085 0.896356 43.241089 -6.482200 -18.865202 0.853045 0.000000
1000 29.230661 0.609719 51.313011 -5.519908 -18.109184 0.937025 0.000000
1500 22.329626 0.566109 47.918091 -5.413037 -21.843939 1.102402 0.000000
2000 21.398369 0.842004 49.424175 -5.833071 -24.046974 1.012237 0.000000
2500 20.835661 0.461613 46.312458 -4.219514 -22.875210 1.156313 0.000000
3000 27.349674 0.600983 50.763550 -5.237919 -19.625050 0.848109 0.000000
3500 14.941163 0.937945 41.525009 -5.130059 -23.305042 0.913308 0.000000
4000 32.686928 0.452345 51.451519 -5.517370 -14.736414 1.036846 0.000000
4500 25.617516 0.423027 48.651680 -5.794893 -18.764086 1.101785 0.000000
5000 26.802757 0.588500 47.135086 -4.825195 -17.129402 1.033768 0.000000
500 27.489740 0.354254 52.275814 -7.240707 -19.338301 1.438682 0.000000
1000 26.851509 0.749076 51.264683 -8.147526 -17.971205 0.956481 0.000000
1500 24.909037 0.478547 50.279381 -9.157697 -17.638081 0.946886 0.000000
2000 12.757113 0.315736 40.729076 -8.985650 -20.341858 1.039809 0.000000
2500 23.380285 0.475793 47.309727 -6.970075 -18.455772 1.020612 0.000000
3000 18.151569 0.472728 46.087826 -10.455072 -19.007004 1.053089 0.000000
3500 25.987928 0.439702 48.330177 -7.982435 -15.743464 0.943948 0.000000
4000 20.573359 0.397707 48.158890 -8.717579 -20.539309 1.273647 0.000000
4500 22.610556 0.476486 46.927929 -7.265028 -18.696766 1.167935 0.000000
5000 18.825829 0.450051 43.686337 -7.930245 -18.451347 1.071034 0.000000
500 9.251126 0.798861 38.199936 -9.503851 -21.233147 0.989326 0.000000
1000 21.253798 0.232727 42.505875 -7.839329 -14.872097 1.226621 0.000000
1500 19.248672 0.488340 43.250336 -7.034235 -18.562227 1.106460 0.000000
2000 16.770407 0.396199 44.684856 -9.491069 -20.484861 1.665283 0.000000
2500 20.667231 0.396405 47.797634 -8.838162 -19.733828 1.045182 0.000000
3000 16.547394 0.284193 43.504505 -9.009528 -19.477268 1.245492 0.000000
3500 10.886859 0.537608 38.180145 -8.961443 -19.915489 1.046036 0.000000
4000 25.448088 0.356201 49.187820 -7.588966 -17.378117 0.871149 0.000000
4500 20.661144 0.918655 47.444000 -9.329191 -19.281673 0.909355 0.000000
5000 20.114676 0.654011 48.118187 -9.831565 -19.762325 0.936370 0.000000
500 20.187933 0.447564 49.183773 -8.964884 -21.213348 0.734831 0.000000
1000 37.286892 0.543574 56.404114 -8.444263 -11.869555 0.653023 0.000000
1500 26.772259 0.262281 46.827705 -5.784724 -15.265667 0.732666 0.000000
2000 34.920498 0.379243 58.007370 -6.474586 -17.744484 0.752958 0.000000
2500 29.611233 0.476496 58.034599 -7.245593 -22.381584 0.727318 0.000000
3000 24.472151 0.394843 52.899036 -6.150718 -23.453829 0.782817 0.000000
3500 39.901005 0.572117 62.235153 -7.522480 -16.203375 0.819590 0.000000
4000 24.022093 0.416703 54.549313 -7.598896 -24.028402 0.683376 0.000000
4500 26.710684 0.417152 49.977089 -7.312762 -17.166481 0.795687 0.000000
5000 36.088490 1.136945 59.395634 -5.902749 -19.344385 0.803043 0.000000
500 23.717896 1.728532 52.344707 -7.558619 -24.013184 1.216462 0.000000
1000 22.179195 0.424235 51.527786 -6.998811 -23.797190 1.023172 0.000000
1500 27.195026 0.373806 56.313404 -7.602609 -22.867455 0.977879 0.000000
2000 29.523487 0.612181 49.270554 -5.772408 -15.694674 1.107831 0.000000
2500 27.770119 0.512538 54.098877 -6.395762 -21.666620 1.221086 0.000000
3000 21.546644 0.925125 48.116756 -8.376528 -20.326967 1.208260 0.000000
3500 19.028221 0.403877 45.088547 -7.688950 -19.830801 1.055547 0.000000
4000 29.759361 0.541377 54.521774 -6.340433 -19.932083 0.968727 0.000000
4500 30.467928 0.439305 53.576267 -4.675003 -19.837547 0.964907 0.000000
5000 37.582260 0.396513 58.906845 -5.577899 -17.418938 1.275738 0.000000
500 35.565521 0.268871 53.940590 -2.939348 -16.465532 0.760940 0.000000
1000 34.024170 0.441279 58.594776 -3.188672 -22.599949 0.776735 0.000000
1500 39.762371 0.363529 59.301029 -3.029322 -17.647846 0.774982 0.000000
2000 33.180145 0.598220 59.772812 -4.980897 -23.055727 0.845733 0.000000
2500 34.602501 1.361026 55.637428 -6.222053 -16.936644 0.762741 0.000000
3000 24.579556 0.380324 53.702736 -7.321163 -22.845818 0.663474 0.000000
3500 34.581509 0.490836 60.075619 -7.904693 -18.893961 0.813710 0.000000
4000 39.013374 0.297213 57.683365 -5.625926 -14.104129 0.762852 0.000000
4500 33.296608 0.422386 54.131672 -5.712294 -16.261261 0.716103 0.000000
5000 21.407335 1.311623 46.746223 -5.781676 -21.628267 0.759434 0.000000
500 15.054736 0.602452 43.006859 -6.435557 -23.063286 0.944271 0.000000
1000 13.712639 0.604549 41.217789 -6.655087 -22.526062 1.071449 0.000000
1500 18.590303 0.567487 48.913528 -8.330313 -23.583385 1.022986 0.000000
2000 18.248245 0.284098 45.793316 -6.553026 -22.176441 0.900295 0.000000
2500 27.891739 0.578059 55.027412 -5.415771 -23.176998 0.879036 0.000000
3000 31.914347 0.851365 55.394215 -5.766802 -19.458279 0.893850 0.000000
3500 28.488934 0.854722 56.201309 -7.161833 -22.468214 1.062951 0.000000
4000 38.598801 0.549348 53.109875 -5.375844 -10.661501 0.976921 0.000000
4500 29.303337 0.623147 54.614723 -6.968444 -19.859634 0.893546 0.000000
5000 26.295210 0.379671 49.999306 -6.934085 -17.976482 0.826800 0.000000
500 16.303509 1.060523 44.571896 -8.492949 -21.789522 0.953558 0.000000
1000 12.913275 0.441270 40.977154 -6.761697 -22.717705 0.974253 0.000000
1500 11.229453 0.411784 43.094189 -7.993851 -25.180296 0.897626 0.000000
2000 15.797348 0.764969 43.743809 -8.714646 -20.841249 0.844465 0.000000
2500 22.001686 0.506206 50.054592 -9.214538 -20.260033 0.915459 0.000000
3000 10.402515 0.537179 42.089123 -8.989491 -24.139311 0.905016 0.000000
3500 18.869898 0.779841 51.516087 -9.731523 -24.659784 0.965274 0.000000
4000 17.241867 0.625545 47.289852 -9.305548 -22.217850 0.849868 0.000000
4500 15.715489 0.495850 47.158138 -10.193658 -22.640524 0.895682 0.000000
5000 11.976447 0.313174 41.477352 -7.395866 -23.276327 0.858113 0.000000
500 34.751038 0.576621 55.313251 -6.597966 -15.545668 1.004799 0.000000
1000 32.044220 0.660099 54.524696 -6.367414 -17.847824 1.074659 0.000000
1500 26.285891 0.416955 49.465149 -6.121572 -18.400703 0.926062 0.000000
2000 24.992123 0.645572 45.682140 -5.941044 -16.257607 0.863059 0.000000
2500 33.526409 0.491703 48.781742 -5.903036 -10.620171 0.776168 0.000000
3000 25.611658 0.306205 50.590153 -6.852809 -19.368498 0.936608 0.000000
3500 32.642185 0.430256 54.365250 -6.616184 -16.656139 1.119004 0.000000
4000 33.796646 0.504227 52.994400 -3.681493 -16.839376 0.818886 0.000000
4500 18.133047 1.519451 40.295452 -6.540520 -18.077663 0.936327 0.000000
5000 25.676592 0.602961 47.194023 -5.222785 -17.775665 0.878061 0.000000
500 23.945574 0.606361 52.840527 -8.352762 -22.063946 0.915397 0.000000
1000 25.902311 0.507905 55.121910 -7.255227 -23.426346 0.954069 0.000000
1500 18.961874 0.578340 47.857044 -9.058347 -21.240780 0.825617 0.000000
2000 15.596092 0.621486 44.719765 -6.928498 -23.706697 0.890036 0.000000
2500 25.864326 1.031036 53.046741 -6.562445 -22.512886 0.861881 0.000000
3000 30.607319 1.182110 55.371933 -6.163089 -20.728647 0.945013 0.000000
3500 19.864956 0.643981 51.962528 -9.357203 -24.213654 0.829304 0.000000
4000 22.776024 0.417293 51.221176 -7.108885 -22.698845 0.945281 0.000000
4500 25.985172 0.572996 52.497623 -6.085736 -21.864132 0.864418 0.000000
5000 25.845976 0.501722 52.675434 -5.219365 -22.962357 0.850542 0.000000
500 28.494446 0.826108 55.396172 -8.727620 -19.849411 0.849198 0.000000
1000 23.734636 1.151790 48.132210 -6.030363 -20.525114 1.006112 0.000000
1500 16.877481 0.755258 45.772827 -8.349871 -22.222733 0.921999 0.000000
2000 25.294682 0.637502 51.910969 -7.250987 -20.950470 0.947671 0.000000
2500 35.507805 0.549456 52.685555 -6.001206 -12.558065 0.832061 0.000000
3000 28.714485 0.430132 55.863701 -7.812441 -20.775869 1.008962 0.000000
3500 25.462637 0.538360 55.385098 -8.107508 -23.165340 0.812028 0.000000
4000 26.785109 0.286960 53.596756 -7.243738 -20.680262 0.825393 0.000000
4500 34.801220 1.001235 58.454762 -6.612713 -18.834240 0.792174 0.000000
5000 29.755800 0.777227 54.004494 -8.091228 -17.703365 0.768674 0.000000
500 24.587399 0.414112 50.112175 -5.378251 -21.480896 0.920258 0.000000
1000 19.681883 0.653569 47.489223 -7.764883 -21.996769 1.300745 0.000000
1500 24.894098 0.464832 46.028107 -7.210395 -15.144634 0.756190 0.000000
2000 19.862692 0.329382 50.030857 -7.157849 -24.151251 0.811550 0.000000
2500 17.612839 0.341617 47.787529 -7.133211 -24.215496 0.832401 0.000000
3000 13.519941 0.439844 42.378269 -7.094397 -23.069092 0.865317 0.000000
3500 14.251545 0.739907 37.873260 -6.621845 -18.585743 0.845967 0.000000
4000 16.649546 0.351735 45.404064 -8.306638 -21.722397 0.922781 0.000000
4500 32.859325 0.612321 53.850723 -4.783784 -17.743225 0.923291 0.000000
5000 20.624693 0.780760 49.901581 -8.271572 -22.765018 0.978941 0.000000
500 24.397268 0.616425 47.928673 -4.604722 -20.367180 0.824072 0.000000
1000 26.919323 0.555117 49.811638 -5.037519 -19.192062 0.782155 0.000000
1500 18.596415 0.270240 48.177338 -7.856443 -22.713951 0.719232 0.000000
2000 14.437758 0.365317 43.373680 -9.104194 -21.004667 0.807622 0.000000
2500 14.736501 0.382269 48.028046 -10.505965 -23.987652 0.819806 0.000000
3000 22.344748 0.343073 48.689953 -7.561301 -19.996687 0.869708 0.000000
3500 36.031433 0.562675 61.639400 -7.181145 -19.859482 0.869984 0.000000
4000 22.880209 0.292059 48.065083 -6.181857 -20.209621 0.914546 0.000000
4500 20.784090 0.888682 46.979900 -5.739283 -22.209946 0.864733 0.000000
5000 23.765165 0.680881 45.974251 -4.818807 -18.862900 0.791739 0.000000
500 18.360218 1.054388 43.639671 -7.255824 -19.995619 0.917601 0.000000
1000 28.618635 0.380031 52.674030 -5.922321 -19.385517 0.872411 0.000000
1500 28.993746 0.494685 51.541916 -5.283738 -18.677477 0.918358 0.000000
2000 18.529972 0.822406 43.148788 -7.637895 -18.554527 0.751198 0.000000
2500 35.906021 0.966816 58.015694 -5.848997 -18.062267 0.834774 0.000000
3000 40.632854 0.494050 59.194984 -4.308664 -15.637531 0.890015 0.000000
3500 33.759010 0.790082 58.349022 -6.601609 -19.698635 0.920151 0.000000
4000 24.197147 0.362095 46.368778 -6.109146 -17.271053 0.846474 0.000000
4500 26.973360 0.283478 53.677303 -5.740531 -22.115673 0.868785 0.000000
5000 32.346142 0.974606 53.819286 -6.035824 -17.283443 0.871516 0.000000
