500 31.467575 1.667570 51.190483 -6.422883 -15.875434 0.907840 0.000000
1000 35.090771 0.635707 54.376678 -4.966746 -15.819914 0.865048 0.000000
1500 32.111874 0.601981 49.803783 -6.064487 -13.109157 0.879754 0.000000
2000 35.761242 0.553476 55.037292 -6.504586 -14.178199 0.853255 0.000000
2500 37.705990 0.418736 57.418255 -5.908076 -15.148042 0.925116 0.000000
3000 33.962070 0.369981 53.521561 -5.469058 -15.261662 0.801249 0.000000
3500 35.935371 0.735251 54.934959 -4.520586 -16.018581 0.804325 0.000000
4000 31.423994 0.329895 49.966648 -5.531696 -14.409913 1.069059 0.000000
4500 32.770962 0.522372 54.082291 -6.955821 -15.833094 0.955213 0.000000
5000 29.873650 0.491362 47.983215 -4.545602 -14.983641 0.928313 0.000000
500 18.495626 1.832301 42.318523 -7.383662 -18.987143 0.715607 0.000000
1000 23.732811 1.246284 48.892712 -6.017775 -21.161556 0.773144 0.000000
1500 14.773260 0.592508 43.471390 -8.630012 -21.462957 0.802334 0.000000
2000 11.043502 0.604078 43.857437 -8.509773 -25.610813 0.702575 0.000000
2500 10.872663 0.288628 38.428562 -6.739061 -21.876179 0.770713 0.000000
3000 13.852474 0.912784 41.745731 -6.447944 -23.147350 0.789254 0.000000
3500 20.514059 0.696958 50.597103 -6.688690 -24.855938 0.764627 0.000000
4000 19.150896 0.829009 42.618549 -6.410957 -18.658941 0.773235 0.000000
4500 17.469172 0.733544 44.977627 -6.056823 -22.999008 0.813833 0.000000
5000 27.907190 0.513568 55.282021 -6.935031 -21.654949 0.701582 0.000000
500 28.163980 1.280316 58.707012 -7.922494 -24.762554 0.861700 0.000000
1000 24.029718 0.527216 46.911793 -6.699300 -17.382893 0.672900 0.000000
1500 19.392233 0.790937 48.721336 -7.098261 -23.756029 0.734253 0.000000
2000 19.808659 0.496634 49.685802 -9.414513 -21.659506 0.700238 0.000000
2500 16.925419 0.764509 44.923512 -6.736611 -22.887075 0.861087 0.000000
3000 16.007755 0.671866 44.034149 -7.536347 -22.061752 0.899838 0.000000
3500 14.641260 1.556988 44.696945 -7.623396 -24.847017 0.857739 0.000000
4000 10.278093 0.447486 40.412853 -6.742832 -24.639420 0.800005 0.000000
4500 16.357872 0.397201 44.773262 -6.554600 -23.000019 0.742027 0.000000
5000 12.430682 0.450252 39.464962 -5.657364 -22.707153 0.879984 0.000000
500 15.470727 0.423925 41.570541 -8.202975 -19.222874 0.902112 0.000000
1000 24.183687 0.722323 52.671467 -9.102385 -21.123034 1.015316 0.000000
1500 18.423208 0.405182 47.454380 -8.604347 -21.712053 0.880046 0.000000
2000 19.135176 0.429776 50.414024 -9.903761 -22.614140 0.809274 0.000000
2500 22.025335 0.451069 54.527267 -10.184952 -23.707424 0.939375 0.000000
3000 20.985067 0.669594 48.987621 -6.950333 -23.068260 1.346445 0.000000
3500 19.929359 0.443363 51.753162 -10.226650 -23.153595 1.113078 0.000000
4000 20.887800 0.381181 50.402683 -7.240406 -23.589788 0.934132 0.000000
4500 17.786699 0.547654 50.486290 -9.765834 -24.493261 1.011852 0.000000
5000 30.949837 0.561312 56.641720 -7.994513 -19.269344 1.010662 0.000000
500 23.809578 0.397047 51.932217 -7.137732 -22.090174 0.708220 0.000000
1000 16.652205 0.326686 44.139812 -5.943195 -22.588018 0.716919 0.000000
1500 16.925014 0.771450 47.164654 -7.259820 -24.599167 0.847896 0.000000
2000 15.122766 0.998927 43.628002 -6.485317 -23.938238 0.919392 0.000000
2500 19.927647 0.419502 49.728973 -6.505507 -24.565739 0.850419 0.000000
3000 25.760166 0.394598 53.712193 -5.143361 -24.008463 0.805197 0.000000
3500 18.115841 0.882929 39.517269 -3.534364 -19.496117 0.746121 0.000000
4000 21.854845 0.630913 48.335613 -5.331163 -22.587744 0.807228 0.000000
4500 23.244366 1.116862 47.988453 -5.361291 -21.312147 0.812487 0.000000
5000 21.224052 0.263168 47.052452 -6.626288 -20.158373 0.693095 0.000000
500 20.307287 0.350020 52.004284 -7.574841 -25.446838 0.974662 0.000000
1000 32.181347 0.439358 55.726490 -4.463115 -20.691784 1.170398 0.000000
1500 21.145140 0.485062 55.356541 -10.429651 -25.211889 0.945080 0.000000
2000 21.417711 0.317052 50.706928 -8.281238 -22.131184 0.806154 0.000000
2500 22.103863 0.403042 52.859463 -6.567020 -25.459917 0.868295 0.000000
3000 24.273514 0.580377 53.609711 -7.049740 -23.770256 0.903424 0.000000
3500 30.949633 0.402919 52.442463 -6.195851 -16.598253 0.898354 0.000000
4000 28.168594 0.500437 54.611794 -5.821316 -22.070684 0.948362 0.000000
4500 21.506031 0.441212 49.699867 -5.809379 -23.720558 0.894891 0.000000
5000 24.152626 0.356058 53.772053 -6.382761 -24.416857 0.824137 0.000000
500 22.404968 1.211297 47.974209 -8.552380 -19.034672 0.806515 0.000000
1000 14.134881 0.455587 44.672962 -10.094177 -21.695080 0.795591 0.000000
1500 24.254816 0.682158 53.479626 -8.591022 -22.055044 0.739098 0.000000
2000 15.890515 0.518646 45.187641 -10.108661 -20.431599 0.724488 0.000000
2500 19.452604 0.650418 49.959820 -9.964887 -21.954458 0.761712 0.000000
3000 14.104092 0.582900 44.548000 -8.772581 -23.151421 0.897190 0.000000
3500 16.908625 0.643693 45.673306 -6.342093 -23.826178 0.759896 0.000000
4000 20.920408 0.377537 46.473057 -6.163590 -20.485466 0.718870 0.000000
4500 22.236053 0.646733 51.564198 -7.394367 -23.454390 0.873881 0.000000
5000 21.450489 0.449957 45.029861 -6.658526 -18.166912 0.796112 0.000000
500 20.774416 0.411296 47.335476 -5.457539 -22.286465 0.771647 0.000000
1000 15.833529 0.352233 43.435226 -5.570363 -23.133570 0.750001 0.000000
1500 17.631344 0.494013 47.134026 -8.038616 -22.843630 0.885553 0.000000
2000 21.049644 0.434364 49.355392 -5.966022 -23.517803 0.743714 0.000000
2500 21.110804 0.466142 48.441334 -6.478462 -22.128309 0.810100 0.000000
3000 15.285652 0.292509 38.765556 -6.192547 -18.464386 0.884521 0.000000
3500 15.105329 0.294484 44.570614 -6.251124 -24.315727 0.807084 0.000000
4000 12.048144 0.379493 41.210472 -7.073878 -23.359463 0.891521 0.000000
4500 11.327614 0.353393 42.166901 -8.667000 -23.343050 0.817370 0.000000
5000 20.205719 0.579061 50.503357 -6.506068 -25.106728 0.736099 0.000000
500 13.321057 0.266777 42.097763 -7.527257 -22.311426 0.795200 0.000000
1000 5.806068 0.275477 38.247482 -8.956436 -24.577301 0.816845 0.000000
1500 15.879013 0.569284 48.035812 -8.356901 -25.284069 0.914890 0.000000
2000 12.855600 0.701868 42.834217 -7.912715 -23.713291 0.945524 0.000000
2500 19.789429 0.423206 52.083691 -9.632030 -23.927193 0.841755 0.000000
3000 16.371815 0.495772 44.994247 -8.304049 -21.550591 0.736434 0.000000
3500 4.029500 0.423054 34.083874 -7.905653 -23.496181 0.924407 0.000000
4000 8.056406 0.511899 40.715958 -9.236538 -24.745106 0.810194 0.000000
4500 6.140627 0.664900 40.615856 -11.142506 -24.874069 0.876444 0.000000
5000 14.880692 0.524314 47.697147 -10.540639 -23.658297 0.858163 0.000000
500 25.838831 0.327549 55.828926 -8.865778 -22.250780 0.798916 0.000000
1000 28.629284 0.653334 58.514931 -7.055270 -24.277153 0.793441 0.000000
1500 23.871510 0.498645 51.814934 -6.334454 -22.969532 0.861916 0.000000
2000 24.730137 0.694650 50.060291 -4.921409 -21.864567 0.761173 0.000000
2500 23.425772 0.345315 49.132252 -6.247872 -20.651747 0.847823 0.000000
3000 31.717579 0.598894 56.343445 -5.810346 -20.221949 0.807535 0.000000
3500 20.208048 0.368310 48.433044 -7.777708 -21.579365 0.763765 0.000000
4000 32.348316 0.533950 55.772495 -7.690365 -17.127300 0.859534 0.000000
4500 25.117290 0.442466 55.352795 -7.627962 -23.860271 0.810265 0.000000
5000 19.606516 0.566331 49.289539 -8.741413 -22.420616 0.912676 0.000000
500 28.175423 0.438509 57.109703 -7.257391 -22.930479 0.815076 0.000000
1000 29.753721 0.467071 53.790794 -5.928852 -19.520685 0.945393 0.000000
1500 22.835581 0.471022 50.397827 -7.782076 -21.027126 0.775934 0.000000
2000 15.292573 0.556234 44.865070 -7.634280 -23.307070 0.812621 0.000000
2500 15.622964 0.266390 47.068439 -8.793704 -23.842207 0.924044 0.000000
3000 12.736959 0.233359 43.791584 -8.321683 -23.825054 0.858750 0.000000
3500 24.713085 0.504200 49.980728 -7.705242 -18.922398 0.855797 0.000000
4000 10.389837 0.481195 44.022629 -9.375073 -25.587944 0.849032 0.000000
4500 15.325250 0.451408 48.578899 -9.626410 -24.911427 0.832776 0.000000
5000 15.562629 0.313257 45.729244 -7.375801 -23.865650 0.761577 0.000000
500 19.138588 0.402887 50.058197 -8.268527 -23.886950 0.832983 0.000000
1000 16.669605 0.485171 45.735271 -6.625535 -23.690573 0.765268 0.000000
1500 22.299173 0.401644 51.285843 -7.633809 -22.616407 0.861900 0.000000
2000 17.232668 0.421067 48.078190 -6.871556 -25.260403 0.865369 0.000000
2500 16.851311 0.528454 46.994198 -6.990782 -24.530924 0.850366 0.000000
3000 26.386953 0.654984 50.274910 -6.345119 -18.992195 0.794374 0.000000
3500 23.837452 1.493228 48.195297 -4.626900 -22.140650 0.916474 0.000000
4000 20.280197 0.292264 49.213192 -6.133045 -24.020746 0.928533 0.000000
4500 22.773991 0.393307 50.257557 -6.248765 -22.546223 0.918114 0.000000
5000 23.882040 0.887452 52.692081 -4.937229 -25.662775 0.902511 0.000000
500 34.892387 0.443628 58.558231 -4.675610 -20.324217 0.890350 0.000000
1000 28.380848 0.492782 54.918808 -5.887814 -22.181824 1.038894 0.000000
1500 17.955379 0.540395 45.000435 -5.272680 -23.278942 0.966170 0.000000
2000 25.385162 0.793619 47.043003 -2.272075 -21.173866 0.994481 0.000000
2500 18.824215 0.350656 44.982834 -4.287872 -23.548460 1.327059 0.000000
3000 35.692959 1.015926 52.452660 -4.193794 -14.659324 1.077492 0.000000
3500 27.809265 0.383573 49.819939 -4.352445 -19.410997 1.369197 0.000000
4000 23.034008 0.480879 49.722778 -3.617433 -24.721706 1.169487 0.000000
4500 27.008564 0.600997 52.039806 -4.533032 -22.246176 1.146967 0.000000
5000 34.069969 0.478192 57.900219 -3.127541 -22.859362 1.678461 0.000000
500 28.677935 0.453546 51.899059 -3.573714 -21.267321 1.166367 0.000000
1000 40.646976 0.500930 61.167988 -3.943270 -18.324827 1.246159 0.000000
1500 27.281067 0.339380 51.264973 -4.488429 -21.052299 1.217445 0.000000
2000 21.370111 0.471892 49.502090 -5.756578 -24.405594 1.558298 0.000000
2500 35.699886 0.618912 56.288376 -3.633011 -19.269951 1.695561 0.000000
3000 27.294765 0.407578 51.703838 -5.052816 -21.320295 1.556460 0.000000
3500 23.314613 0.230890 53.017590 -5.401765 -25.640154 1.108052 0.000000
4000 34.667561 1.697198 55.905273 -4.666367 -19.666021 1.397482 0.000000
4500 25.467457 0.540426 50.584209 -4.546556 -22.205624 1.095002 0.000000
5000 19.795225 0.244570 45.326637 -4.324347 -22.550518 1.098882 0.000000
500 10.621761 0.462963 42.260002 -10.224380 -22.792650 0.915827 0.000000
1000 17.061033 0.482405 48.374928 -8.691723 -23.900717 0.796140 0.000000
1500 13.359077 0.436397 44.577419 -8.134459 -24.206793 0.686514 0.000000
2000 20.621765 0.496188 51.948231 -7.372321 -25.223928 0.773596 0.000000
2500 21.782938 0.343084 51.721249 -8.363534 -22.669056 0.751195 0.000000
3000 22.808407 0.379921 52.083302 -7.935569 -22.445864 0.726619 0.000000
3500 19.208265 0.812465 44.347122 -7.889498 -18.916811 0.854989 0.000000
4000 9.758736 0.297391 43.247395 -9.665870 -24.830271 0.710093 0.000000
4500 10.981364 0.270708 42.757771 -10.433879 -22.450130 0.836898 0.000000
5000 21.667774 1.126087 49.251945 -8.903990 -20.565826 0.759557 0.000000
500 15.657750 0.460453 50.709816 -11.069534 -25.273260 0.830276 0.000000
1000 12.538675 0.416171 42.936039 -8.777031 -22.859291 0.822786 0.000000
1500 14.428108 0.594889 45.243557 -8.124273 -24.047394 0.761329 0.000000
2000 17.337400 0.445259 44.763504 -7.062907 -21.556475 0.748021 0.000000
2500 19.023701 0.251458 47.072628 -6.606412 -22.537125 0.843151 0.000000
3000 19.575172 0.633224 48.116451 -7.557887 -22.438120 0.821504 0.000000
3500 11.847513 0.585209 41.052319 -9.083642 -21.561329 0.854956 0.000000
4000 10.558315 0.452492 39.442192 -8.176200 -21.884226 0.724058 0.000000
4500 16.637705 0.264999 45.749817 -8.297416 -21.834013 0.754317 0.000000
5000 13.596395 0.413830 42.750660 -7.663504 -22.697428 0.792839 0.000000
500 26.645889 0.587806 54.580463 -5.045573 -24.595249 1.118443 0.000000
1000 19.217537 0.588599 45.781704 -4.974924 -23.304214 1.126373 0.000000
1500 14.896748 0.367240 36.321865 -4.412737 -18.472134 1.092514 0.000000
2000 28.086128 0.436572 47.188393 -4.030014 -16.805506 1.296682 0.000000
2500 26.952581 0.390803 50.077072 -3.359631 -21.624138 1.468473 0.000000
3000 18.906889 0.653315 46.301262 -4.488222 -24.683414 1.123945 0.000000
3500 22.945816 1.061744 47.513031 -3.762748 -23.212002 1.345792 0.000000
4000 18.774776 1.080907 44.471798 -4.422450 -23.887383 1.531907 0.000000
4500 17.131582 0.679157 44.944267 -4.903424 -24.779875 1.191456 0.000000
5000 21.070055 0.580312 47.933411 -3.639668 -25.067707 1.263709 0.000000
500 10.456923 0.884561 42.573845 -10.432575 -23.427242 0.858335 0.000000
1000 20.831120 0.523401 53.046875 -9.191178 -24.366138 0.818161 0.000000
1500 17.409605 0.707942 49.506729 -8.972032 -24.668653 0.835617 0.000000
2000 14.912022 0.622624 46.969818 -8.178436 -25.256386 0.754402 0.000000
2500 5.555632 0.149414 39.855129 -9.484332 -25.655491 0.690912 0.000000
3000 14.540491 2.668281 41.431564 -10.589880 -19.795612 0.826140 0.000000
3500 15.221654 1.182209 40.780697 -8.036942 -19.492252 0.787942 0.000000
4000 4.300449 0.422991 35.402214 -8.299348 -23.926254 0.700844 0.000000
4500 13.811375 0.563913 44.385712 -9.122182 -22.813133 0.797066 0.000000
5000 8.088269 0.455090 41.615250 -9.860476 -24.863085 0.741493 0.000000
500 24.922777 1.055188 46.499989 -3.646385 -20.138372 1.152359 0.000000
1000 21.938250 0.810820 46.128632 -5.354122 -20.592911 0.945829 0.000000
1500 37.007538 0.450749 58.350708 -4.423384 -18.280556 0.910019 0.000000
2000 25.906124 0.438847 48.646091 -6.042340 -18.144360 1.007886 0.000000
2500 35.156448 0.575382 62.391190 -6.435119 -22.460411 1.085407 0.000000
3000 30.327896 0.450743 56.822422 -7.032160 -20.975784 1.062676 0.000000
3500 22.506424 0.594630 47.836479 -5.793294 -21.212833 1.081441 0.000000
4000 19.526024 0.403195 47.671638 -7.081475 -22.573256 1.105921 0.000000
4500 20.632711 0.866301 45.494312 -5.603512 -21.400766 1.276375 0.000000
5000 24.889601 0.561654 50.515396 -6.993225 -20.295229 1.101006 0.000000
500 15.952147 0.521732 45.425049 -8.202908 -22.824223 1.032495 0.000000
1000 11.256584 0.313956 39.241962 -7.534045 -21.732016 0.966727 0.000000
1500 19.156261 0.592101 46.841644 -7.221270 -22.380894 1.324680 0.000000
2000 21.727240 0.294070 50.117947 -7.136933 -22.773247 1.225401 0.000000
2500 26.033773 0.295971 52.377991 -5.457752 -22.363550 1.181115 0.000000
3000 17.606451 0.406198 49.400188 -8.151465 -25.174387 1.125919 0.000000
3500 15.370351 0.885046 46.925598 -8.463342 -25.141119 1.164164 0.000000
4000 14.490564 0.470158 44.758202 -8.867537 -22.794436 0.924179 0.000000
4500 16.689093 0.318114 46.018143 -6.801947 -23.987343 1.142125 0.000000
5000 26.046091 0.425161 52.755295 -7.440564 -20.677885 0.984086 0.000000
500 21.876499 0.330505 51.706051 -8.983110 -22.234203 1.057259 0.000000
1000 32.484268 0.518890 52.978050 -6.624753 -15.405764 1.017843 0.000000
1500 28.698488 0.587309 53.033379 -7.301978 -18.652260 1.032038 0.000000
2000 23.404955 0.603595 45.128952 -6.091450 -17.277359 1.041216 0.000000
2500 21.544235 0.910623 49.267769 -6.332178 -23.568264 1.266285 0.000000
3000 27.442640 0.409461 54.867313 -5.083050 -24.001030 1.249945 0.000000
3500 22.206154 0.432572 49.022255 -6.937134 -21.643581 1.332043 0.000000
4000 22.544199 0.295256 50.191586 -6.178784 -23.092522 1.328661 0.000000
4500 28.839203 1.079706 55.696655 -6.426481 -23.025839 1.515162 0.000000
5000 26.483416 0.669930 54.686756 -7.324748 -22.764175 1.215654 0.000000
500 29.618729 1.380981 52.530319 -5.654114 -19.428902 0.790444 0.000000
1000 29.034582 0.527843 56.703327 -6.344690 -22.697983 0.846083 0.000000
1500 23.436695 1.187313 48.181519 -7.456801 -19.367067 0.891733 0.000000
2000 19.057215 0.507514 48.940342 -7.777268 -23.365705 0.752331 0.000000
2500 20.434774 0.413542 47.054752 -7.644865 -20.245716 0.857058 0.000000
3000 16.957174 0.624696 48.296692 -7.550643 -25.183424 0.769856 0.000000
3500 19.981966 0.244844 49.927879 -6.306200 -24.779760 0.895203 0.000000
4000 24.069511 2.262221 47.002033 -5.405328 -20.732996 0.943579 0.000000
4500 24.900776 0.493476 48.520275 -5.845235 -19.270638 1.002895 0.000000
5000 11.938511 0.693220 42.592293 -9.521778 -22.759598 0.934376 0.000000
500 16.234106 1.000091 44.503036 -8.398709 -21.835245 0.964931 0.000000
1000 11.550848 0.512239 44.196686 -11.642792 -22.447271 0.931987 0.000000
1500 10.855373 0.217700 42.416397 -10.670374 -22.077972 0.969621 0.000000
2000 2.314706 0.547596 36.248959 -10.868973 -24.537256 0.924380 0.000000
2500 12.958743 0.281879 43.381775 -9.960056 -21.630228 0.885373 0.000000
3000 11.933290 0.479665 42.344776 -9.472000 -22.602026 1.182876 0.000000
3500 16.510588 0.318460 40.573643 -7.935027 -17.415993 0.969507 0.000000
4000 23.240776 0.698868 47.953560 -7.729440 -18.766857 1.084645 0.000000
4500 17.495831 0.405100 42.531063 -7.358105 -18.873152 0.790922 0.000000
5000 10.928267 0.324467 41.223972 -8.612328 -22.812929 0.805085 0.000000
500 22.958521 0.457517 50.639484 -6.771123 -22.281683 0.914327 0.000000
1000 18.976536 0.654268 47.174458 -6.856735 -22.971811 0.976354 0.000000
1500 20.029482 0.412411 45.894726 -5.555372 -21.581486 0.859205 0.000000
2000 34.340027 0.514367 56.440052 -6.003824 -17.638577 1.028012 0.000000
2500 21.049555 0.619384 46.471630 -7.720064 -19.700159 1.378765 0.000000
3000 25.032284 0.605980 53.268372 -7.755980 -21.979258 0.893171 0.000000
3500 14.056077 0.368797 38.884029 -6.754928 -19.422096 0.980275 0.000000
4000 21.693329 0.578142 48.509560 -6.795471 -21.470650 0.871745 0.000000
4500 21.190145 0.455561 47.404469 -7.944044 -19.575806 0.849963 0.000000
5000 28.875399 0.502112 56.252052 -9.010772 -19.883207 1.015213 0.000000
500 23.948641 0.493553 55.907429 -9.150540 -24.147337 0.845536 0.000000
1000 16.065201 0.666793 50.732231 -10.727720 -25.499657 0.893554 0.000000
1500 17.642675 0.364960 49.663216 -9.054283 -24.249239 0.918022 0.000000
2000 24.736748 0.618692 51.798256 -9.394161 -19.186884 0.900847 0.000000
2500 19.184677 0.549135 50.311131 -9.420778 -23.003296 0.748483 0.000000
3000 18.664919 0.414912 48.298660 -8.878082 -21.943182 0.772609 0.000000
3500 19.534384 1.168743 43.138809 -6.269282 -19.427271 0.923385 0.000000
4000 20.007666 0.417075 47.526482 -7.336426 -21.451380 0.851913 0.000000
4500 20.924320 0.525844 47.033840 -8.345117 -19.191706 0.901457 0.000000
5000 18.657000 0.485768 45.706379 -8.017886 -20.247189 0.729930 0.000000
500 16.234766 0.650804 48.250542 -8.753726 -24.697271 0.784420 0.000000
1000 11.656145 1.098559 41.316540 -8.152922 -23.383371 0.777340 0.000000
1500 6.771339 0.421172 37.399929 -7.626091 -24.172136 0.748464 0.000000
2000 24.404318 0.302577 56.129265 -9.080729 -23.613964 0.667170 0.000000
2500 24.132853 0.478480 54.347839 -8.404307 -23.063009 0.773849 0.000000
3000 20.142834 0.320556 50.383518 -9.174305 -22.173302 0.786366 0.000000
3500 11.856793 0.294204 44.163635 -8.495319 -24.886198 0.780470 0.000000
4000 10.656613 0.343337 40.904503 -8.884561 -22.522171 0.815503 0.000000
4500 7.923576 0.409462 41.412243 -9.189601 -25.542988 0.834461 0.000000
5000 11.839775 0.706780 42.587368 -8.145593 -24.076521 0.767741 0.000000
500 22.643909 0.656094 52.669250 -6.495336 -24.942741 0.756642 0.000000
1000 8.077161 0.328792 43.082989 -10.877824 -25.265955 0.809158 0.000000
1500 19.608784 0.463418 51.813942 -10.243861 -23.201385 0.776673 0.000000
2000 18.925596 0.594193 51.677177 -8.093649 -25.971878 0.719756 0.000000
2500 20.578978 0.615272 50.816895 -9.631848 -22.238670 1.017328 0.000000
3000 17.698608 0.337832 48.859005 -7.498009 -25.234158 1.233937 0.000000
3500 17.753498 0.329527 47.099251 -7.777005 -22.931616 1.033338 0.000000
4000 15.907738 0.930695 43.235703 -8.815220 -20.522907 1.079468 0.000000
4500 12.328230 0.405012 42.591179 -8.735984 -22.923176 0.991198 0.000000
5000 20.664322 0.533364 51.056290 -8.660707 -23.465488 1.200863 0.000000
500 19.689053 0.247336 46.326332 -6.651320 -21.126295 0.892999 0.000000
1000 21.012661 1.744308 48.945961 -6.092257 -24.338173 0.752822 0.000000
1500 14.514721 0.540109 48.857838 -10.345974 -25.297325 0.760074 0.000000
2000 10.345461 0.382958 43.455105 -9.606962 -24.789711 0.904069 0.000000
2500 18.170275 0.356706 49.136688 -10.058076 -22.087141 0.822098 0.000000
3000 8.099520 0.435545 43.544415 -11.346979 -25.335590 0.802130 0.000000
3500 13.927960 0.496746 43.363640 -8.738054 -21.993261 0.798892 0.000000
4000 13.093978 0.435063 45.300285 -9.488718 -23.946854 0.794203 0.000000
4500 14.126019 0.360912 43.926052 -8.082647 -22.866112 0.787815 0.000000
5000 17.090427 0.378103 48.874626 -7.141559 -25.892284 0.871544 0.000000
500 21.766870 0.352504 51.038433 -7.456669 -23.142004 0.974606 0.000000
1000 13.891992 0.273623 47.672153 -9.716219 -25.179415 0.841846 0.000000
1500 11.316588 0.970094 39.081009 -6.707773 -22.937876 0.911134 0.000000
2000 19.191868 0.370966 47.182247 -7.785292 -21.396505 0.820451 0.000000
2500 22.362564 0.442213 50.520302 -6.579211 -22.804546 0.783810 0.000000
3000 13.025304 0.485150 44.591045 -9.553197 -23.342808 0.845113 0.000000
3500 12.741705 0.578405 44.466389 -9.194429 -24.048153 0.939493 0.000000
4000 17.086540 0.625569 48.062786 -7.785743 -24.708118 0.892047 0.000000
4500 18.216156 0.421910 48.570343 -8.546268 -23.108894 0.879067 0.000000
5000 14.638481 0.495707 46.919140 -9.831851 -23.912184 0.967668 0.000000
500 16.650726 0.611627 46.684364 -7.469388 -24.178831 1.002955 0.000000
1000 16.110989 0.649764 49.394207 -9.425403 -25.397560 0.889980 0.000000
1500 15.121243 0.206411 44.803581 -8.940413 -21.821777 0.873440 0.000000
2000 17.000757 0.439988 47.293945 -9.621176 -22.029734 0.917736 0.000000
2500 19.799124 0.527417 49.197048 -9.268336 -21.541639 0.884636 0.000000
3000 18.953712 0.780532 49.469269 -8.888308 -23.408146 1.000363 0.000000
3500 11.529888 0.474566 41.500008 -8.639805 -22.773212 0.968331 0.000000
4000 11.170979 0.341513 42.896229 -9.923851 -22.987392 0.844483 0.000000
4500 6.909499 0.479101 39.585224 -11.147310 -22.912809 0.905292 0.000000
5000 4.814432 0.632076 39.347443 -11.352219 -24.736095 0.923227 0.000000
500 16.963634 0.681220 48.309322 -9.075823 -23.877125 0.926040 0.000000
1000 21.339939 0.461018 51.038418 -8.746058 -22.302479 0.889039 0.000000
1500 10.404473 0.389245 43.310635 -9.089194 -25.094797 0.888587 0.000000
2000 11.332808 0.471945 42.238647 -10.759377 -21.452013 0.833607 0.000000
2500 10.992529 0.415253 42.959961 -8.602724 -24.754189 0.974226 0.000000
3000 12.989375 0.683224 42.944862 -9.003427 -22.624523 0.989238 0.000000
3500 11.979774 0.479739 40.618523 -8.061079 -22.041145 0.983733 0.000000
4000 14.061486 0.478486 44.309547 -9.452209 -22.284954 1.010617 0.000000
4500 14.937191 0.494647 47.834682 -9.474827 -24.973494 1.056181 0.000000
5000 16.165087 0.218529 48.951115 -9.265707 -24.634344 0.895493 0.000000
500 29.405638 0.613259 56.483681 -10.097410 -18.720572 1.126682 0.000000
1000 19.490690 2.078509 47.734798 -8.351995 -22.982052 1.011432 0.000000
1500 19.436132 0.358564 47.469482 -8.677764 -20.628775 0.914628 0.000000
2000 17.522440 0.582943 43.886448 -8.099681 -19.707880 0.860611 0.000000
2500 13.275866 0.490716 44.392971 -8.227848 -24.383976 1.004004 0.000000
3000 13.713982 0.820558 43.301743 -7.771008 -23.635138 0.997828 0.000000
3500 12.762151 0.536305 43.068237 -8.817005 -22.914438 0.889053 0.000000
4000 6.879094 0.522446 41.788162 -10.691644 -25.692602 0.952731 0.000000
4500 14.774832 1.700113 44.005066 -9.747221 -22.240393 1.057270 0.000000
5000 9.815245 0.537341 40.391056 -8.546137 -23.604008 1.036990 0.000000
500 2.482307 0.339307 36.794296 -10.172497 -25.370655 0.891856 0.000000
1000 15.146378 0.258286 49.411079 -10.804071 -24.799107 1.080189 0.000000
1500 3.464592 0.541310 35.615353 -10.699699 -22.840792 0.848421 0.000000
2000 7.418743 0.489339 39.492706 -8.824537 -24.585060 0.846296 0.000000
2500 16.416061 0.548805 42.942806 -7.491479 -20.394379 0.810307 0.000000
3000 15.292501 0.650771 45.315372 -9.636909 -21.933294 0.896560 0.000000
3500 7.156603 0.399556 38.602547 -8.164276 -24.597040 0.915817 0.000000
4000 6.727219 0.382785 37.674110 -9.984244 -22.180037 0.834604 0.000000
4500 12.227208 0.384477 43.269386 -9.667302 -22.674713 0.915361 0.000000
5000 9.491380 0.451040 42.167229 -9.352765 -24.732094 0.957971 0.000000
500 13.378209 1.113471 44.252831 -9.386564 -23.770092 1.168565 0.000000
1000 2.537419 0.309004 34.612141 -11.074507 -22.341291 1.032074 0.000000
1500 16.015476 0.359864 49.225391 -10.132247 -24.448101 1.010570 0.000000
2000 10.836084 1.453691 41.822254 -9.781354 -23.736290 1.077784 0.000000
2500 6.143606 0.416152 36.421108 -9.114473 -22.703289 1.124107 0.000000
3000 6.904639 0.444018 39.225559 -8.471049 -25.112453 0.818564 0.000000
3500 21.299021 0.262542 50.195553 -7.618093 -22.244696 0.703712 0.000000
4000 18.000177 0.390167 48.546520 -7.996969 -23.841984 0.902441 0.000000
4500 19.999033 0.514043 52.716137 -8.304691 -25.677551 0.751097 0.000000
5000 16.547997 0.409820 39.936279 -5.544602 -19.090090 0.836588 0.000000
500 11.429373 0.406464 44.635414 -9.421615 -24.961184 0.770294 0.000000
1000 8.674736 0.374778 40.230698 -8.049580 -24.752695 0.871535 0.000000
1500 7.509867 0.843915 38.402866 -8.968272 -23.664867 0.896227 0.000000
2000 14.159354 0.751542 45.977444 -9.233338 -24.223787 0.887494 0.000000
2500 13.060500 1.378076 43.494381 -8.388592 -24.284210 0.860846 0.000000
3000 24.567554 0.777789 46.529739 -3.123542 -20.669357 1.052924 0.000000
3500 6.872780 0.980578 35.726543 -7.171590 -23.681358 1.018606 0.000000
4000 14.928439 0.398504 43.985947 -8.137196 -22.181614 0.862800 0.000000
4500 8.712628 0.572887 37.755306 -8.508478 -22.189201 1.082115 0.000000
5000 14.120495 0.679769 41.065887 -6.877807 -21.727409 0.980056 0.000000
500 27.237137 0.433076 50.551044 -5.571211 -19.061050 0.885281 0.000000
1000 35.122547 0.419816 54.979900 -5.480120 -15.711446 0.914399 0.000000
1500 11.469541 0.318661 41.244728 -8.625192 -22.302078 0.833421 0.000000
2000 6.540153 0.421375 38.724911 -9.490828 -23.919491 0.804185 0.000000
2500 7.357312 0.564481 40.038910 -10.329515 -23.685442 0.768880 0.000000
3000 19.441095 0.616787 48.250080 -8.190109 -22.124352 0.888689 0.000000
3500 15.595869 0.341142 45.101673 -7.450499 -23.140640 0.744192 0.000000
4000 5.934312 0.627644 36.772415 -7.986393 -24.251801 0.772447 0.000000
4500 18.629230 0.568955 45.463596 -7.111246 -21.171726 0.879653 0.000000
5000 18.380692 0.411335 45.438423 -7.789773 -20.417992 0.738697 0.000000
500 32.600475 1.150877 55.804489 -5.701795 -19.769938 1.116838 0.000000
1000 28.409359 0.716184 54.118717 -7.189018 -20.157200 0.920677 0.000000
1500 19.400415 0.772445 48.162174 -5.924502 -24.686054 1.076353 0.000000
2000 20.979391 0.566580 51.504848 -6.130925 -25.834061 0.872950 0.000000
2500 33.527199 0.620751 54.908646 -5.096161 -17.858027 0.951990 0.000000
3000 23.337299 0.524547 46.808376 -8.561282 -16.261654 0.827313 0.000000
3500 29.942181 0.489601 54.885429 -7.565812 -18.794250 0.927211 0.000000
4000 9.990401 0.298308 42.931160 -10.391146 -23.627329 0.779405 0.000000
4500 14.477014 0.507549 39.815891 -7.560757 -19.005312 0.719642 0.000000
5000 12.705738 0.369772 41.914505 -7.931120 -22.562155 0.914735 0.000000
500 14.273594 0.477902 43.119915 -5.979502 -24.345516 1.000798 0.000000
1000 16.664534 0.595356 47.755478 -7.649735 -24.862894 0.826328 0.000000
1500 21.036369 0.303129 47.871784 -7.348032 -20.573957 0.783445 0.000000
2000 13.664916 0.558926 44.678452 -8.825807 -23.657495 0.910840 0.000000
2500 19.382364 0.633340 49.005749 -8.940266 -22.139091 0.822634 0.000000
3000 7.986343 0.450766 40.278648 -9.716452 -23.900055 0.873434 0.000000
3500 13.648399 0.381131 45.888874 -8.539824 -25.089916 1.008137 0.000000
4000 7.630939 0.252037 38.739769 -9.520380 -22.651466 0.810979 0.000000
4500 10.515687 0.482628 42.699585 -9.690919 -23.945793 0.970185 0.000000
5000 14.963974 0.237236 44.662418 -8.338152 -22.464947 0.867420 0.000000
500 18.337872 0.663899 46.480694 -6.611746 -23.049721 0.854747 0.000000
1000 16.798096 0.460406 44.933071 -6.555327 -22.990391 0.950336 0.000000
1500 16.901098 0.429527 44.875992 -7.335157 -22.008953 0.939688 0.000000
2000 16.191095 0.390143 47.519764 -8.403915 -24.234665 0.919768 0.000000
2500 23.650023 0.802907 53.331413 -8.965051 -22.363476 0.844229 0.000000
3000 29.193157 0.493035 59.244366 -7.912837 -23.498539 0.867134 0.000000
3500 18.577822 0.441169 43.382412 -6.511301 -19.501690 0.767229 0.000000
4000 8.823936 0.351631 41.663490 -9.281992 -24.792381 0.883186 0.000000
4500 14.389112 0.651291 44.601372 -7.201125 -24.467152 0.804728 0.000000
5000 19.246334 1.523300 48.243019 -8.020868 -23.307375 0.808256 0.000000
500 16.088898 0.381761 44.650925 -7.713840 -22.253670 1.023723 0.000000
1000 9.316344 0.451302 37.833176 -5.045439 -24.807390 0.884698 0.000000
1500 14.684519 0.532245 44.518669 -8.419641 -22.788853 0.842100 0.000000
2000 12.484715 0.522137 40.588230 -5.610495 -23.923880 0.908724 0.000000
2500 23.366253 0.519902 48.693527 -5.301574 -21.559319 1.013717 0.000000
3000 21.946184 0.603869 51.560894 -6.185250 -24.956505 0.923175 0.000000
3500 28.646420 0.327260 50.636318 -6.549227 -16.569225 0.801297 0.000000
4000 16.864292 0.380939 47.407135 -6.824618 -25.057718 0.958555 0.000000
4500 17.710180 0.703049 44.462429 -7.316131 -20.971292 0.832127 0.000000
5000 18.848063 0.436038 47.604710 -7.778068 -22.266769 0.852151 0.000000
500 10.696164 0.379518 41.071972 -8.674620 -22.835802 0.755096 0.000000
1000 11.554685 0.411269 43.557026 -8.279170 -24.966295 0.831855 0.000000
1500 12.973053 0.303191 42.447079 -8.507421 -22.276739 1.006941 0.000000
2000 19.332253 0.382904 47.258667 -7.185616 -22.020494 0.896792 0.000000
2500 15.079412 0.411724 40.647942 -5.900929 -20.957829 0.878503 0.000000
3000 13.592360 0.682834 42.293243 -7.641974 -22.581940 0.840198 0.000000
3500 17.865751 0.413239 49.118717 -8.102900 -24.425974 0.862670 0.000000
4000 13.576199 0.302372 44.068222 -8.792672 -22.969940 0.968216 0.000000
4500 17.034603 0.266286 43.404980 -6.665478 -20.799578 0.828394 0.000000
5000 12.024750 0.250951 44.256905 -8.300294 -24.981117 0.798306 0.000000
500 14.557281 0.329152 43.078362 -5.233297 -24.372536 0.755600 0.000000
1000 8.003168 0.294355 37.442860 -9.518351 -20.947525 0.731830 0.000000
1500 18.424520 0.445064 45.859398 -9.504972 -19.177422 0.802450 0.000000
2000 13.559003 0.371123 44.187199 -9.057160 -22.821827 0.879667 0.000000
2500 19.753359 0.424694 50.924904 -8.809046 -23.619955 0.832763 0.000000
3000 10.831865 0.418398 44.566586 -9.966014 -25.056519 0.869413 0.000000
3500 19.710850 0.580861 46.014172 -8.593677 -19.283741 0.993237 0.000000
4000 24.100189 0.852390 51.837086 -8.602188 -20.995907 1.008809 0.000000
4500 9.319257 0.478621 41.806862 -7.804282 -26.187004 1.025060 0.000000
5000 15.851800 0.255131 46.481125 -9.399275 -22.561447 1.076265 0.000000
500 14.208370 0.426994 45.115822 -10.772352 -21.739538 1.177447 0.000000
1000 11.833699 1.971750 43.278465 -10.785183 -23.751915 1.120583 0.000000
1500 19.934032 0.595130 50.634472 -9.990196 -22.505966 1.200593 0.000000
2000 10.161337 0.566410 43.037388 -8.742033 -25.637159 0.936733 0.000000
2500 6.030775 0.514721 38.651760 -10.495192 -23.626078 0.985563 0.000000
3000 9.850879 0.435344 42.026257 -9.764076 -23.838245 0.991599 0.000000
3500 12.448469 0.519745 45.459995 -9.388682 -25.263327 1.120739 0.000000
4000 12.621002 0.286725 42.314754 -8.024890 -23.011866 1.056281 0.000000
4500 14.087360 0.350589 39.539379 -6.768549 -20.009405 0.975344 0.000000
5000 19.559910 0.255453 37.479691 -6.019701 -13.222493 1.066960 0.000000
500 27.639816 1.190036 58.568306 -10.264652 -22.531759 0.677886 0.000000
1000 20.149069 0.310041 50.053493 -8.489403 -22.434610 0.709549 0.000000
1500 14.888133 0.801601 47.057224 -8.563522 -25.112024 0.704854 0.000000
2000 26.556561 0.393401 57.243946 -8.505475 -23.211401 0.636087 0.000000
2500 25.815186 0.358210 53.939667 -7.880737 -21.284117 0.682162 0.000000
3000 25.955017 0.621275 56.994389 -7.618724 -24.779751 0.737832 0.000000
3500 19.088806 0.775856 52.345379 -9.678488 -25.017542 0.663600 0.000000
4000 18.407335 0.212083 49.437389 -7.907364 -24.058491 0.723719 0.000000
4500 19.833158 0.356424 49.135746 -8.370241 -21.983114 0.694347 0.000000
5000 15.478447 0.258681 47.333252 -9.315066 -23.496391 0.697972 0.000000
500 28.058704 0.597985 62.111828 -9.754705 -25.685841 0.789437 0.000000
1000 14.925856 0.416884 45.263153 -8.586592 -22.979340 0.811750 0.000000
1500 14.492130 0.577200 46.274662 -9.257716 -23.909872 0.807859 0.000000
2000 13.306956 0.441443 45.934650 -9.569969 -24.462204 0.963035 0.000000
2500 13.749617 0.372042 45.880276 -8.884808 -24.494026 0.876131 0.000000
3000 21.029734 0.717996 49.845364 -8.578514 -21.892773 0.937662 0.000000
3500 14.950751 0.369837 43.769104 -9.619177 -20.514515 0.945499 0.000000
4000 13.379588 0.633484 46.891830 -11.984318 -23.395342 1.233934 0.000000
4500 12.877309 0.523489 43.422623 -10.517929 -21.542660 0.991788 0.000000
5000 15.552628 1.087147 47.802170 -9.920193 -24.445213 1.028717 0.000000
500 13.573887 0.451122 46.288883 -8.711778 -25.272875 0.818533 0.000000
1000 22.027777 0.445133 45.802422 -7.190157 -17.928621 0.899003 0.000000
1500 31.093113 0.381247 57.807297 -6.055122 -21.903091 0.862781 0.000000
2000 21.556171 0.454518 52.011726 -7.344065 -24.400984 0.834977 0.000000
2500 21.353083 0.394293 51.049587 -6.267875 -24.535576 0.712653 0.000000
3000 22.887018 0.331075 50.497574 -6.708318 -22.040051 0.806738 0.000000
3500 16.430119 0.862740 42.809803 -6.417217 -21.631660 0.806453 0.000000
4000 20.730413 0.485722 47.794666 -7.743738 -20.670174 0.863936 0.000000
4500 17.354136 0.375703 48.953979 -7.731232 -25.101740 0.857425 0.000000
5000 20.441446 0.443542 49.776356 -7.700389 -22.938110 0.860049 0.000000
500 21.143764 0.538988 49.297153 -5.833534 -23.834045 0.975204 0.000000
1000 16.607225 0.723718 44.141682 -8.935495 -20.248821 0.926145 0.000000
1500 10.732699 0.549728 44.119972 -8.495701 -26.412899 0.971599 0.000000
2000 18.638176 0.407465 47.549034 -8.219604 -22.198904 1.100184 0.000000
2500 15.950629 0.801045 41.384106 -8.135167 -19.079081 0.979726 0.000000
3000 17.685289 0.415674 46.636086 -7.366292 -22.969330 0.969153 0.000000
3500 30.326334 0.819271 51.426842 -7.880033 -15.121452 1.081705 0.000000
4000 31.626566 0.541686 59.326809 -6.867630 -22.247356 0.873057 0.000000
4500 26.612953 0.607688 56.114792 -6.389310 -24.709633 0.989414 0.000000
5000 36.482346 0.799201 63.449627 -5.801306 -22.856779 0.891610 0.000000
500 23.444899 0.395943 52.262283 -6.147997 -24.035414 0.970082 0.000000
1000 19.928915 1.328442 47.917408 -6.181052 -24.131004 0.995123 0.000000
1500 23.858746 0.380812 47.971012 -5.312751 -19.927704 0.747375 0.000000
2000 21.221104 0.441193 48.238007 -7.105672 -21.214294 0.861870 0.000000
2500 15.329006 0.248846 45.741543 -9.246310 -22.164303 0.749233 0.000000
3000 23.642965 0.393657 46.295589 -6.276729 -17.751904 0.982352 0.000000
3500 32.077568 0.371452 48.990726 -5.923331 -12.402111 1.040834 0.000000
4000 28.807524 0.413182 52.941753 -3.472590 -21.941240 0.866421 0.000000
4500 21.327223 0.611310 47.870243 -7.769235 -20.281931 0.896836 0.000000
5000 16.541466 0.577694 47.229504 -10.117235 -22.056137 0.907639 0.000000
500 4.811472 0.434261 38.983540 -10.449652 -24.970837 0.814160 0.000000
1000 8.418020 0.567077 42.371796 -9.785417 -25.598572 0.863134 0.000000
1500 9.581890 0.395113 40.618896 -9.411744 -22.998880 0.978503 0.000000
2000 5.285103 0.402914 37.945354 -8.315557 -25.721220 0.973610 0.000000
2500 13.607321 0.411434 45.272301 -8.926031 -24.085033 0.934648 0.000000
3000 8.930287 0.290105 39.043236 -7.446023 -23.909153 0.952123 0.000000
3500 15.009187 0.576497 43.941498 -7.859814 -22.595295 0.946302 0.000000
4000 15.744538 0.406265 47.486240 -8.665180 -24.423485 0.940697 0.000000
4500 16.275713 0.417310 48.012241 -8.334500 -24.822681 1.003344 0.000000
5000 9.634099 0.261207 41.451145 -9.263539 -23.630968 0.816253 0.000000
500 13.731203 0.467244 46.083469 -9.582244 -24.137369 0.900105 0.000000
1000 8.113313 0.546312 41.565582 -9.326064 -25.607660 0.935145 0.000000
1500 7.799259 0.936799 38.636951 -10.133389 -22.562986 0.921885 0.000000
2000 17.714077 1.175532 47.341068 -9.436289 -22.209866 0.843627 0.000000
2500 17.825285 0.382950 48.634682 -10.300775 -21.870441 0.978869 0.000000
3000 13.270100 0.419809 42.017696 -8.283125 -21.981874 1.097593 0.000000
3500 17.411421 0.433495 48.340454 -9.189019 -23.004662 0.831153 0.000000
4000 8.658192 0.394104 43.446720 -10.653318 -25.429617 0.900301 0.000000
4500 18.649059 0.569934 49.106598 -9.615753 -22.275301 0.863581 0.000000
5000 7.224809 0.455120 37.518223 -9.140106 -22.489609 0.881181 0.000000
500 12.643118 0.539553 46.558685 -9.498342 -25.890442 0.933661 0.000000
1000 20.553581 0.428311 51.837807 -8.321538 -24.290285 0.899286 0.000000
1500 26.215347 0.418050 51.445885 -7.045852 -19.493431 0.890697 0.000000
2000 14.380132 0.491282 44.592571 -7.866648 -23.759319 0.922242 0.000000
2500 8.524057 0.583073 42.622307 -9.951545 -25.538521 0.808745 0.000000
3000 10.251288 0.583952 45.865856 -11.390512 -25.622112 0.814105 0.000000
3500 22.520378 0.586865 49.630932 -9.239143 -19.297764 0.839489 0.000000
4000 8.752817 0.502199 39.612099 -9.602825 -22.548866 0.790213 0.000000
4500 13.656180 0.483672 41.851139 -7.599532 -21.835247 0.756148 0.000000
5000 14.857088 1.175288 43.409645 -8.868427 -21.843290 0.983872 0.000000
500 16.161736 0.321995 44.911850 -6.676864 -23.244051 0.848806 0.000000
1000 13.057942 0.407014 42.269428 -7.246070 -23.183779 0.811351 0.000000
1500 23.012524 0.262281 50.535603 -6.570091 -22.084978 0.869710 0.000000
2000 32.911625 0.354568 53.491108 -5.647834 -16.236414 0.950197 0.000000
2500 10.033846 0.513274 41.058800 -8.159199 -24.230413 0.851383 0.000000
3000 15.690673 0.453178 47.018669 -8.334948 -24.269129 0.822900 0.000000
3500 6.309126 0.268249 38.745880 -8.341372 -25.359493 0.995861 0.000000
4000 16.473888 0.558450 47.787846 -9.868725 -22.936226 0.932544 0.000000
4500 13.492043 0.433121 42.639542 -5.915680 -24.690147 1.025208 0.000000
5000 16.286869 0.563795 43.471210 -7.739565 -21.201155 1.192583 0.000000
500 17.251896 0.521847 48.234596 -6.741508 -25.676771 0.913732 0.000000
1000 17.916950 0.293414 49.262787 -8.660523 -23.917913 0.939185 0.000000
1500 17.454025 0.518989 45.310074 -8.163222 -21.030712 0.818897 0.000000
2000 15.096121 0.373781 47.675983 -9.026676 -24.711308 0.784342 0.000000
2500 17.519753 0.469820 49.169830 -10.049322 -22.786493 0.715913 0.000000
3000 18.250307 0.824494 51.158916 -8.287483 -26.250713 0.805093 0.000000
3500 19.398945 0.887034 53.276196 -10.935802 -24.518753 0.690270 0.000000
4000 20.574553 0.444196 49.398712 -8.705340 -21.335184 0.772171 0.000000
4500 11.333249 0.300921 44.339340 -9.954700 -24.099319 0.747006 0.000000
5000 20.326424 0.403659 49.976082 -9.940715 -20.881542 0.768941 0.000000
500 19.136976 0.361556 48.586765 -6.291556 -24.288843 0.769054 0.000000
1000 18.810598 0.537845 50.326584 -8.645069 -24.272575 0.863814 0.000000
1500 13.744112 0.507522 46.349186 -12.049829 -21.914673 0.851904 0.000000
2000 12.648458 0.605190 44.969704 -11.216436 -22.613688 0.903685 0.000000
2500 18.323561 0.243140 48.535816 -10.045265 -21.294931 0.884800 0.000000
3000 13.869465 0.518759 47.916145 -8.880831 -26.563128 0.878515 0.000000
3500 4.323149 1.685367 36.967072 -9.873196 -25.395844 0.939749 0.000000
4000 15.529972 0.499814 47.140541 -8.723105 -24.141335 0.754059 0.000000
4500 19.363821 0.624187 51.002934 -10.224157 -22.757473 0.718332 0.000000
5000 18.519283 0.405045 48.331718 -8.068685 -22.910870 0.762074 0.000000
500 14.043048 0.294960 46.030064 -8.020884 -25.019611 0.758521 0.000000
1000 31.328138 0.718786 59.247498 -7.232424 -22.207666 0.801949 0.000000
1500 23.254215 0.580003 53.663048 -8.010950 -23.788910 0.811024 0.000000
2000 16.245487 0.469133 46.323952 -7.421373 -23.896751 0.770527 0.000000
2500 29.359068 0.411715 62.595486 -9.613178 -24.816652 0.781697 0.000000
3000 11.042727 0.335931 44.388313 -9.013463 -25.470507 0.802453 0.000000
3500 22.698654 0.546006 52.608475 -8.845355 -22.331800 0.721330 0.000000
4000 20.005762 0.491210 46.778027 -7.043540 -20.960670 0.740736 0.000000
4500 15.185286 0.560472 48.203915 -10.251683 -24.171900 0.844482 0.000000
5000 16.230652 0.437388 46.711594 -8.218178 -23.553482 0.853328 0.000000
500 14.158005 0.369011 42.949451 -7.168876 -23.115133 1.123553 0.000000
1000 19.995237 0.554193 50.755013 -6.228041 -26.356623 1.270699 0.000000
1500 35.974445 0.639121 53.641239 -4.829751 -14.859140 1.382975 0.000000
2000 17.894060 0.697173 46.705544 -8.035372 -22.692694 1.219406 0.000000
2500 18.392097 1.086755 44.592979 -9.018316 -19.258949 0.989631 0.000000
3000 25.396029 0.547755 50.535496 -8.098001 -18.642628 1.053404 0.000000
3500 18.927256 0.426064 46.399517 -7.155341 -21.791393 1.048411 0.000000
4000 29.133202 0.665477 51.983662 -7.319914 -17.457029 1.261007 0.000000
4500 23.998178 0.420614 47.355495 -5.603975 -19.423317 1.249361 0.000000
5000 29.494987 0.330220 51.536724 -5.193359 -18.204330 1.025735 0.000000
500 15.934087 0.610762 48.701248 -9.476177 -24.784283 0.882535 0.000000
1000 15.440931 0.434190 47.960583 -9.692703 -24.046574 0.785436 0.000000
1500 12.489154 0.264757 40.729847 -7.821221 -21.717726 1.033498 0.000000
2000 13.667603 0.387007 44.957600 -7.329485 -25.197075 0.849557 0.000000
2500 16.566662 0.649722 48.297745 -9.285995 -23.952442 0.857632 0.000000
3000 15.449754 0.269156 49.344147 -10.620708 -24.368853 0.826011 0.000000
3500 11.258012 0.356984 43.179249 -8.270788 -24.797861 0.790431 0.000000
4000 13.022637 0.727107 45.817532 -9.228641 -25.123043 0.829682 0.000000
4500 9.933180 0.376254 43.127148 -9.358994 -25.080742 0.869513 0.000000
5000 19.791584 0.339437 50.823208 -8.479648 -23.792517 0.901106 0.000000
500 7.042305 0.774152 41.629803 -10.407683 -25.952887 0.998922 0.000000
1000 15.067602 0.384716 48.479305 -10.039680 -24.547085 0.790346 0.000000
1500 10.761189 0.853338 42.253151 -8.594313 -24.563141 0.812153 0.000000
2000 5.000945 0.209953 37.559208 -9.470943 -24.090477 0.793204 0.000000
2500 10.962278 0.731324 40.706810 -8.504672 -22.764437 0.793255 0.000000
3000 11.637604 0.340425 43.895996 -8.440914 -24.940571 0.782669 0.000000
3500 17.768368 0.412480 47.904366 -8.266864 -23.102722 0.821110 0.000000
4000 10.380691 0.581211 42.902573 -10.006392 -23.865845 0.769142 0.000000
4500 -0.500772 0.503317 35.630829 -10.987079 -26.479771 0.831934 0.000000
5000 6.151454 0.597850 40.061977 -10.116250 -25.198410 0.806285 0.000000
500 4.820532 0.404588 39.240372 -11.500673 -24.093880 0.770127 0.000000
1000 14.269287 0.432606 44.884926 -10.607932 -21.215883 0.775571 0.000000
1500 8.427329 0.555785 38.671589 -8.620282 -23.094833 0.915068 0.000000
2000 12.473850 3.242725 39.886105 -10.221920 -21.268450 0.835390 0.000000
2500 15.683640 0.511162 42.176590 -7.424102 -20.362053 0.782043 0.000000
3000 14.421479 0.814323 41.266052 -5.295831 -23.195541 0.832474 0.000000
3500 13.289737 0.469171 43.714973 -7.680436 -24.005632 0.791661 0.000000
4000 16.970757 2.084296 43.220703 -8.753343 -20.366186 0.785283 0.000000
4500 10.698894 0.358559 42.675900 -9.447886 -23.722132 0.834455 0.000000
5000 11.472008 0.419292 42.337498 -8.322952 -23.922976 0.961146 0.000000
500 22.154488 1.234908 43.456535 -5.735891 -17.761843 0.960779 0.000000
1000 28.843708 0.540727 51.775024 -6.468431 -17.923317 0.919704 0.000000
1500 30.049774 2.421785 51.284321 -6.862947 -17.815762 1.022377 0.000000
2000 29.061134 0.731381 52.076946 -6.008305 -18.746778 1.007892 0.000000
2500 14.748022 0.577307 46.327259 -7.199242 -25.936684 0.979380 0.000000
3000 20.416883 0.318559 49.655052 -6.862028 -23.813261 1.118561 0.000000
3500 20.373411 0.659466 48.935566 -8.581224 -21.775337 1.134938 0.000000
4000 20.145882 0.497539 43.478508 -6.547373 -18.371262 1.088471 0.000000
4500 19.719252 0.409631 49.842152 -7.167031 -24.639915 1.274416 0.000000
5000 26.594795 0.661807 54.112217 -8.088531 -21.232737 1.142038 0.000000
500 19.092812 0.441191 48.656246 -6.087760 -24.878672 0.961805 0.000000
1000 20.303841 0.453816 48.236198 -6.436484 -23.051159 1.101471 0.000000
1500 23.364376 0.892000 47.805252 -5.565341 -20.884783 1.117248 0.000000
2000 21.532640 0.506408 50.953918 -6.041743 -24.923193 1.037251 0.000000
2500 22.326019 0.620156 50.560951 -5.735127 -24.138222 1.018261 0.000000
3000 19.858404 0.580591 44.345776 -4.040689 -21.844400 0.817127 0.000000
3500 9.835811 0.391808 38.713982 -7.215345 -22.926630 0.871997 0.000000
4000 33.254307 1.543810 53.498013 -6.323921 -16.334381 0.870784 0.000000
4500 18.975010 1.093455 49.550144 -9.100080 -23.485897 0.917390 0.000000
5000 28.557329 0.273555 58.135826 -6.859650 -23.773819 0.781415 0.000000
500 11.958054 0.481137 42.899372 -9.691475 -22.616882 0.885902 0.000000
1000 24.628525 0.320827 50.349819 -7.300246 -19.800898 1.059023 0.000000
1500 28.010849 1.054348 54.896713 -8.205188 -20.830650 1.095627 0.000000
2000 19.343704 0.471927 51.676189 -8.186428 -25.631147 1.013162 0.000000
2500 21.260195 1.068743 48.595379 -7.218918 -22.156895 0.971884 0.000000
3000 12.334249 0.273011 43.690308 -7.572437 -25.100607 1.043975 0.000000
3500 22.217661 0.717652 52.623592 -7.684840 -24.553768 1.115027 0.000000
4000 19.619843 0.483350 48.404987 -9.266494 -20.932896 0.930897 0.000000
4500 28.353767 0.605715 53.938644 -7.378374 -19.842453 1.030231 0.000000
5000 19.831350 1.729636 49.878098 -10.094231 -22.596951 0.914797 0.000000
500 22.414761 0.644092 54.264675 -9.537745 -24.002537 1.046273 0.000000
1000 13.034586 0.875211 42.082989 -9.519221 -21.317600 0.913210 0.000000
1500 24.487432 0.411177 56.591991 -9.020100 -24.372536 0.876898 0.000000
2000 17.880518 0.269434 49.867668 -10.274124 -22.812931 0.830470 0.000000
2500 24.700323 0.495669 52.861279 -7.991140 -21.892460 1.226972 0.000000
3000 17.304115 0.561437 47.417084 -9.499309 -22.139259 0.964164 0.000000
3500 17.464025 0.412605 49.694996 -9.447988 -24.038418 0.842829 0.000000
4000 22.097511 1.891444 48.324291 -8.748553 -20.270784 0.901113 0.000000
4500 19.209818 0.387448 51.205711 -8.390787 -24.989662 0.997110 0.000000
5000 22.847757 0.518007 49.502445 -8.333019 -19.806419 0.966745 0.000000
500 19.339760 0.768239 42.163631 -5.595574 -18.836462 0.839925 0.000000
1000 24.812428 0.404301 48.016865 -5.482659 -18.920599 0.794519 0.000000
1500 19.570984 0.401185 41.020592 -3.879920 -18.999376 1.028504 0.000000
2000 9.358904 0.386195 34.069820 -4.200855 -21.787941 0.891684 0.000000
2500 26.549030 0.332149 45.521053 -5.726282 -14.527603 0.949711 0.000000
3000 18.150640 0.522837 42.805676 -7.021611 -19.037323 0.881059 0.000000
3500 21.470695 1.201490 44.684162 -5.764555 -19.569553 0.919155 0.000000
4000 16.721226 0.321310 43.248512 -7.635973 -20.101854 0.889234 0.000000
4500 19.390448 0.611769 46.153358 -7.928128 -20.451342 1.004787 0.000000
5000 34.454182 1.678468 60.157764 -8.511127 -19.687485 0.816562 0.000000
500 22.784100 0.732646 53.431751 -6.901982 -25.273046 0.794729 0.000000
1000 27.907255 0.691563 50.869286 -5.053871 -19.472343 0.872621 0.000000
1500 21.615189 0.590938 49.956848 -5.659547 -24.164837 0.891784 0.000000
2000 15.512547 0.452245 41.400997 -5.065730 -22.091362 0.816399 0.000000
2500 18.342188 0.882516 45.531071 -6.024106 -22.897980 0.850688 0.000000
3000 20.849308 0.897003 45.072311 -6.092342 -19.960331 0.932667 0.000000
3500 19.915934 0.411125 44.636982 -5.553338 -20.420088 0.841251 0.000000
4000 23.086430 0.467305 52.083698 -7.711071 -22.684887 0.931384 0.000000
4500 18.965109 0.494399 48.024998 -5.893350 -24.624981 0.964041 0.000000
5000 28.401678 0.411589 58.275375 -6.078137 -25.284990 1.077839 0.000000
500 21.897285 0.502893 48.100929 -6.055762 -21.490290 0.839517 0.000000
1000 16.685736 0.941683 46.452866 -8.265464 -23.303005 0.859655 0.000000
1500 20.051893 0.406213 49.223007 -8.842781 -21.623156 0.888611 0.000000
2000 14.957086 0.419947 44.603565 -7.555695 -23.369965 0.859231 0.000000
2500 7.890617 0.350251 37.691715 -8.242041 -22.848879 0.939571 0.000000
3000 16.530853 0.437356 43.747463 -8.747919 -19.824228 0.918185 0.000000
3500 12.199901 0.439799 43.176113 -8.892086 -23.404676 0.880749 0.000000
4000 10.284297 0.565119 41.547386 -6.907424 -25.832226 0.911441 0.000000
4500 20.075846 0.640620 50.417404 -9.007336 -22.915188 0.940343 0.000000
5000 19.787462 1.353333 42.634617 -6.560507 -18.574804 0.934826 0.000000
500 -0.912554 0.685118 32.220879 -10.137840 -24.594103 0.913391 0.000000
1000 11.622808 0.373207 41.645020 -8.527929 -22.695017 0.827529 0.000000
1500 11.094017 0.519264 40.202965 -9.248042 -21.182745 0.802576 0.000000
2000 17.317957 0.344172 46.474888 -7.491900 -22.827766 0.818563 0.000000
2500 4.051825 0.445811 36.387188 -8.065372 -25.565609 0.849806 0.000000
3000 13.640941 0.799294 42.414864 -9.622782 -20.808178 0.857741 0.000000
3500 5.479333 0.445291 39.364452 -9.771441 -25.363405 0.804439 0.000000
4000 8.336843 0.323265 39.994389 -8.924544 -23.944569 0.888304 0.000000
4500 12.284645 0.324819 43.214596 -8.853973 -23.279707 0.878912 0.000000
5000 13.345183 0.973589 44.455673 -8.921795 -24.053652 0.891366 0.000000
