500 66.713326 0.653345 65.035843 0.000000 0.000000 1.024138 0.000000
1000 61.508644 2.475652 60.067863 -2.023746 0.000000 0.988875 0.000000
1500 69.354935 0.387226 68.118538 0.000000 0.000000 0.849176 0.000000
2000 67.037132 0.575706 65.361244 0.000000 0.000000 1.100184 0.000000
2500 74.522972 0.952912 72.811584 0.000000 0.000000 0.758475 0.000000
3000 70.637581 0.436243 69.286224 -0.055024 0.000000 0.970138 0.000000
3500 74.071030 0.938525 72.645943 -0.320101 0.000000 0.806663 0.000000
4000 54.655579 0.502379 64.837921 -0.956139 -10.640270 0.911687 0.000000
4500 71.294456 1.086452 70.281250 -0.967404 0.000000 0.894166 0.000000
5000 70.771965 0.551806 69.337524 0.000000 0.000000 0.882636 0.000000
500 61.032494 0.732481 59.456306 0.000000 0.000000 0.843710 0.000000
1000 68.853203 1.448283 66.471008 0.000000 0.000000 0.933912 0.000000
1500 60.155003 0.570249 58.569527 0.000000 0.000000 1.015229 0.000000
2000 64.588638 0.346193 63.484047 0.000000 0.000000 0.758402 0.000000
2500 71.362648 1.426608 68.695297 -0.049531 0.000000 1.290277 0.000000
3000 72.564308 0.452194 70.771423 0.000000 0.000000 1.340689 0.000000
3500 69.340263 0.868110 67.799667 0.000000 0.000000 0.672488 0.000000
4000 59.223530 0.563537 62.807373 -1.158140 -3.794145 0.804899 0.000000
4500 78.158646 0.819518 75.981277 -0.118292 0.000000 1.476143 0.000000
5000 68.815605 0.742519 67.555832 -0.661520 0.000000 1.178771 0.000000
500 70.362419 1.119743 73.996613 -3.073319 -2.572445 0.891822 0.000000
1000 84.014709 1.715957 81.269127 0.000000 0.000000 1.029625 0.000000
1500 68.535789 0.636998 67.093430 0.000000 0.000000 0.805360 0.000000
2000 67.702103 0.488879 73.004356 -0.578983 -6.371968 1.159818 0.000000
2500 73.932510 0.506123 75.453171 -0.796643 -2.099849 0.869704 0.000000
3000 69.991219 0.378315 68.628593 -0.101311 0.000000 1.085628 0.000000
3500 71.030708 0.586444 68.927078 0.000000 0.000000 1.517188 0.000000
4000 69.892258 0.734750 67.922012 0.000000 0.000000 1.235493 0.000000
4500 75.742157 0.622362 74.110725 0.000000 0.000000 1.009068 0.000000
5000 63.813126 0.352668 62.704140 0.000000 0.000000 0.756318 0.000000
500 78.115738 0.703273 76.477417 0.000000 0.000000 0.935047 0.000000
1000 64.131500 0.683289 62.385765 0.000000 0.000000 1.062445 0.000000
1500 75.983459 0.565270 74.689545 -0.398184 0.000000 1.126831 0.000000
2000 72.453438 0.468530 70.977280 -0.051246 0.000000 1.058877 0.000000
2500 69.544151 1.166071 67.361191 0.000000 0.000000 1.016894 0.000000
3000 71.442352 0.350427 70.247643 0.000000 0.000000 0.844283 0.000000
3500 59.699802 0.342446 58.368412 0.000000 0.000000 0.988943 0.000000
4000 69.175606 2.249732 66.137375 -0.131647 0.000000 0.920143 0.000000
4500 60.828964 0.370674 59.518322 -0.069540 0.000000 1.009508 0.000000
5000 70.210403 2.563108 66.463516 0.000000 0.000000 1.183773 0.000000
500 66.673630 1.020309 64.651711 0.000000 0.000000 1.001606 0.000000
1000 71.917397 0.773806 70.242569 0.000000 0.000000 0.901021 0.000000
1500 69.764893 0.859769 67.839409 0.000000 0.000000 1.065711 0.000000
2000 64.233604 1.318603 62.107517 -0.096615 0.000000 0.904101 0.000000
2500 66.992577 0.449601 65.906685 0.000000 0.000000 0.636291 0.000000
3000 67.718544 1.217542 70.799423 -0.333057 -4.907114 0.941744 0.000000
3500 79.595062 1.149080 76.748795 0.000000 0.000000 1.697193 0.000000
4000 63.852928 0.476332 66.379288 -0.292065 -3.856909 1.146288 0.000000
4500 63.483105 0.377308 62.309757 0.000000 0.000000 0.796041 0.000000
5000 68.692139 0.707202 67.690094 -0.664596 0.000000 0.959444 0.000000
500 62.853664 0.406698 61.722107 0.000000 0.000000 0.724859 0.000000
1000 68.009628 0.626874 66.201431 0.000000 0.000000 1.181319 0.000000
1500 83.666519 1.064870 81.339447 0.000000 0.000000 1.262200 0.000000
2000 67.728096 0.657269 66.352623 0.000000 0.000000 0.718197 0.000000
2500 62.081264 2.026591 58.993095 0.000000 0.000000 1.061575 0.000000
3000 57.106628 0.771914 55.633148 0.000000 0.000000 0.701565 0.000000
3500 74.496567 1.532713 71.930168 -0.036055 0.000000 1.069740 0.000000
4000 65.787994 1.179509 63.502525 0.000000 0.000000 1.105957 0.000000
4500 77.454620 0.604493 75.776047 -0.065362 0.000000 1.139443 0.000000
5000 74.211266 0.467624 73.497307 -0.703100 0.000000 0.949440 0.000000
500 76.987099 0.490488 75.548225 0.000000 0.000000 0.948384 0.000000
1000 65.792923 0.522326 68.278900 -1.898215 -1.892811 0.782723 0.000000
1500 65.500984 1.114943 63.262459 0.000000 0.000000 1.123578 0.000000
2000 72.749397 1.143419 70.773018 0.000000 0.000000 0.832965 0.000000
2500 60.379715 2.485841 59.633488 -2.642057 0.000000 0.902441 0.000000
3000 64.238655 0.517279 62.834080 0.000000 0.000000 0.887295 0.000000
3500 63.803841 0.556927 62.536392 0.000000 0.000000 0.710524 0.000000
4000 76.560905 0.325645 75.522865 0.000000 0.000000 0.712398 0.000000
4500 77.932091 0.535134 76.649170 0.000000 0.000000 0.747785 0.000000
5000 68.935974 0.458662 67.703094 0.000000 0.000000 0.774217 0.000000
500 64.932114 0.740154 62.957409 0.000000 0.000000 1.234550 0.000000
1000 67.630013 0.446757 66.317665 0.000000 0.000000 0.865595 0.000000
1500 73.441307 0.454482 72.711479 -0.724578 0.000000 0.999927 0.000000
2000 73.813911 0.546858 72.424522 0.000000 0.000000 0.842527 0.000000
2500 72.710602 0.579540 71.185623 0.000000 0.000000 0.945433 0.000000
3000 64.680901 0.610727 63.217747 0.000000 0.000000 0.852424 0.000000
3500 73.567047 0.646584 72.108070 0.000000 0.000000 0.812394 0.000000
4000 53.348690 1.324934 56.656509 -1.073561 -4.623405 1.064212 0.000000
4500 54.219978 0.883336 68.817711 -3.086759 -13.293871 0.899558 0.000000
5000 49.806515 1.009142 64.735962 -3.353445 -13.399941 0.814802 0.000000
500 55.030796 0.726157 63.720615 -1.709833 -8.619076 0.912936 0.000000
1000 53.960407 1.612058 60.922245 -0.855979 -8.812641 1.094726 0.000000
1500 51.049511 0.593890 58.128586 -1.198730 -7.687496 1.213261 0.000000
2000 62.633980 0.495266 68.399200 -3.791686 -3.342793 0.873997 0.000000
2500 57.645344 1.226154 60.260952 -0.751081 -4.015323 0.924641 0.000000
3000 61.498379 0.586019 60.868279 -0.807206 0.000000 0.851288 0.000000
3500 80.470123 0.743524 78.806824 0.000000 0.000000 0.919778 0.000000
4000 60.345860 0.992224 59.735191 -1.129537 0.000000 0.747979 0.000000
4500 63.295372 0.395525 61.887493 -0.053243 0.000000 1.065597 0.000000
5000 65.390358 0.324198 64.255661 0.000000 0.000000 0.810505 0.000000
500 81.966927 1.398500 79.835831 0.000000 0.000000 0.732594 0.000000
1000 75.032387 0.878513 73.241516 -0.151945 0.000000 1.064304 0.000000
1500 77.298950 0.718267 75.444008 0.000000 0.000000 1.136673 0.000000
2000 69.435631 0.421160 67.951599 -0.071756 0.000000 1.134625 0.000000
2500 73.617912 0.540255 72.135597 0.000000 0.000000 0.942061 0.000000
3000 70.154266 1.512869 70.715797 -0.240509 -2.965704 1.131814 0.000000
3500 71.880730 0.531597 70.444763 0.000000 0.000000 0.904370 0.000000
4000 67.674294 0.387558 67.573036 -1.201921 0.000000 0.915619 0.000000
4500 66.924904 0.905576 65.049820 -0.042506 0.000000 1.012007 0.000000
5000 76.124550 0.607464 74.748451 -0.040008 0.000000 0.808647 0.000000
500 79.671082 0.543832 78.042564 -0.090280 0.000000 1.174968 0.000000
1000 76.976410 0.526251 75.277763 0.000000 0.000000 1.172396 0.000000
1500 72.385910 1.718091 77.372078 -3.233145 -5.461899 1.990780 0.000000
2000 81.530342 1.515046 79.079308 -0.082947 0.000000 1.018933 0.000000
2500 60.643833 2.264608 57.452148 0.000000 0.000000 0.927078 0.000000
3000 61.796997 0.413472 60.357441 0.000000 0.000000 1.026083 0.000000
3500 69.789642 0.648397 68.372322 -0.114222 0.000000 0.883139 0.000000
4000 80.598930 1.706542 77.692734 -0.083364 0.000000 1.283018 0.000000
4500 80.071159 1.421342 77.444931 -0.085098 0.000000 1.289989 0.000000
5000 58.769753 0.403810 58.164848 -0.550990 0.000000 0.752085 0.000000
500 68.187416 1.893655 70.268013 -0.175709 -4.551726 0.753188 0.000000
1000 62.859741 0.436640 61.641567 0.000000 0.000000 0.781534 0.000000
1500 67.732887 0.672938 66.207039 -0.034457 0.000000 0.887366 0.000000
2000 62.217510 0.419009 66.998840 -3.165803 -2.826180 0.791646 0.000000
2500 66.303925 0.494445 70.939323 -2.358228 -3.894493 1.122880 0.000000
3000 73.344513 0.575833 71.865265 -0.053176 0.000000 0.956590 0.000000
3500 55.569881 0.397147 54.956188 -0.449784 0.000000 0.666327 0.000000
4000 69.517082 0.839127 67.492012 0.000000 0.000000 1.185946 0.000000
4500 69.843262 1.822584 66.911789 0.000000 0.000000 1.108887 0.000000
5000 67.870888 0.798021 66.259270 0.000000 0.000000 0.813596 0.000000
500 73.919357 0.502095 72.354332 -0.063056 0.000000 1.125980 0.000000
1000 73.308044 0.627155 71.596436 0.000000 0.000000 1.084460 0.000000
1500 78.842171 0.705583 77.180496 0.000000 0.000000 0.956090 0.000000
2000 81.588661 0.712972 80.054520 0.000000 0.000000 0.821168 0.000000
2500 70.201874 0.956037 68.386024 -0.091463 0.000000 0.951270 0.000000
3000 74.890419 0.620026 73.643112 -0.086476 0.000000 0.713759 0.000000
3500 81.221542 0.545580 82.727692 -0.142682 -2.875823 0.966781 0.000000
4000 73.738678 0.690922 75.667046 -0.371980 -3.181783 0.934476 0.000000
4500 65.435921 0.839810 63.653973 0.000000 0.000000 0.942138 0.000000
5000 71.372902 0.417858 70.227623 -0.559758 0.000000 1.287182 0.000000
500 78.874550 0.512631 77.519447 0.000000 0.000000 0.842471 0.000000
1000 82.784737 0.436759 81.010956 0.000000 0.000000 1.337018 0.000000
1500 54.028946 0.404221 63.268021 -3.035494 -7.689282 1.081478 0.000000
2000 37.362183 0.440832 50.050526 -1.689328 -12.621701 1.181854 0.000000
2500 50.508236 0.459645 62.802929 -2.472941 -11.650980 1.369586 0.000000
3000 49.032310 0.481986 63.787296 -2.312626 -14.199360 1.275017 0.000000
3500 72.254051 0.820390 70.609283 0.000000 0.000000 0.824377 0.000000
4000 71.473396 0.572715 69.871620 0.000000 0.000000 1.029060 0.000000
4500 68.340782 2.867840 64.695541 0.000000 0.000000 0.777398 0.000000
5000 64.278778 0.291609 64.834641 -1.855614 0.000000 1.008138 0.000000
500 85.570946 0.539047 84.093437 0.000000 0.000000 0.938461 0.000000
1000 72.302597 2.977043 68.401482 -0.131881 0.000000 1.055957 0.000000
1500 68.951111 0.479456 67.589355 0.000000 0.000000 0.882302 0.000000
2000 63.526375 0.508244 64.438622 -0.082227 -2.382061 1.043796 0.000000
2500 58.678123 0.772900 56.991528 0.000000 0.000000 0.913695 0.000000
3000 64.790588 0.641008 63.130398 0.000000 0.000000 1.019184 0.000000
3500 60.259270 1.933507 57.393108 0.000000 0.000000 0.932654 0.000000
4000 74.448593 0.645684 72.909065 0.000000 0.000000 0.893844 0.000000
4500 77.851997 1.898830 74.369629 0.000000 0.000000 1.583534 0.000000
5000 64.656235 0.581344 63.874306 -0.918984 0.000000 1.119565 0.000000
500 74.269829 1.403093 73.072060 -0.047634 -1.288061 1.130369 0.000000
1000 81.863068 0.735884 80.377556 0.000000 0.000000 0.749623 0.000000
1500 67.882072 0.961872 66.247009 0.000000 0.000000 0.673185 0.000000
2000 77.480492 0.678049 76.154564 -0.221537 0.000000 0.869413 0.000000
2500 71.309868 0.538995 69.985016 0.000000 0.000000 0.785856 0.000000
3000 79.794548 0.549537 78.343536 0.000000 0.000000 0.901475 0.000000
3500 69.374992 1.027579 67.367226 -0.025488 0.000000 1.005678 0.000000
4000 73.575539 1.106290 71.117714 -0.071335 0.000000 1.422869 0.000000
4500 72.303070 0.372883 71.410072 -0.378367 0.000000 0.898475 0.000000
5000 80.661446 0.627282 78.972977 0.000000 0.000000 1.061186 0.000000
500 52.611622 0.687870 57.081833 -1.029719 -4.875541 0.747182 0.000000
1000 47.190212 0.485754 58.698757 -2.262248 -10.644938 0.912888 0.000000
1500 46.528534 0.535537 64.474609 -4.118736 -15.236840 0.873962 0.000000
2000 43.816856 0.720273 59.341209 -2.429483 -14.758134 0.942990 0.000000
2500 52.592434 0.448847 61.155483 -0.704113 -9.262808 0.955022 0.000000
3000 47.485729 1.977841 58.810986 -0.736001 -13.545076 0.977977 0.000000
3500 56.034115 0.727907 67.269257 -0.861048 -11.991552 0.889551 0.000000
4000 48.235970 0.588349 62.875355 -0.770204 -15.414683 0.957154 0.000000
4500 53.744522 1.170679 64.185852 -1.412917 -11.211884 1.012795 0.000000
5000 49.259563 0.955900 61.347588 -2.126515 -12.276011 1.358601 0.000000
500 63.149033 0.498092 72.455032 -2.406007 -8.507628 1.109544 0.000000
1000 56.148712 1.743487 67.526100 -5.742009 -8.253548 0.874682 0.000000
1500 43.479073 0.547183 57.230694 -4.570546 -11.083503 1.355246 0.000000
2000 42.702213 0.545396 59.792149 -4.315953 -14.484391 1.165014 0.000000
2500 66.745522 0.483989 76.772522 -3.126506 -8.413372 1.028893 0.000000
3000 45.089634 0.529410 66.080078 -4.915880 -17.330572 0.726596 0.000000
3500 45.576550 2.699206 63.301033 -5.785103 -15.427194 0.788610 0.000000
4000 57.621132 2.817769 69.678879 -2.832124 -12.870766 0.827371 0.000000
4500 48.519287 0.738420 63.960060 -2.908951 -14.172729 0.902488 0.000000
5000 46.083996 0.933500 60.276062 -2.451393 -13.648418 0.974248 0.000000
500 69.488838 0.340893 68.220436 0.000000 0.000000 0.927516 0.000000
1000 75.146927 2.190351 72.080841 0.000000 0.000000 0.875733 0.000000
1500 70.494087 2.008407 67.507935 0.000000 0.000000 0.977744 0.000000
2000 67.342690 1.394061 65.062180 0.000000 0.000000 0.886453 0.000000
2500 72.198502 0.735390 70.394005 0.000000 0.000000 1.069104 0.000000
3000 73.679077 1.347387 70.978249 -0.036092 0.000000 1.389531 0.000000
3500 65.599762 0.471190 64.382263 0.000000 0.000000 0.746308 0.000000
4000 49.510857 0.533077 58.421452 -3.233797 -7.326548 1.116669 0.000000
4500 84.443840 0.401996 83.074738 0.000000 0.000000 0.967110 0.000000
5000 73.552673 2.690619 69.886681 0.000000 0.000000 0.975370 0.000000
500 72.219933 3.299211 67.978027 0.000000 0.000000 0.942696 0.000000
1000 66.963615 0.465991 65.773384 0.000000 0.000000 0.724241 0.000000
1500 75.295792 1.721731 72.931084 -0.496293 0.000000 1.139266 0.000000
2000 75.413353 0.603204 74.656166 -0.769770 0.000000 0.923754 0.000000
2500 60.332455 0.469631 59.085098 0.000000 0.000000 0.777725 0.000000
3000 67.854546 1.451920 65.562180 0.000000 0.000000 0.840443 0.000000
3500 70.458221 0.912747 68.299980 -0.019091 0.000000 1.264578 0.000000
4000 76.990707 0.574580 75.618301 0.000000 0.000000 0.797830 0.000000
4500 67.511734 0.475050 66.549194 -0.333578 0.000000 0.821064 0.000000
5000 74.705376 2.574348 71.264709 -0.122092 0.000000 0.988410 0.000000
500 67.301613 0.564416 65.857048 -0.023615 0.000000 0.903763 0.000000
1000 78.536247 0.979943 77.124992 -0.352866 0.000000 0.784181 0.000000
1500 70.801682 0.493967 70.214836 -1.076317 0.000000 1.169196 0.000000
2000 62.425755 0.503873 61.058613 0.000000 0.000000 0.863270 0.000000
2500 64.068207 0.636791 62.024624 0.000000 0.000000 1.406795 0.000000
3000 74.318657 0.617968 72.949463 0.000000 0.000000 0.751226 0.000000
3500 69.493813 0.443353 68.184425 0.000000 0.000000 0.866033 0.000000
4000 65.295906 1.073014 63.374550 0.000000 0.000000 0.848346 0.000000
4500 81.139626 3.770017 76.431137 0.000000 0.000000 0.938469 0.000000
5000 79.057816 0.672739 77.570587 0.000000 0.000000 0.814490 0.000000
500 67.469620 0.516990 65.977386 0.000000 0.000000 0.975246 0.000000
1000 74.875771 0.488894 75.082741 -1.341928 0.000000 0.646066 0.000000
1500 79.424263 0.571548 78.148277 -0.293198 0.000000 0.997638 0.000000
2000 58.421700 0.878535 57.711559 -1.002154 0.000000 0.833759 0.000000
2500 86.310318 0.817265 84.189209 0.000000 0.000000 1.303840 0.000000
3000 66.298409 0.564885 64.928253 -0.069337 0.000000 0.874604 0.000000
3500 72.482018 0.578751 71.112686 0.000000 0.000000 0.790584 0.000000
4000 66.728424 0.457668 65.503860 -0.170218 0.000000 0.937113 0.000000
4500 64.215782 0.349439 63.032394 0.000000 0.000000 0.833953 0.000000
5000 60.314816 0.372493 59.017651 0.000000 0.000000 0.924671 0.000000
500 66.471878 0.621230 64.918060 0.000000 0.000000 0.932587 0.000000
1000 80.901772 0.995612 78.824478 0.000000 0.000000 1.081683 0.000000
1500 60.547592 0.912722 58.932137 -0.467051 0.000000 1.169786 0.000000
2000 60.465027 0.767857 58.756680 0.000000 0.000000 0.940491 0.000000
2500 76.216125 1.164682 74.114815 0.000000 0.000000 0.936629 0.000000
3000 76.134239 0.552346 74.678543 0.000000 0.000000 0.903350 0.000000
3500 53.556652 0.662326 63.751751 -4.306782 -7.617181 1.066535 0.000000
4000 48.882492 0.437367 61.217453 -4.104277 -9.606468 0.938415 0.000000
4500 42.164944 0.535402 58.203869 -4.208858 -13.238388 0.872920 0.000000
5000 54.314552 0.633626 70.972137 -4.413772 -13.778852 0.901414 0.000000
500 84.241211 1.853129 80.708557 -0.105070 0.000000 1.784601 0.000000
1000 72.576866 0.498931 71.321304 0.000000 0.000000 0.756631 0.000000
1500 57.308769 0.496820 61.461948 -1.226322 -4.314003 0.890328 0.000000
2000 65.766090 0.357444 64.679817 0.000000 0.000000 0.728832 0.000000
2500 65.562759 1.886497 68.000885 -0.678175 -4.422607 0.776160 0.000000
3000 54.863258 1.170157 52.982388 -0.023298 0.000000 0.734008 0.000000
3500 70.176323 1.894624 68.475876 -1.135231 0.000000 0.941054 0.000000
4000 65.308052 2.076094 66.884148 -0.641107 -3.962893 0.951807 0.000000
4500 68.593590 4.222667 63.473518 0.000000 0.000000 0.897411 0.000000
5000 74.868828 0.599876 73.181618 -0.074751 0.000000 1.162089 0.000000
500 54.645874 0.302233 67.277199 -3.815373 -10.011249 0.893067 0.000000
1000 53.688023 0.512353 63.620644 -4.792851 -6.403310 0.751187 0.000000
1500 49.240868 0.299784 56.292225 -2.745932 -5.462914 0.857705 0.000000
2000 49.488094 1.604682 63.077450 -5.450792 -10.639507 0.896265 0.000000
2500 59.127071 1.300184 65.147545 -3.651353 -4.611403 0.942097 0.000000
3000 55.176369 0.527656 54.676601 -1.060394 0.000000 1.032505 0.000000
3500 68.350983 0.487490 67.047646 0.000000 0.000000 0.815852 0.000000
4000 75.703415 0.439267 74.024231 0.000000 0.000000 1.239917 0.000000
4500 67.578156 0.424273 67.365028 -1.310599 0.000000 1.099459 0.000000
5000 77.979149 1.294258 75.741493 0.000000 0.000000 0.943395 0.000000
500 40.846226 0.357368 59.650455 -4.248001 -15.858759 0.945163 0.000000
1000 39.158661 0.652675 59.702591 -6.728045 -15.304214 0.835654 0.000000
1500 52.329021 0.466002 62.088978 -4.833378 -6.207145 0.814564 0.000000
2000 49.783390 2.560940 68.585999 -4.550042 -17.725294 0.911786 0.000000
2500 46.546936 0.690877 63.442913 -4.362423 -14.014497 0.790064 0.000000
3000 53.887344 2.140155 65.930283 -4.501003 -10.558348 0.876257 0.000000
3500 55.433014 1.498556 69.580284 -5.942115 -10.858093 1.154379 0.000000
4000 65.584122 0.812334 76.572334 -3.212212 -9.801294 1.212959 0.000000
4500 52.324379 1.066962 62.525761 -4.349479 -7.786254 0.867392 0.000000
5000 65.977158 0.443314 72.666817 -4.084777 -4.000196 0.952005 0.000000
500 71.454231 0.564843 70.020958 -0.120114 0.000000 0.988549 0.000000
1000 72.831467 0.632549 72.104126 -1.047799 0.000000 1.142597 0.000000
1500 82.934517 0.473058 81.506615 0.000000 0.000000 0.954843 0.000000
2000 60.240520 0.390277 58.915077 0.000000 0.000000 0.935166 0.000000
2500 74.312935 0.549208 72.481369 0.000000 0.000000 1.282359 0.000000
3000 68.640884 0.849113 67.796410 -0.751081 0.000000 0.746447 0.000000
3500 68.800194 0.356499 67.402527 0.000000 0.000000 1.041165 0.000000
4000 74.424171 1.846913 71.481506 -0.019939 0.000000 1.115682 0.000000
4500 65.770912 1.331420 63.623184 0.000000 0.000000 0.816305 0.000000
5000 80.205727 0.490812 78.358582 0.000000 0.000000 1.356328 0.000000
500 40.811687 0.472805 57.590530 -5.701314 -12.460238 0.909900 0.000000
1000 40.446552 0.295037 51.095943 -4.215183 -7.706383 0.977138 0.000000
1500 43.977146 0.988809 53.914265 -3.573197 -8.187499 0.834769 0.000000
2000 55.662235 0.566362 63.486805 -4.187565 -5.060029 0.856660 0.000000
2500 59.032742 3.082586 65.989189 -3.184079 -7.673800 0.818849 0.000000
3000 38.905830 0.851402 54.285713 -5.390615 -11.642336 0.801666 0.000000
3500 39.710445 0.752563 56.534916 -5.765608 -12.798210 0.986781 0.000000
4000 29.071081 0.313208 47.141479 -5.457170 -13.720766 0.794327 0.000000
4500 33.276356 0.317418 50.282593 -4.387150 -13.920654 0.984152 0.000000
5000 33.584122 1.587653 48.301266 -5.044636 -12.264965 1.004803 0.000000
500 80.269501 0.351279 79.048630 0.000000 0.000000 0.869588 0.000000
1000 61.259712 0.402409 60.006725 0.000000 0.000000 0.850577 0.000000
1500 67.266342 0.616474 65.744873 0.000000 0.000000 0.905002 0.000000
2000 66.192558 0.605224 64.796692 0.000000 0.000000 0.790640 0.000000
2500 69.108757 0.605591 67.590744 0.000000 0.000000 0.912425 0.000000
3000 70.152336 1.093095 68.098991 0.000000 0.000000 0.960254 0.000000
3500 66.133804 0.566369 66.593925 -2.085009 0.000000 1.058521 0.000000
4000 77.459000 0.573276 76.111351 0.000000 0.000000 0.774379 0.000000
4500 64.898315 0.864014 63.845261 -1.047218 0.000000 1.236263 0.000000
5000 63.446987 0.590755 66.238159 -0.460849 -4.159686 1.238608 0.000000
500 50.115116 0.485808 53.332336 -1.154515 -3.287654 0.739140 0.000000
1000 69.318130 0.629810 67.792572 0.000000 0.000000 0.895754 0.000000
1500 73.956604 0.516918 72.445900 0.000000 0.000000 0.993792 0.000000
2000 67.467300 0.519287 66.296547 -0.376188 0.000000 1.027659 0.000000
2500 61.346210 0.465795 62.359646 -0.348622 -2.285007 1.154400 0.000000
3000 68.017906 0.676561 67.596802 -0.981890 0.000000 0.726433 0.000000
3500 70.636627 0.633090 69.167068 0.000000 0.000000 0.836470 0.000000
4000 63.588848 0.542677 61.857552 0.000000 0.000000 1.188619 0.000000
4500 71.683250 2.099030 68.597145 0.000000 0.000000 0.987078 0.000000
5000 71.861351 2.303724 69.959373 -1.160894 0.000000 0.759147 0.000000
500 73.152161 0.574002 71.717682 0.000000 0.000000 0.860473 0.000000
1000 77.432587 2.584890 73.959167 0.000000 0.000000 0.888530 0.000000
1500 75.849289 1.314080 73.751503 -0.256007 0.000000 1.039712 0.000000
2000 65.220032 0.847760 63.620598 0.000000 0.000000 0.751669 0.000000
2500 66.614273 2.095380 63.536808 -0.072324 0.000000 1.054416 0.000000
3000 68.702354 0.579810 67.426956 -0.245722 0.000000 0.941307 0.000000
3500 68.397575 0.347124 66.998314 0.000000 0.000000 1.052143 0.000000
4000 75.558922 1.242569 74.115013 -0.676123 0.000000 0.877462 0.000000
4500 66.216927 0.436679 64.980072 0.000000 0.000000 0.800179 0.000000
5000 74.218552 1.024649 72.201431 0.000000 0.000000 0.992469 0.000000
500 76.981918 0.617377 75.305801 0.000000 0.000000 1.058736 0.000000
1000 68.579430 0.303190 67.568932 0.000000 0.000000 0.707302 0.000000
1500 66.484711 1.041402 64.581779 0.000000 0.000000 0.861528 0.000000
2000 51.054741 0.571729 64.956947 -2.607773 -12.685508 0.819344 0.000000
2500 42.261353 0.382862 52.433174 -1.802048 -10.021517 1.268885 0.000000
3000 60.019421 0.892267 69.226471 -1.872671 -9.180252 0.953610 0.000000
3500 40.865616 3.015358 56.794144 -4.243924 -15.695657 0.995692 0.000000
4000 49.540825 1.567752 59.684940 -2.530663 -10.157992 0.976786 0.000000
4500 56.329002 0.581407 60.800259 -1.867631 -4.136069 0.951037 0.000000
5000 54.202538 1.037828 60.246178 -2.217794 -5.831594 0.967924 0.000000
500 42.230335 0.569388 54.598976 -2.091397 -11.666693 0.820058 0.000000
1000 57.747566 1.243241 67.251541 -2.389521 -9.142792 0.785095 0.000000
1500 41.687454 0.978919 54.774536 -2.726708 -12.015232 0.675937 0.000000
2000 49.014755 0.360005 65.196693 -3.032615 -14.319062 0.809730 0.000000
2500 47.227215 1.923533 62.031448 -3.401862 -14.138508 0.812603 0.000000
3000 58.809364 0.427606 68.653938 -3.200221 -7.849543 0.777580 0.000000
3500 77.410118 1.264105 75.228516 0.000000 0.000000 0.917497 0.000000
4000 81.261780 1.015106 79.052727 0.000000 0.000000 1.193945 0.000000
4500 56.977798 1.275022 60.504601 -2.328800 -3.319488 0.846468 0.000000
5000 69.188156 1.454795 69.666786 -0.807947 -2.042065 0.916583 0.000000
500 80.495697 0.948351 78.268845 0.000000 0.000000 1.278504 0.000000
1000 58.253540 0.750525 56.368984 0.000000 0.000000 1.134029 0.000000
1500 57.503563 0.444403 56.206989 0.000000 0.000000 0.852168 0.000000
2000 67.817757 0.887263 68.051201 -1.998255 0.000000 0.877548 0.000000
2500 66.106918 0.554351 64.703979 0.000000 0.000000 0.848587 0.000000
3000 72.280785 0.435325 70.791359 0.000000 0.000000 1.054099 0.000000
3500 72.531883 0.369903 71.210320 0.000000 0.000000 0.951659 0.000000
4000 79.845085 0.275721 78.760239 0.000000 0.000000 0.809128 0.000000
4500 61.603466 0.414613 60.293030 0.000000 0.000000 0.895823 0.000000
5000 69.839485 0.527951 68.253647 0.000000 0.000000 1.057884 0.000000
500 62.107639 0.514370 64.190445 -3.331614 0.000000 0.734439 0.000000
1000 39.718292 0.980064 58.010010 -5.054257 -15.291418 1.073892 0.000000
1500 53.129581 0.733933 69.700508 -5.249675 -13.060741 1.005552 0.000000
2000 75.338295 1.223984 73.342506 0.000000 0.000000 0.771807 0.000000
2500 78.033203 0.953960 76.340332 0.000000 0.000000 0.738917 0.000000
3000 77.227936 0.760604 75.410492 -0.065338 0.000000 1.122180 0.000000
3500 66.597107 0.594453 64.885300 -0.020607 0.000000 1.137960 0.000000
4000 79.460373 0.529803 78.091026 0.000000 0.000000 0.839547 0.000000
4500 78.150459 0.501814 76.521523 0.000000 0.000000 1.127124 0.000000
5000 70.105331 0.721165 68.660370 0.000000 0.000000 0.723793 0.000000
500 66.480423 0.434146 69.556892 -0.195695 -4.055347 0.740434 0.000000
1000 61.552795 0.471159 60.191681 0.000000 0.000000 0.889955 0.000000
1500 75.561646 0.325607 74.577766 0.000000 0.000000 0.658273 0.000000
2000 69.902977 0.703120 68.047791 -0.034229 0.000000 1.186301 0.000000
2500 69.327583 1.220213 67.060364 -0.047528 0.000000 1.094539 0.000000
3000 73.745422 0.508555 78.683929 -1.203848 -5.106903 0.863694 0.000000
3500 58.571743 0.965868 64.380104 -1.339923 -6.193882 0.759575 0.000000
4000 84.472496 0.439335 83.234932 -0.019402 0.000000 0.817625 0.000000
4500 60.171185 0.608129 67.790916 -2.299466 -7.012509 1.084113 0.000000
5000 69.464958 0.690584 69.208252 -1.255575 0.000000 0.821704 0.000000
500 62.226322 0.426736 63.625160 -0.710269 -2.081069 0.965767 0.000000
1000 71.531982 1.697228 72.702171 -0.943740 -3.180347 1.256671 0.000000
1500 67.773911 0.607206 68.585312 -0.122525 -2.390939 1.094858 0.000000
2000 65.637115 0.514959 63.676598 0.000000 0.000000 1.445555 0.000000
2500 61.135593 0.245998 60.179401 0.000000 0.000000 0.710193 0.000000
3000 63.242619 0.383165 62.143669 -0.069780 0.000000 0.785569 0.000000
3500 77.610962 2.261237 74.864174 -0.522609 0.000000 1.008154 0.000000
4000 72.944244 0.586501 71.229156 0.000000 0.000000 1.128582 0.000000
4500 74.036392 0.281983 72.843246 0.000000 0.000000 0.911167 0.000000
5000 60.615814 0.600883 59.227200 0.000000 0.000000 0.787733 0.000000
500 33.204929 0.546238 60.902824 -9.514277 -19.467297 0.737440 0.000000
1000 37.457325 2.115168 60.143593 -7.476417 -18.151091 0.826069 0.000000
1500 29.049528 0.350609 51.609550 -6.525322 -17.235590 0.850281 0.000000
2000 41.276474 1.570612 66.536903 -6.775684 -20.821234 0.765877 0.000000
2500 46.735100 1.058114 61.542156 -5.922174 -10.736561 0.793564 0.000000
3000 31.983952 0.759066 54.362648 -7.233099 -16.788595 0.883929 0.000000
3500 26.071262 1.642704 47.494080 -6.985637 -16.950777 0.870894 0.000000
4000 30.661961 0.496152 51.906700 -6.651716 -15.862367 0.773189 0.000000
4500 42.683929 0.438226 62.786873 -5.498121 -15.828980 0.785936 0.000000
5000 41.754677 0.389965 63.805431 -6.948707 -16.359856 0.867844 0.000000
500 65.352715 0.876142 63.729454 0.000000 0.000000 0.747118 0.000000
1000 73.826424 0.560739 72.220619 0.000000 0.000000 1.045064 0.000000
1500 87.681290 1.259364 85.427841 0.000000 0.000000 0.994090 0.000000
2000 74.076324 0.365352 72.748535 0.000000 0.000000 0.962440 0.000000
2500 69.280235 0.543175 67.883827 0.000000 0.000000 0.853230 0.000000
3000 66.373253 0.374676 65.097069 0.000000 0.000000 0.901513 0.000000
3500 75.358002 0.798238 73.698105 -0.033746 0.000000 0.895401 0.000000
4000 73.328606 0.632842 71.823944 -0.024425 0.000000 0.896239 0.000000
4500 63.399658 0.415141 66.560173 -0.231110 -4.097927 0.753385 0.000000
5000 66.298134 2.133153 63.169373 0.000000 0.000000 0.995602 0.000000
500 72.235077 0.777678 71.776390 -1.237814 0.000000 0.918827 0.000000
1000 72.508324 0.906423 70.842514 -0.171645 0.000000 0.931028 0.000000
1500 57.040298 0.356964 61.043301 -1.479197 -3.769100 0.888331 0.000000
2000 62.265919 1.099738 59.905426 0.000000 0.000000 1.260752 0.000000
2500 78.656494 0.400685 77.267929 0.000000 0.000000 0.987879 0.000000
3000 62.910900 1.148876 71.096985 -3.271270 -6.971799 0.908110 0.000000
3500 64.873970 0.667452 63.305805 0.000000 0.000000 0.900710 0.000000
4000 78.518158 1.658660 76.078293 0.000000 0.000000 0.781204 0.000000
4500 62.473000 1.141405 65.732018 -0.328336 -5.236451 1.164367 0.000000
5000 60.098564 0.525688 63.510490 -0.816833 -4.181914 1.061134 0.000000
500 25.687943 0.538715 51.593945 -8.661799 -18.613487 0.830570 0.000000
1000 31.243431 0.364336 59.073051 -8.314809 -20.740612 0.861466 0.000000
1500 30.636677 0.639392 47.646420 -6.144126 -12.425689 0.920680 0.000000
2000 39.720840 0.594646 61.288372 -5.520335 -17.579140 0.937299 0.000000
2500 39.940136 0.308114 60.695404 -4.106487 -17.746311 0.789417 0.000000
3000 36.596779 0.487671 53.797916 -4.799137 -13.740261 0.850589 0.000000
3500 50.582127 0.708196 66.519485 -4.193762 -13.172247 0.720457 0.000000
4000 48.240147 0.548582 55.803833 -1.028790 -7.915481 0.832004 0.000000
4500 58.731094 0.607405 68.285408 -3.098655 -8.002815 0.939752 0.000000
5000 36.057247 1.167338 52.941406 -6.165160 -12.656029 0.769692 0.000000
500 47.385654 2.860486 59.267014 -5.333517 -10.212210 0.803883 0.000000
1000 35.426960 2.407402 55.890213 -5.194667 -18.422731 0.746747 0.000000
1500 25.995508 0.898514 48.793934 -6.991596 -17.472473 0.767131 0.000000
2000 45.681812 0.307461 57.935368 -5.902065 -7.572001 0.913053 0.000000
2500 44.557320 0.420283 53.940990 -3.324185 -7.411472 0.931702 0.000000
3000 51.302780 1.217291 60.327129 -3.321976 -7.921023 1.001359 0.000000
3500 72.905899 0.777843 71.296822 0.000000 0.000000 0.831238 0.000000
4000 71.404411 0.392898 70.249527 0.000000 0.000000 0.761989 0.000000
4500 65.496391 1.226269 63.506168 0.000000 0.000000 0.763955 0.000000
5000 69.233688 0.627160 67.782310 0.000000 0.000000 0.824222 0.000000
500 65.180489 0.731710 63.625111 0.000000 0.000000 0.823667 0.000000
1000 59.695011 0.417143 58.417824 0.000000 0.000000 0.860041 0.000000
1500 75.148552 0.641612 73.095695 0.000000 0.000000 1.411248 0.000000
2000 72.489090 1.551494 69.974411 0.000000 0.000000 0.963186 0.000000
2500 69.156265 1.444652 66.956284 -0.048345 0.000000 0.803677 0.000000
3000 56.876541 0.304492 57.563107 -0.175146 -1.716754 0.900843 0.000000
3500 71.944679 0.668106 70.061340 0.000000 0.000000 1.215232 0.000000
4000 61.831524 0.357330 60.593807 -0.095725 0.000000 0.976112 0.000000
4500 74.514565 1.584735 71.955353 0.000000 0.000000 0.974481 0.000000
5000 63.043224 0.738819 64.628197 -0.613130 -2.633228 0.922568 0.000000
500 68.449745 0.673901 66.938606 -0.340041 0.000000 1.177280 0.000000
1000 74.931702 0.637981 73.860863 -0.422775 0.000000 0.855637 0.000000
1500 84.506889 0.537773 83.230927 0.000000 0.000000 0.738189 0.000000
2000 70.660751 0.778223 68.940140 0.000000 0.000000 0.942392 0.000000
2500 76.017609 0.542733 74.567909 0.000000 0.000000 0.906968 0.000000
3000 54.452526 0.480641 53.700245 -0.758018 0.000000 1.029661 0.000000
3500 50.466545 0.859685 64.369881 -3.230279 -12.404682 0.871935 0.000000
4000 56.617737 0.732658 68.356987 -5.883441 -8.024714 1.436250 0.000000
4500 48.957993 0.393033 65.754532 -6.881824 -11.232216 0.924464 0.000000
5000 61.895760 0.383502 73.675766 -4.587304 -8.644668 1.068466 0.000000
500 79.667679 0.561464 78.138557 0.000000 0.000000 0.967660 0.000000
1000 82.444000 0.927572 80.463181 -0.085390 0.000000 1.138636 0.000000
1500 63.730190 0.852793 62.892479 -0.832045 0.000000 0.816965 0.000000
2000 75.949959 1.050600 73.860252 0.000000 0.000000 1.039111 0.000000
2500 57.366623 0.328707 56.376736 0.000000 0.000000 0.661179 0.000000
3000 69.864258 0.735003 68.462990 -0.190586 0.000000 0.856854 0.000000
3500 59.716209 1.430510 57.501995 0.000000 0.000000 0.783702 0.000000
4000 71.040421 0.352640 69.718864 0.000000 0.000000 0.968920 0.000000
4500 61.246044 0.941069 59.103291 0.000000 0.000000 1.201683 0.000000
5000 66.016525 0.716930 64.428902 0.000000 0.000000 0.870699 0.000000
500 68.394119 0.684608 68.025383 -1.317601 0.000000 1.001730 0.000000
1000 69.549812 0.400034 68.277092 -0.041875 0.000000 0.914564 0.000000
1500 73.561806 1.341130 71.362251 0.000000 0.000000 0.858423 0.000000
2000 74.513870 0.361218 73.378098 0.000000 0.000000 0.774551 0.000000
2500 75.564484 0.518201 74.096947 0.000000 0.000000 0.949333 0.000000
3000 64.808441 0.910257 68.882874 -3.030989 -2.707286 0.753588 0.000000
3500 59.669285 0.777867 66.973190 -2.806993 -6.358127 1.083342 0.000000
4000 57.500832 1.364395 60.433315 -1.163260 -4.033311 0.899692 0.000000
4500 66.083008 0.623559 68.688423 -1.770916 -2.695819 1.237754 0.000000
5000 66.553787 1.455616 64.062943 0.000000 0.000000 1.035230 0.000000
500 62.627563 0.330252 61.411972 0.000000 0.000000 0.885343 0.000000
1000 66.866394 0.383477 65.451683 0.000000 0.000000 1.031237 0.000000
1500 61.455933 0.266356 60.460602 0.000000 0.000000 0.728975 0.000000
2000 71.731293 0.723372 70.429611 -0.162857 0.000000 0.741164 0.000000
2500 59.662079 1.622141 63.891876 -2.321543 -4.334218 0.803824 0.000000
3000 81.001152 0.614401 79.139259 -0.021909 0.000000 1.269403 0.000000
3500 68.936943 0.313453 67.787010 0.000000 0.000000 0.836479 0.000000
4000 64.214355 0.895061 62.498138 0.000000 0.000000 0.821159 0.000000
4500 87.465927 0.453559 85.994576 0.000000 0.000000 1.017791 0.000000
5000 87.562263 0.642353 86.000069 0.000000 0.000000 0.919847 0.000000
500 59.781471 0.786823 58.233208 0.000000 0.000000 0.761440 0.000000
1000 47.048351 0.540418 56.616463 -4.914980 -5.994410 0.800861 0.000000
1500 56.348583 0.451233 72.301575 -6.035900 -11.261199 0.892873 0.000000
2000 59.681511 0.522566 64.193001 -1.438029 -4.540897 0.944868 0.000000
2500 69.984627 0.387029 68.811874 0.000000 0.000000 0.785722 0.000000
3000 68.114594 0.323084 67.111115 -0.072085 0.000000 0.752482 0.000000
3500 78.818207 0.538199 77.409744 0.000000 0.000000 0.870266 0.000000
4000 63.361561 0.536317 62.929462 -1.052930 0.000000 0.948712 0.000000
4500 69.847084 0.612401 68.236443 0.000000 0.000000 0.998234 0.000000
5000 66.340149 0.855610 67.717407 -2.986318 0.000000 0.753455 0.000000
500 67.366035 0.329256 65.955933 0.000000 0.000000 1.080848 0.000000
1000 53.788940 0.750136 66.185165 -4.966287 -8.925924 0.745850 0.000000
1500 56.608276 1.133257 62.977238 -3.639802 -4.570076 0.707656 0.000000
2000 51.873940 0.612851 65.627861 -4.093478 -11.042223 0.768928 0.000000
2500 48.196980 0.466102 60.265526 -3.236706 -10.015326 0.717380 0.000000
3000 72.350571 0.495768 70.955872 0.000000 0.000000 0.898931 0.000000
3500 73.298103 0.498571 71.808151 0.000000 0.000000 0.991377 0.000000
4000 73.213768 0.623469 71.669487 0.000000 0.000000 0.920818 0.000000
4500 73.108551 1.271451 70.934807 0.000000 0.000000 0.902288 0.000000
5000 73.732719 1.094817 72.124557 -0.217817 0.000000 0.731161 0.000000
500 75.919327 1.115885 73.908257 0.000000 0.000000 0.895188 0.000000
1000 70.890533 0.669910 69.271133 0.000000 0.000000 0.949497 0.000000
1500 67.961922 1.553540 65.580536 0.000000 0.000000 0.827844 0.000000
2000 79.787964 1.272427 77.308212 0.000000 0.000000 1.207320 0.000000
2500 63.995628 1.842107 61.255985 -0.046898 0.000000 0.944436 0.000000
3000 60.623714 0.431297 59.358978 0.000000 0.000000 0.833440 0.000000
3500 55.293560 0.839797 65.861298 -1.056134 -11.079959 0.728561 0.000000
4000 44.784885 0.530990 53.563587 -0.274310 -10.098221 1.062838 0.000000
4500 72.764114 0.708906 70.952194 -0.144562 0.000000 1.247571 0.000000
5000 66.441071 1.000822 64.653442 0.000000 0.000000 0.786802 0.000000
500 74.377220 0.522664 72.894211 0.000000 0.000000 0.960346 0.000000
1000 55.309502 0.697669 58.912788 -2.197146 -3.004349 0.900538 0.000000
1500 55.116615 1.029783 66.096260 -3.761094 -9.063131 0.814795 0.000000
2000 71.384201 0.692976 69.990913 -0.141030 0.000000 0.841341 0.000000
2500 60.118885 0.596139 58.731781 -0.106085 0.000000 0.897054 0.000000
3000 75.419937 1.300464 73.211761 0.000000 0.000000 0.907716 0.000000
3500 63.300278 0.588973 62.032120 0.000000 0.000000 0.679183 0.000000
4000 59.532845 0.519598 57.903263 0.000000 0.000000 1.109984 0.000000
4500 72.208664 0.465820 71.327965 -0.605240 0.000000 1.020121 0.000000
5000 53.067650 0.216832 51.699024 0.000000 0.000000 1.151795 0.000000
500 73.232697 0.675718 71.485863 -0.116486 0.000000 1.187600 0.000000
1000 77.729027 0.498002 76.266068 0.000000 0.000000 0.964958 0.000000
1500 79.220695 0.341715 78.010750 0.000000 0.000000 0.868236 0.000000
2000 75.847221 0.518566 74.365822 0.000000 0.000000 0.962841 0.000000
2500 67.450203 0.794604 65.851143 0.000000 0.000000 0.804457 0.000000
3000 66.935509 0.493390 65.602249 0.000000 0.000000 0.839865 0.000000
3500 65.765709 1.146317 63.404846 0.000000 0.000000 1.214548 0.000000
4000 67.066193 0.408861 65.870735 0.000000 0.000000 0.786595 0.000000
4500 73.422218 2.402498 69.566978 0.000000 0.000000 1.452745 0.000000
5000 64.240669 0.468907 63.021339 0.000000 0.000000 0.750426 0.000000
500 63.687992 0.802502 62.124222 0.000000 0.000000 0.761267 0.000000
1000 73.440163 0.314119 72.764496 -0.720394 0.000000 1.081943 0.000000
1500 64.088043 0.516847 62.209209 0.000000 0.000000 1.361984 0.000000
2000 75.076256 1.438825 72.234657 0.000000 0.000000 1.402769 0.000000
2500 64.264938 0.517819 62.856583 0.000000 0.000000 0.890540 0.000000
3000 85.042244 0.752324 83.376434 0.000000 0.000000 0.913486 0.000000
3500 58.189739 0.287821 58.117943 -0.821898 0.000000 0.605872 0.000000
4000 72.834190 0.463606 71.421219 0.000000 0.000000 0.949367 0.000000
4500 72.348145 1.278126 70.195259 0.000000 0.000000 0.874757 0.000000
5000 76.132156 0.276020 75.189476 -0.145581 0.000000 0.812247 0.000000
500 72.687576 0.598461 71.056084 -0.035527 0.000000 1.068563 0.000000
1000 71.769005 0.623475 70.362152 0.000000 0.000000 0.783379 0.000000
1500 74.106064 0.718342 72.499908 0.000000 0.000000 0.887816 0.000000
2000 60.344021 0.819811 59.797966 -1.183776 0.000000 0.910023 0.000000
2500 61.122349 1.796957 58.533737 -0.133519 0.000000 0.925174 0.000000
3000 65.241356 0.997450 63.476982 0.000000 0.000000 0.766921 0.000000
3500 59.812111 0.392355 59.557610 -0.809724 0.000000 0.671869 0.000000
4000 82.744751 1.392560 80.973000 -0.378137 0.000000 0.757328 0.000000
4500 65.919678 0.560588 64.618126 -0.025597 0.000000 0.766565 0.000000
5000 69.852844 0.320586 68.230843 0.000000 0.000000 1.301413 0.000000
500 44.343937 1.118905 55.075344 -4.451802 -8.190647 0.792136 0.000000
1000 53.362274 0.738000 58.977325 -2.693728 -4.706241 1.046921 0.000000
1500 57.637466 0.975375 63.812469 -2.712262 -5.345919 0.907805 0.000000
2000 47.181721 0.538583 59.892609 -4.387619 -9.816352 0.954500 0.000000
2500 59.055607 1.027166 68.326599 -3.708817 -7.498784 0.909438 0.000000
3000 59.333424 0.411113 68.777199 -3.709544 -6.928907 0.783565 0.000000
3500 44.240070 0.313965 57.104492 -4.415983 -9.526311 0.763905 0.000000
4000 57.236694 0.578153 55.829041 0.000000 0.000000 0.829504 0.000000
4500 47.057911 0.504091 59.597958 -0.157471 -13.755697 0.869030 0.000000
5000 60.970703 0.680065 63.337044 -0.070664 -3.843156 0.867411 0.000000
500 57.304150 0.903858 55.616104 0.000000 0.000000 0.784186 0.000000
1000 69.992783 3.495369 65.671333 0.000000 0.000000 0.826078 0.000000
1500 64.868523 0.838864 67.317047 -1.839517 -2.620202 1.172326 0.000000
2000 58.197479 0.797734 56.909424 -0.338917 0.000000 0.829238 0.000000
2500 63.981632 0.949284 62.081749 -0.065262 0.000000 1.015861 0.000000
3000 69.485352 2.386743 66.025177 -0.179961 0.000000 1.253392 0.000000
3500 69.965477 0.959001 68.166458 0.000000 0.000000 0.840018 0.000000
4000 74.221466 1.572577 71.422379 -0.049745 0.000000 1.276256 0.000000
4500 68.423538 0.537404 67.250389 -0.023519 0.000000 0.659267 0.000000
5000 68.488869 0.494082 67.149933 0.000000 0.000000 0.844855 0.000000
500 67.063385 1.852165 64.373726 0.000000 0.000000 0.837495 0.000000
1000 66.585205 0.263723 65.554718 0.000000 0.000000 0.766760 0.000000
1500 71.294029 0.602977 69.740448 0.000000 0.000000 0.950606 0.000000
2000 68.963120 0.401931 67.369896 0.000000 0.000000 1.191296 0.000000
2500 78.188118 1.095866 76.019119 0.000000 0.000000 1.073137 0.000000
3000 83.179893 1.332037 80.697861 0.000000 0.000000 1.149993 0.000000
3500 64.608536 0.507731 63.148293 0.000000 0.000000 0.952508 0.000000
4000 67.779892 0.636969 66.268356 0.000000 0.000000 0.874563 0.000000
4500 59.568390 0.508290 57.785393 0.000000 0.000000 1.274708 0.000000
5000 67.479874 2.274626 64.411263 -0.047829 0.000000 0.841813 0.000000
500 73.731659 4.515549 68.445625 0.000000 0.000000 0.770488 0.000000
1000 62.029461 1.447288 59.737431 0.000000 0.000000 0.844740 0.000000
1500 64.278305 0.382890 63.042488 0.000000 0.000000 0.852931 0.000000
2000 62.295845 0.450855 61.082348 0.000000 0.000000 0.762642 0.000000
2500 75.883682 0.719299 74.131271 -0.021225 0.000000 1.054335 0.000000
3000 68.533302 0.675919 66.859192 0.000000 0.000000 0.998191 0.000000
3500 73.556213 1.599757 71.342712 0.000000 0.000000 0.613743 0.000000
4000 69.368988 0.559702 67.953873 0.000000 0.000000 0.855416 0.000000
4500 77.030167 1.262599 74.846420 0.000000 0.000000 0.921153 0.000000
5000 60.212509 2.133392 57.387867 0.000000 0.000000 0.691250 0.000000
500 34.729733 0.329553 57.337017 -4.952841 -18.822399 0.838401 0.000000
1000 41.349926 0.754718 61.284115 -5.484195 -16.090828 0.886116 0.000000
1500 40.534153 0.745140 58.566174 -2.713781 -16.825426 0.762042 0.000000
2000 59.145134 0.747174 65.671158 -3.094965 -5.023646 0.845415 0.000000
2500 70.597366 0.934530 68.952240 -0.387245 0.000000 1.097837 0.000000
3000 73.509270 4.220536 68.387604 0.000000 0.000000 0.901133 0.000000
3500 74.989578 0.368672 73.739784 0.000000 0.000000 0.881117 0.000000
4000 64.753250 0.674617 63.793877 -0.563974 0.000000 0.848729 0.000000
4500 72.662338 0.538284 71.179901 0.000000 0.000000 0.944150 0.000000
5000 48.803703 0.791955 64.964188 -6.860784 -10.767023 0.675370 0.000000
500 68.489670 0.640050 68.726265 -1.661316 0.000000 0.784667 0.000000
1000 66.456535 0.905435 63.985439 0.000000 0.000000 1.565660 0.000000
1500 67.672432 0.437178 71.108856 -0.459333 -4.462813 1.048546 0.000000
2000 71.543358 0.499126 70.262970 -0.072173 0.000000 0.853439 0.000000
2500 72.667046 0.799319 77.223610 -0.255095 -6.057741 0.956952 0.000000
3000 71.361053 0.508003 70.144768 -0.037723 0.000000 0.746004 0.000000
3500 68.246552 0.699722 70.262100 -0.927989 -3.332773 1.545488 0.000000
4000 77.626236 2.207100 74.552811 0.000000 0.000000 0.866322 0.000000
4500 69.189537 0.569827 75.422348 -0.476412 -7.359912 1.033681 0.000000
5000 65.871132 0.450084 65.154549 -0.561237 0.000000 0.827733 0.000000
500 77.880348 0.724317 76.170692 -0.049242 0.000000 1.034573 0.000000
1000 69.449600 1.341739 67.191620 0.000000 0.000000 0.916245 0.000000
1500 64.619331 0.982932 62.612366 0.000000 0.000000 1.024034 0.000000
2000 70.598381 0.569441 69.149078 0.000000 0.000000 0.879860 0.000000
2500 52.303753 0.229355 57.311802 -0.849157 -5.448972 1.060722 0.000000
3000 58.988716 1.405361 67.887115 -2.683909 -8.441687 0.821840 0.000000
3500 51.271282 0.451073 62.313026 -2.511027 -10.017035 1.035245 0.000000
4000 75.190308 0.466313 73.629944 0.000000 0.000000 1.094049 0.000000
4500 78.773804 0.738509 77.541069 -0.395148 0.000000 0.889371 0.000000
5000 77.580154 1.483728 74.996956 0.000000 0.000000 1.099473 0.000000
500 66.247276 0.485157 64.834473 0.000000 0.000000 0.927652 0.000000
1000 80.674698 0.853896 78.981346 0.000000 0.000000 0.839451 0.000000
1500 74.385872 0.394678 72.797119 0.000000 0.000000 1.194075 0.000000
2000 78.414360 0.694518 76.850647 -0.131805 0.000000 1.000997 0.000000
2500 71.535858 1.695528 69.089981 0.000000 0.000000 0.750351 0.000000
3000 58.269974 1.399996 71.402962 -3.845492 -11.643099 0.955603 0.000000
3500 47.969959 0.760881 63.677109 -3.478511 -14.133835 1.144318 0.000000
4000 55.473770 0.652986 66.935143 -2.058151 -11.170301 1.114098 0.000000
4500 51.777290 0.565203 58.966106 -1.991583 -6.532996 0.770563 0.000000
5000 47.759987 1.492755 57.657410 -3.044988 -9.307854 0.962660 0.000000
500 37.479221 0.890325 55.379795 -4.839365 -15.073502 1.121972 0.000000
1000 47.063141 0.320150 68.725395 -6.368903 -16.451603 0.838099 0.000000
1500 63.357159 0.568354 76.222816 -6.577617 -7.662622 0.806225 0.000000
2000 50.288380 0.272550 62.959484 -5.317677 -8.635877 1.009901 0.000000
2500 50.110970 0.550569 68.227295 -6.082747 -13.463411 0.879267 0.000000
3000 54.977547 0.622951 67.426773 -5.792591 -8.138102 0.858520 0.000000
3500 54.875523 0.253247 75.116600 -5.589522 -15.627928 0.723127 0.000000
4000 39.646397 1.401029 54.987518 -4.521913 -13.145815 0.925578 0.000000
4500 57.331463 0.668977 66.348328 -2.592051 -8.075339 0.981549 0.000000
5000 69.305344 0.850941 67.455025 0.000000 0.000000 0.999375 0.000000
500 74.302139 1.545040 77.905083 -0.150900 -6.422858 1.425779 0.000000
1000 73.451385 0.196622 72.522202 0.000000 0.000000 0.732560 0.000000
1500 67.429230 0.688896 65.805176 0.000000 0.000000 0.935155 0.000000
2000 68.597382 0.497247 67.159615 0.000000 0.000000 0.940519 0.000000
2500 69.095978 1.169263 66.732491 0.000000 0.000000 1.194219 0.000000
3000 68.247574 0.540733 66.679611 0.000000 0.000000 1.027233 0.000000
3500 62.472797 1.519893 60.159737 0.000000 0.000000 0.793168 0.000000
4000 68.461166 0.992070 66.647980 0.000000 0.000000 0.821115 0.000000
4500 62.197163 0.485605 66.252548 -0.644426 -4.977781 1.081216 0.000000
5000 83.495598 1.176302 83.263199 -1.889223 0.000000 0.945318 0.000000
500 71.672348 0.483255 70.388992 0.000000 0.000000 0.800102 0.000000
1000 64.268463 0.471845 62.354279 0.000000 0.000000 1.442338 0.000000
1500 73.493500 0.528204 72.109688 -0.033918 0.000000 0.889523 0.000000
2000 72.039444 0.725586 70.015251 0.000000 0.000000 1.298608 0.000000
2500 65.687950 0.404380 65.069008 -0.650513 0.000000 0.865076 0.000000
3000 66.622963 0.520493 65.169205 0.000000 0.000000 0.933262 0.000000
3500 70.245682 1.746746 69.885841 -2.260132 0.000000 0.873232 0.000000
4000 65.509453 2.101508 62.477058 0.000000 0.000000 0.930888 0.000000
4500 75.504684 1.129695 73.573036 0.000000 0.000000 0.801959 0.000000
5000 76.423553 0.575602 74.843651 -0.024588 0.000000 1.028895 0.000000
500 68.959488 1.294716 67.098709 -0.404234 0.000000 0.970299 0.000000
1000 83.271584 0.599263 82.317909 -0.642919 0.000000 0.997331 0.000000
1500 62.352222 0.533159 61.094036 0.000000 0.000000 0.725029 0.000000
2000 81.455872 0.509672 79.914146 0.000000 0.000000 1.032051 0.000000
2500 44.192657 1.082110 53.514725 -4.278533 -6.972058 0.846412 0.000000
3000 62.635086 1.024149 61.045036 -0.126346 0.000000 0.692249 0.000000
3500 72.414375 0.615532 71.040543 0.000000 0.000000 0.758302 0.000000
4000 73.050110 0.915671 71.081528 0.000000 0.000000 1.052911 0.000000
4500 69.301132 0.199971 68.257141 0.000000 0.000000 0.844017 0.000000
5000 74.389809 2.400374 72.670029 -1.676817 0.000000 0.996226 0.000000
500 76.169380 0.347276 75.084099 0.000000 0.000000 0.738010 0.000000
1000 74.689171 0.557067 73.255730 -0.025446 0.000000 0.901818 0.000000
1500 68.164185 0.484035 67.730988 -1.032978 0.000000 0.982143 0.000000
2000 68.665184 0.647692 67.177315 0.000000 0.000000 0.840181 0.000000
2500 60.398853 1.112482 68.489037 -0.333486 -10.015102 1.145928 0.000000
3000 71.982162 0.339599 70.705460 -0.095220 0.000000 1.032323 0.000000
3500 60.065990 0.513258 58.481445 0.000000 0.000000 1.071287 0.000000
4000 77.708511 0.844854 76.111900 0.000000 0.000000 0.751754 0.000000
4500 68.645821 0.357642 67.460182 0.000000 0.000000 0.827995 0.000000
5000 76.917770 0.715693 75.101112 0.000000 0.000000 1.100970 0.000000
