661
579
224
321
332
323
87
665
178
537
481
300
581
574
484
667
175
82
358
425
89
335
580
517
354
328
253
347
318
336
299
571
327
500
355
324
343
378
493
655
259
376
412
88
262
180
276
492
668
482
583
505
498
342
349
508
388
486
392
419
634
330
483
490
148
320
607
426
569
368
515
424
506
28
658
274
578
108
303
171
379
158
141
258
401
589
463
573
416
334
223
15
230
575
149
305
546
14
663
298
192
567
283
79
304
529
341
353
590
297
222
402
662
576
252
422
260
157
257
226
220
611
307
410
78
657
329
669
269
616
30
427
584
394
563
152
428
501
534
370
106
287
317
84
449
225
403
306
568
286
622
512
345
278
496
315
587
444
81
670
143
331
448
519
414
451
408
406
160
485
666
377
509
374
564
316
491
533
445
179
16
536
282
277
541
237
308
429
66
350
279
62
551
344
421
582
371
504
389
586
153
369
198
443
273
176
411
290
27
393
595
13
319
510
90
433
163
174
442
348
309
447
654
380
487
572
405
524
77
293
44
322
549
177
76
326
104
109
475
197
562
566
31
440
644
538
450
110
357
105
151
585
516
488
72
420
83
64
268
561
465
191
26
333
242
391
292
511
310
384
550
221
251
544
489
520
29
86
325
457
518
227
656
480
340
565
462
159
291
42
372
112
652
199
638
382
115
398
383
67
43
25
216
301
588
294
409
142
288
280
169
114
521
626
664
154
459
173
497
523
627
19
229
525
314
196
73
243
466
266
399
494
267
577
39
495
407
624
554
522
123
338
47
636
275
289
526
535
381
645
360
555
438
33
413
11
540
387
359
464
499
250
246
168
532
125
400
166
264
557
296
649
609
232
155
214
437
601
34
531
111
18
193
245
284
147
629
162
390
404
631
614
539
375
639
23
527
363
313
356
65
312
188
247
430
633
156
100
263
618
271
417
599
415
660
85
570
140
295
24
620
439
606
647
45
472
37
423
217
552
339
548
248
233
653
659
256
598
432
80
97
118
602
51
530
597
596
215
460
17
502
528
265
144
189
270
458
71
172
646
38
68
249
364
36
272
446
373
235
74
170
75
461
53
239
474
50
615
337
479
302
455
134
54
70
637
59
604
205
454
643
150
238
194
281
145
48
201
651
182
