1000 147.931839 73.965919 147.931839 13.241885 134.689957 0.000000 0.000000 0.000000 0.000000
2000 124.346107 90.759315 124.346107 12.755486 129.715866 -0.912641 -13.818932 0.000000 -3.393661
3000 135.319626 101.899399 124.346107 14.136544 134.723343 -0.556085 -11.296039 0.000000 -1.688141
4000 110.923073 103.704140 110.923073 12.182772 123.043617 -1.091934 -20.645298 0.000000 -2.566094
5000 119.554825 106.345917 110.923073 15.217431 123.266548 -0.639235 -16.110912 0.000000 -2.179000
6000 119.916336 108.284546 110.923073 14.869681 122.388176 -0.602484 -12.916599 0.000000 -3.822449
7000 133.156006 111.393478 110.923073 13.026875 139.865280 -1.190938 -12.654141 0.000000 -5.891070
8000 124.453217 112.844566 110.923073 14.167459 129.985062 -0.354434 -12.429583 0.000000 -6.915296
9000 126.479568 114.208069 110.923073 12.140704 136.548355 -3.261763 -12.581301 0.000000 -6.366424
10000 127.874870 115.450508 110.923073 15.659541 117.910065 -0.193604 -5.501133 0.000000 0.000000
1000 136.396774 68.198387 136.396774 13.915462 129.204407 -0.196591 -6.526501 0.000000 0.000000
2000 146.202927 94.199898 136.396774 11.883001 139.328217 -3.317108 -1.691180 0.000000 0.000000
3000 117.347176 99.986717 117.347176 15.022865 114.139931 -4.875118 -6.940504 0.000000 0.000000
4000 101.881279 100.365631 101.881279 12.213120 114.275154 -3.843349 -19.143221 0.000000 -1.620427
5000 124.380440 104.368103 101.881279 12.480669 136.326675 -3.792434 -19.488625 0.000000 -1.145840
6000 105.735733 104.563477 101.881279 15.094111 116.305923 -4.797160 -20.005711 0.000000 -0.861433
7000 101.221527 104.145737 101.221527 14.826042 113.248245 -5.103658 -20.968702 0.000000 -0.780388
8000 108.838577 104.667160 101.221527 17.858818 120.695503 -7.336246 -21.472610 0.000000 -0.906887
9000 104.096733 104.610123 101.221527 15.468405 117.393372 -8.014569 -19.868198 0.000000 -0.882273
10000 115.267662 105.578987 101.221527 13.881289 122.428009 -6.848284 -14.193353 0.000000 0.000000
1000 109.587738 54.793869 109.587738 14.130860 120.369064 -9.991094 -14.214822 0.000000 -0.706268
2000 113.019516 74.202415 109.587738 12.853086 123.028267 -6.405284 -15.538256 0.000000 -0.918290
3000 108.868591 82.868958 108.868591 14.210311 113.942513 -9.113358 -9.471203 0.000000 -0.699661
4000 98.912216 86.077614 98.912216 13.815427 116.172913 -8.404087 -21.812840 0.000000 -0.859207
5000 110.776031 90.194008 98.912216 14.039778 120.385582 -6.585313 -15.993624 0.000000 -1.070387
6000 117.380760 94.077827 98.912216 12.317843 127.716148 -6.547663 -15.236257 0.000000 -0.869309
7000 107.927986 95.809097 98.912216 13.395637 117.396477 -6.708827 -15.227205 0.000000 -0.928103
8000 102.057762 96.503387 98.912216 15.621174 106.853676 -6.034103 -13.528582 0.000000 -0.854408
9000 100.321999 96.885254 98.912216 14.768970 110.246407 -6.781967 -17.186914 0.000000 -0.724503
10000 101.138557 97.271919 98.912216 15.247643 109.894951 -6.779869 -16.378462 0.000000 -0.845704
1000 115.346581 57.673290 115.346581 13.198345 138.932449 -7.212258 -23.079792 0.000000 -6.492167
2000 91.428818 68.925133 91.428818 17.521915 115.319397 -8.588850 -26.684608 0.000000 -6.139032
3000 99.573997 76.587349 91.428818 13.479684 127.429153 -8.983644 -26.288849 0.000000 -6.062356
4000 94.155434 80.100967 91.428818 12.097234 124.438881 -9.616010 -27.043541 0.000000 -5.721128
5000 107.272408 84.629539 91.428818 13.007166 130.081085 -7.794637 -21.582918 0.000000 -6.438300
6000 101.837311 87.087784 91.428818 13.735213 124.086769 -7.589549 -23.488438 0.000000 -4.906681
7000 98.869797 88.560539 91.428818 13.478615 121.537827 -8.500843 -23.458092 0.000000 -4.187725
8000 101.635727 90.013336 91.428818 12.325201 123.916916 -8.215663 -21.467777 0.000000 -4.922943
9000 94.905006 90.502510 91.428818 13.395969 119.232605 -8.645175 -25.871967 0.000000 -3.206431
10000 93.079002 90.736732 91.428818 13.831093 119.403374 -9.334374 -26.262032 0.000000 -4.559060
1000 81.457367 40.728683 81.457367 13.401506 109.451843 -9.671079 -26.988817 0.000000 -4.736083
2000 100.453583 60.636982 81.457367 14.635273 125.002533 -6.592560 -26.631437 0.000000 -5.960224
3000 98.258598 70.042389 81.457367 14.570413 120.141403 -8.872819 -21.827835 0.000000 -5.752571
4000 88.555611 73.745033 81.457367 10.455363 117.366501 -9.133503 -24.906034 0.000000 -5.226705
5000 92.540649 76.877632 81.457367 15.142522 114.942810 -8.829065 -22.922529 0.000000 -5.793087
6000 95.446037 79.530266 81.457367 12.737757 118.813118 -7.087350 -23.787125 0.000000 -5.230365
7000 89.055458 80.720917 81.457367 13.154965 111.279495 -5.956785 -23.653725 0.000000 -5.768496
8000 85.698853 81.274017 81.457367 11.315475 110.976517 -8.572003 -22.615101 0.000000 -5.406034
9000 90.507706 82.197388 81.457367 14.172978 115.916885 -9.582986 -24.184666 0.000000 -5.814502
10000 90.572311 82.958748 81.457367 13.671465 115.737137 -8.920313 -23.989182 0.000000 -5.926796
1000 87.014847 43.507423 87.014847 11.892783 115.668304 -10.179703 -26.588770 0.000000 -3.777773
2000 98.366829 61.793896 87.014847 11.538669 113.517990 -4.628322 -22.061510 0.000000 0.000000
3000 123.908752 77.322609 87.014847 14.237783 136.266220 -8.203504 -18.391739 0.000000 0.000000
4000 98.379623 81.534012 87.014847 13.519586 113.346313 -6.863441 -21.622829 0.000000 0.000000
5000 101.143944 84.802330 87.014847 12.836603 111.822662 -3.149400 -20.365919 0.000000 0.000000
6000 97.948723 86.680382 87.014847 14.274978 112.322411 -7.881756 -20.766914 0.000000 0.000000
7000 80.792923 85.944450 80.792923 12.547265 109.343796 -7.881965 -26.419220 0.000000 -6.796947
8000 77.089577 84.960579 77.089577 14.195231 105.874809 -10.044837 -27.365595 0.000000 -5.570032
9000 73.512222 83.815742 73.512222 13.266795 100.748093 -10.182779 -25.328953 0.000000 -4.990935
10000 83.978294 83.830513 73.512222 13.111181 112.822418 -10.102489 -25.174952 0.000000 -6.677871
1000 93.506920 46.753460 93.506920 15.103830 110.016861 -9.339199 -16.438871 0.000000 -5.835704
2000 103.346542 65.617821 93.506920 14.428999 126.140442 -8.056389 -19.878395 0.000000 -9.288122
3000 88.890923 71.436096 88.890923 14.224668 115.228432 -7.993307 -24.902744 0.000000 -7.666112
4000 80.535698 73.256020 80.535698 14.631242 105.804382 -7.722344 -25.374151 0.000000 -6.803430
5000 105.037842 78.552986 80.535698 13.770778 136.283936 -8.329027 -28.271908 0.000000 -8.415943
6000 105.260330 82.368324 80.535698 14.009604 131.692947 -6.473454 -26.597044 0.000000 -7.371723
7000 89.579178 83.269676 80.535698 13.479529 116.550667 -7.381142 -25.202272 0.000000 -7.867611
8000 85.253616 83.490112 80.535698 12.684182 114.097618 -9.136906 -23.743752 0.000000 -8.647526
9000 93.144470 84.455551 80.535698 11.374146 125.642044 -10.012909 -26.089716 0.000000 -7.769100
10000 107.934601 86.590012 80.535698 15.009340 138.181061 -8.056549 -28.959913 0.000000 -8.239332
1000 89.449234 44.724617 89.449234 14.232100 118.363373 -10.005709 -26.543955 0.000000 -6.596578
2000 87.171799 58.873676 87.171799 11.957089 118.947914 -10.924439 -26.364227 0.000000 -6.444535
3000 87.171844 65.948219 87.171799 13.256390 112.727989 -11.224187 -21.715267 0.000000 -5.873074
4000 98.108139 72.380203 87.171799 14.812799 118.849930 -11.062898 -19.546646 0.000000 -4.945053
5000 104.303017 77.700668 87.171799 14.272251 124.650124 -8.322426 -21.337215 0.000000 -4.959707
6000 84.295097 78.642723 84.295097 16.490662 109.466972 -9.634254 -26.689417 0.000000 -5.338870
7000 76.912453 78.426445 76.912453 14.743340 104.772675 -12.085141 -24.044058 0.000000 -6.474361
8000 94.776108 80.243073 76.912453 15.392143 115.896133 -12.503020 -18.032217 0.000000 -5.976918
9000 98.706818 82.089455 76.912453 14.293810 123.648911 -9.758559 -22.807652 0.000000 -6.669689
10000 79.004669 81.809013 76.912453 12.026348 110.937866 -8.910192 -28.169113 0.000000 -6.880239
1000 97.614639 48.807320 97.614639 13.956753 124.833946 -11.190699 -21.623884 0.000000 -8.361473
2000 85.837067 61.150570 85.837067 15.610064 112.224464 -12.955492 -21.091805 0.000000 -7.950161
3000 73.194244 64.161484 73.194244 14.086687 103.532860 -12.666308 -24.263817 0.000000 -7.495176
4000 79.344147 67.198013 73.194244 15.432363 107.993881 -13.259188 -22.464590 0.000000 -8.358318
5000 83.257912 69.874664 73.194244 15.278523 115.537506 -13.449638 -25.866392 0.000000 -8.242079
6000 75.020920 70.609848 73.194244 14.439598 104.980247 -13.244603 -23.375668 0.000000 -7.778659
7000 100.512093 74.347626 73.194244 11.261031 131.037766 -12.696922 -22.613846 0.000000 -6.475932
8000 90.874245 76.183922 73.194244 15.617703 122.694130 -15.288098 -24.887054 0.000000 -7.262426
9000 92.136711 77.779198 73.194244 12.425478 122.318718 -13.117512 -23.209204 0.000000 -6.280776
10000 97.200783 79.544800 73.194244 13.942366 122.344276 -11.703430 -20.815056 0.000000 -6.567366
1000 77.477272 38.738636 77.477272 15.539129 107.505112 -9.142591 -29.984745 0.000000 -6.439628
2000 95.791054 57.756107 77.477272 12.963873 120.064697 -8.227359 -24.743416 0.000000 -4.266740
3000 96.905319 67.543411 77.477272 15.077035 107.293007 -5.305449 -17.285753 0.000000 -2.873524
4000 89.529182 71.940567 77.477272 13.164015 115.652184 -6.054715 -22.950867 0.000000 -10.281426
5000 103.202621 77.150909 77.477272 14.647309 128.289902 -7.058551 -23.706057 0.000000 -8.969982
6000 88.966118 78.838799 77.477272 15.481184 113.359337 -6.653218 -23.781528 0.000000 -9.439642
7000 91.357674 80.403656 77.477272 15.278032 114.005836 -6.566189 -21.233362 0.000000 -10.126649
8000 93.197853 81.825233 77.477272 12.589125 118.888512 -8.223856 -21.407516 0.000000 -8.648408
9000 83.288918 81.971603 77.477272 12.267286 111.785858 -7.609093 -24.071815 0.000000 -9.083323
10000 106.144485 84.169136 77.477272 14.720994 125.274467 -5.188396 -19.188240 0.000000 -9.474339
1000 116.151695 58.075848 116.151695 13.349852 125.157646 -4.619589 -14.866831 0.000000 -2.869383
2000 113.176132 76.442604 113.176132 13.113282 121.766640 -4.164126 -13.333891 0.000000 -4.205780
3000 117.643494 86.742828 113.176132 16.152174 123.343788 -4.389828 -13.442751 0.000000 -4.019878
4000 115.836357 92.561539 113.176132 10.940008 125.438164 -3.893071 -12.697742 0.000000 -3.951009
5000 107.206596 95.002380 107.206596 13.497604 114.001816 -4.324611 -12.163321 0.000000 -3.804890
6000 121.761177 98.825066 107.206596 14.031433 128.593369 -4.004329 -13.346647 0.000000 -3.512642
7000 116.386253 101.020210 107.206596 14.752313 123.744278 -2.857455 -15.170881 0.000000 -4.082006
8000 103.595169 101.306313 103.595169 15.930215 113.462639 -3.540125 -18.293064 0.000000 -3.964490
9000 96.497894 100.825478 96.497894 13.964739 118.797401 -6.681116 -26.395607 0.000000 -3.187530
10000 95.578850 100.348511 95.578850 11.510809 117.770485 -5.060421 -24.483273 0.000000 -4.158758
1000 49.680176 24.840088 49.680176 14.505013 109.708931 -17.835527 -51.262249 0.000000 -5.435994
2000 52.608864 34.096348 49.680176 14.209847 108.440651 -17.560886 -47.182636 0.000000 -5.298114
3000 64.683792 41.743210 49.680176 11.720745 110.485580 -12.820311 -39.758751 0.000000 -4.943473
4000 71.210938 47.636757 49.680176 14.879738 117.931282 -12.020073 -44.043701 0.000000 -5.536307
5000 54.840637 48.837402 49.680176 15.791991 108.510872 -13.559532 -50.136578 0.000000 -5.766115
6000 62.506248 50.790096 49.680176 14.771565 118.027130 -12.727839 -51.438282 0.000000 -6.126321
7000 56.866776 51.549683 49.680176 15.034002 110.606056 -13.041385 -49.248302 0.000000 -6.483601
8000 59.574139 52.441288 49.680176 13.165686 114.125618 -13.975864 -48.115681 0.000000 -5.625629
9000 70.896980 54.286858 49.680176 13.429780 127.241386 -12.893569 -51.130367 0.000000 -5.750254
10000 57.944294 54.619350 49.680176 13.621022 110.991882 -15.103778 -45.475159 0.000000 -6.089679
1000 54.910713 27.455357 54.910713 14.468840 111.744019 -15.095592 -50.903927 0.000000 -5.302623
2000 70.414886 41.775200 54.910713 13.718543 127.454094 -17.035088 -47.980457 0.000000 -5.742207
3000 74.265701 49.897827 54.910713 15.176782 129.837891 -17.065737 -47.720387 0.000000 -5.962861
4000 75.790611 55.076385 54.910713 14.070609 130.223358 -15.979411 -46.517445 0.000000 -6.006495
5000 57.519737 55.483612 54.910713 14.655430 112.239006 -13.370089 -49.883793 0.000000 -6.120823
6000 63.054047 56.565102 54.910713 14.880967 118.447502 -15.416430 -48.954693 0.000000 -5.903303
7000 54.042316 56.249756 54.042316 13.693486 109.207336 -13.931641 -49.275848 0.000000 -5.651020
8000 60.176643 56.686077 54.042316 13.409374 119.260345 -17.475048 -49.654892 0.000000 -5.363135
9000 66.138184 57.631287 54.042316 15.428500 115.209892 -13.134282 -44.977097 0.000000 -6.388835
10000 68.041145 58.577637 54.042316 11.952008 123.181740 -14.395679 -46.570156 0.000000 -6.126762
1000 72.793655 36.396828 72.793655 13.730111 121.711906 -13.651859 -43.384079 0.000000 -5.612428
2000 61.514328 44.769329 61.514328 15.351151 110.530090 -14.218861 -44.827236 0.000000 -5.320815
3000 76.339447 52.661858 61.514328 12.750179 126.581383 -14.542619 -43.239258 0.000000 -5.210238
4000 82.985085 58.726501 61.514328 16.423954 129.687347 -14.176133 -44.800266 0.000000 -4.149819
5000 82.927299 62.759968 61.514328 13.303488 127.187454 -17.077755 -36.512718 0.000000 -3.973162
6000 66.487686 63.292500 61.514328 11.847875 121.436287 -15.526195 -46.535656 0.000000 -4.734632
7000 78.243385 65.161362 61.514328 13.025173 122.154755 -13.001614 -39.173607 0.000000 -4.761320
8000 61.427792 64.746521 61.427792 12.716912 112.544556 -16.118162 -42.482620 0.000000 -5.232891
9000 68.119392 65.083809 61.427792 14.006011 104.523537 -13.262492 -33.322292 0.000000 -3.825373
10000 70.166504 65.545868 61.427792 13.253901 120.931252 -15.812259 -43.226410 0.000000 -4.979977
1000 54.745552 27.372776 54.745552 15.155160 113.295265 -16.345800 -51.490032 0.000000 -5.869037
2000 53.958893 36.234814 53.958893 13.601099 116.803276 -15.386055 -55.149460 0.000000 -5.909967
3000 53.754845 40.614822 53.754845 13.939120 116.363266 -16.591349 -54.090416 0.000000 -5.865776
4000 49.993473 42.490551 49.993473 13.871220 108.217934 -16.519238 -49.639641 0.000000 -5.936801
5000 42.599178 42.508656 42.599178 13.577608 104.158417 -16.076296 -53.296967 0.000000 -5.763585
6000 52.203285 43.893604 42.599178 12.628510 106.336044 -11.894509 -48.744225 0.000000 -6.122534
7000 67.454727 46.838745 42.599178 14.882581 122.344894 -13.858633 -49.599098 0.000000 -6.315016
8000 55.161751 47.763523 42.599178 12.487616 113.211617 -12.275081 -50.901424 0.000000 -7.360983
9000 62.968948 49.284065 42.599178 13.462745 122.106537 -13.792282 -51.517437 0.000000 -7.290602
10000 60.160118 50.272793 42.599178 13.601156 120.740303 -12.140684 -54.898464 0.000000 -7.142191
1000 52.910942 26.455471 52.910942 14.320341 114.170921 -15.943334 -53.640564 0.000000 -5.996415
2000 72.246758 41.719234 52.910942 15.022688 126.644409 -12.018019 -50.568661 0.000000 -6.833658
3000 62.681202 46.959724 52.910942 14.194853 111.007065 -13.580342 -44.282990 0.000000 -4.657382
4000 75.959488 52.759682 52.910942 13.413362 128.734024 -14.784351 -45.356804 0.000000 -6.046742
5000 53.647705 52.907684 52.910942 12.907985 115.114685 -16.654127 -52.059177 0.000000 -5.661661
6000 60.114929 53.937290 52.910942 13.941906 121.806717 -16.919558 -52.598209 0.000000 -6.115935
7000 53.474640 53.879459 52.910942 12.761217 108.647690 -15.496916 -46.081127 0.000000 -6.356220
8000 56.668331 54.189335 52.910942 13.194878 116.076523 -18.269825 -47.742760 0.000000 -6.590481
9000 52.237450 53.994148 52.237450 15.969203 107.709175 -14.630656 -51.051762 0.000000 -5.758512
10000 59.344124 54.480507 52.237450 17.416693 114.736107 -16.355576 -50.316307 0.000000 -6.136796
1000 67.581139 33.790569 67.581139 16.203829 121.621445 -16.088356 -48.369766 0.000000 -5.786013
2000 61.383408 42.988178 61.383408 13.774743 115.630386 -13.415701 -49.513184 0.000000 -5.092842
3000 56.779705 46.436062 56.779705 14.005233 112.856148 -12.852957 -52.172558 0.000000 -5.056160
4000 58.053814 48.759613 56.779705 13.530029 114.420097 -14.272021 -50.256187 0.000000 -5.368107
5000 60.544113 50.723694 56.779705 14.549955 113.166458 -12.269278 -49.382095 0.000000 -5.520926
6000 60.019012 52.051598 56.779705 13.446336 118.111717 -13.059221 -53.129204 0.000000 -5.350625
7000 56.372734 52.591740 56.372734 12.368301 114.625572 -12.116898 -53.001087 0.000000 -5.503157
8000 58.716427 53.272263 56.372734 15.055626 109.531425 -13.938264 -47.587563 0.000000 -4.344799
9000 58.409817 53.786018 56.372734 13.506308 108.540497 -14.242468 -45.362583 0.000000 -4.031937
10000 56.935978 54.072376 56.372734 14.248496 113.239853 -13.626428 -52.665062 0.000000 -4.260884
1000 49.015549 24.507774 49.015549 14.060913 106.653137 -15.150442 -51.667137 0.000000 -4.880919
2000 41.193764 30.069771 41.193764 12.282070 98.784851 -14.007095 -51.784321 0.000000 -4.081745
3000 57.392590 36.900475 41.193764 17.628843 110.913841 -15.185332 -52.721443 0.000000 -3.243311
4000 37.026302 36.925640 37.026302 12.010962 100.029831 -18.384048 -53.113815 0.000000 -3.516628
5000 50.216778 39.140831 37.026302 15.193352 106.542274 -15.828817 -52.376472 0.000000 -3.313556
6000 49.747589 40.656086 37.026302 15.129631 97.967049 -13.651423 -46.327454 0.000000 -3.370218
7000 38.511753 40.388042 37.026302 14.073154 97.317833 -14.987224 -54.381805 0.000000 -3.510213
8000 39.263760 40.263123 37.026302 17.243549 95.176849 -15.318213 -53.489563 0.000000 -4.348859
9000 49.549698 41.191780 37.026302 11.344183 107.743576 -15.164583 -50.191723 0.000000 -4.181759
10000 44.815075 41.521168 37.026302 14.674967 107.571312 -18.259468 -54.955215 0.000000 -4.216517
1000 64.267296 32.133648 64.267296 13.217826 121.435066 -18.164198 -48.310238 0.000000 -3.911154
2000 57.612919 40.626740 57.612919 14.835836 107.709625 -15.340280 -45.548939 0.000000 -4.043327
3000 55.279663 44.289970 55.279663 14.437224 105.986412 -13.614200 -47.651939 0.000000 -3.877839
4000 49.630005 45.357979 49.630005 14.906341 103.844391 -15.906266 -49.503193 0.000000 -3.711268
5000 61.585335 48.062534 49.630005 16.318285 111.393616 -15.638158 -47.120174 0.000000 -3.368231
6000 55.692890 49.152588 49.630005 10.508494 112.985466 -14.924072 -49.209221 0.000000 -3.667773
7000 48.357056 49.053146 48.357056 12.387644 105.830299 -17.350159 -48.866966 0.000000 -3.643762
8000 42.211060 48.292915 42.211060 13.069601 100.016518 -19.240543 -47.699600 0.000000 -3.934919
9000 60.078022 49.471428 42.211060 12.787418 119.243202 -18.888947 -49.227455 0.000000 -3.836200
10000 56.932373 50.149693 42.211060 14.086858 109.920280 -15.045077 -48.185505 0.000000 -3.844187
1000 43.622688 21.811344 43.622688 13.079650 105.794693 -15.492222 -55.731827 0.000000 -4.027609
2000 44.726440 29.449709 43.622688 12.148428 106.434921 -16.364620 -53.111397 0.000000 -4.380896
3000 48.918995 34.317032 43.622688 13.008831 110.583305 -17.284346 -53.676544 0.000000 -3.712245
4000 45.342155 36.522057 43.622688 13.038946 105.955414 -16.827389 -52.764687 0.000000 -4.060134
5000 50.327480 38.822964 43.622688 14.205658 106.338890 -14.680664 -51.214390 0.000000 -4.322013
6000 64.485847 42.489086 43.622688 14.021801 122.285088 -14.118353 -53.729080 0.000000 -3.973599
7000 60.352539 44.722019 43.622688 14.618453 119.943932 -15.076539 -55.018818 0.000000 -4.114488
8000 55.019287 45.866161 43.622688 14.003226 113.598297 -14.026507 -54.518105 0.000000 -4.037626
9000 57.127148 46.992256 43.622688 15.002256 111.874992 -14.376686 -50.413509 0.000000 -4.959908
10000 47.295586 47.019833 43.622688 13.908078 105.700775 -17.471369 -51.568367 0.000000 -3.273538
1000 75.686905 37.843452 75.686905 14.861330 109.249237 -12.375102 -25.673592 0.000000 -10.374973
2000 83.364632 53.017181 75.686905 14.800264 121.212578 -15.615206 -26.592812 0.000000 -10.440198
3000 80.589027 59.910141 75.686905 14.116822 119.760696 -15.596317 -26.749809 0.000000 -10.942369
4000 85.220909 64.972298 75.686905 16.363998 120.892334 -15.545912 -26.576302 0.000000 -9.913208
5000 81.391685 67.708862 75.686905 14.208288 120.123497 -16.882524 -25.302191 0.000000 -10.755383
6000 79.793091 69.435181 75.686905 13.956553 114.909729 -15.542577 -22.803604 0.000000 -10.727012
7000 83.923218 71.246185 75.686905 14.616163 120.095192 -13.590241 -26.391569 0.000000 -10.806317
8000 73.713013 71.520279 73.713013 13.006370 112.631569 -14.883265 -25.658617 0.000000 -11.383045
9000 73.516701 71.719925 73.516701 13.085686 111.165665 -16.627377 -22.921513 0.000000 -11.185768
10000 74.906906 72.009651 73.516701 14.647667 112.468147 -15.886478 -25.791218 0.000000 -10.531216
1000 33.612995 16.806498 33.612995 12.547035 93.600906 -16.130035 -52.586910 0.000000 -3.818001
2000 40.099361 24.570786 33.612995 13.247692 97.658722 -14.269121 -52.498688 0.000000 -4.039249
3000 38.865463 28.144455 33.612995 12.035508 100.391090 -16.865835 -52.656384 0.000000 -4.038916
4000 40.745613 30.664684 33.612995 14.703578 100.970634 -16.187733 -53.542469 0.000000 -5.198399
5000 46.784336 33.351292 33.612995 13.085307 106.586037 -16.049774 -53.137611 0.000000 -3.699618
6000 37.001148 33.872700 33.612995 11.739007 101.705376 -18.326958 -53.673424 0.000000 -4.442851
7000 39.821823 34.616341 33.612995 12.894579 101.178734 -16.841278 -53.072891 0.000000 -4.337317
8000 46.755360 35.965122 33.612995 13.401906 104.825890 -16.844746 -50.416435 0.000000 -4.211262
9000 46.754017 37.044014 33.612995 13.394945 110.745399 -18.054676 -54.339615 0.000000 -4.992032
10000 46.493202 37.903030 33.612995 15.163446 107.546585 -18.579317 -51.925426 0.000000 -5.712085
1000 57.913212 28.956606 57.913212 12.923953 108.717506 -14.894065 -43.978256 0.000000 -4.855922
2000 54.467934 37.460384 54.467934 14.528828 103.451477 -16.443886 -42.318413 0.000000 -4.750070
3000 54.653763 41.758728 54.467934 12.771022 103.023682 -18.295958 -39.539513 0.000000 -3.305466
4000 48.488361 43.104652 48.488361 12.561176 100.483154 -16.358877 -43.299736 0.000000 -4.897352
5000 40.390038 42.652218 40.390038 15.330515 98.784004 -19.279516 -49.791389 0.000000 -4.653574
6000 39.966572 42.268555 39.966572 12.856629 97.745697 -17.202690 -47.876060 0.000000 -5.557002
7000 39.966148 41.980755 39.966148 14.035484 96.282127 -16.679651 -48.088741 0.000000 -5.583072
8000 49.909683 42.861748 39.966148 14.922188 98.210762 -17.942118 -39.989666 0.000000 -5.291487
9000 48.048058 43.380379 39.966148 14.258465 100.409576 -17.078629 -44.672073 0.000000 -4.869284
10000 43.938087 43.431080 39.966148 13.618256 95.838898 -16.117897 -44.472771 0.000000 -4.928400
1000 60.940376 30.470188 60.940376 13.367316 118.490685 -17.752609 -45.617481 0.000000 -7.547540
2000 37.595974 32.845448 37.595974 12.507515 101.454063 -19.796654 -48.994095 0.000000 -7.574857
3000 50.987518 37.380966 37.595974 12.124215 111.584770 -19.438444 -45.532917 0.000000 -7.750101
4000 49.356976 39.776169 37.595974 13.162906 105.198547 -16.785376 -44.376392 0.000000 -7.842704
5000 49.597679 41.413086 37.595974 17.938942 98.825706 -13.812853 -44.257702 0.000000 -9.096416
6000 68.722687 45.314457 37.595974 13.802635 117.648308 -12.630665 -41.491173 0.000000 -8.606421
7000 53.218208 46.302425 37.595974 13.291275 105.334618 -16.161501 -41.630486 0.000000 -7.615702
8000 46.550934 46.330036 37.595974 14.957529 106.770020 -18.049343 -49.022079 0.000000 -8.105195
9000 61.673470 47.864380 37.595974 13.267337 109.423218 -17.019043 -37.287964 0.000000 -6.710076
10000 61.981094 49.147717 37.595974 13.143101 117.898430 -20.143143 -41.330914 0.000000 -7.586381
1000 61.617771 30.808886 61.617771 15.138117 111.755615 -19.728216 -38.116646 0.000000 -7.431096
2000 51.977715 37.865162 51.977715 12.317874 104.538734 -19.350542 -38.246658 0.000000 -7.281691
3000 60.706779 43.575569 51.977715 16.044441 112.096031 -20.764599 -39.520206 0.000000 -7.148889
4000 71.390739 49.138603 51.977715 12.283679 126.967827 -20.414501 -40.434177 0.000000 -7.012091
5000 65.770020 51.910507 51.977715 13.450848 122.233093 -21.490835 -42.536171 0.000000 -5.886919
6000 57.955055 52.774014 51.977715 12.257456 113.716476 -19.871042 -41.657997 0.000000 -6.489839
7000 46.249832 51.958488 46.249832 12.919124 102.208481 -20.012209 -41.377079 0.000000 -7.488484
8000 62.801876 53.163311 46.249832 14.039705 114.604462 -17.003832 -41.167198 0.000000 -7.671260
9000 62.449802 54.091961 46.249832 12.846252 116.054214 -17.776709 -41.007175 0.000000 -7.666776
10000 69.481430 55.491005 46.249832 15.455504 122.223640 -20.436829 -40.262463 0.000000 -7.498414
1000 63.450081 31.725040 63.450081 12.630489 113.745804 -13.753426 -36.725296 0.000000 -12.447493
2000 50.653133 38.034405 50.653133 13.885705 103.200775 -14.802697 -40.256264 0.000000 -11.374386
3000 62.314079 44.104324 50.653133 14.552368 106.216789 -11.676523 -34.397678 0.000000 -12.380880
4000 52.124821 45.708424 50.653133 14.229134 102.832161 -10.739581 -43.063625 0.000000 -11.133270
5000 59.895462 48.072926 50.653133 13.881935 106.924873 -11.744364 -39.500423 0.000000 -9.666565
6000 55.108185 49.077965 50.653133 12.752501 106.306244 -9.893843 -43.298103 0.000000 -10.758614
7000 56.637951 50.022961 50.653133 13.763944 106.844231 -12.411590 -40.895996 0.000000 -10.662640
8000 62.768013 51.439075 50.653133 14.695911 106.971741 -9.884531 -38.483116 0.000000 -10.531992
9000 63.946674 52.689838 50.653133 15.276119 108.294609 -10.146432 -37.944107 0.000000 -11.533512
10000 58.200626 53.190819 50.653133 14.252042 107.380226 -12.253607 -41.456680 0.000000 -9.721356
1000 73.751633 36.875816 73.751633 15.746587 116.244019 -12.190633 -35.849796 0.000000 -10.198534
2000 68.108009 47.286549 68.108009 16.624327 112.089050 -11.394634 -39.562584 0.000000 -9.648149
3000 49.788353 47.912003 49.788353 17.699940 93.741753 -8.715870 -41.431591 0.000000 -11.505887
4000 42.774494 46.884499 42.774494 15.146635 87.037949 -10.509192 -39.197025 0.000000 -9.703874
5000 69.104996 50.587917 42.774494 17.397291 100.715782 -8.414834 -36.579597 0.000000 -4.013646
6000 70.821396 53.478413 42.774494 16.266529 113.986168 -8.674564 -39.520119 0.000000 -11.236625
7000 57.133751 53.935329 42.774494 14.161738 104.783737 -11.782725 -41.108242 0.000000 -8.920755
8000 61.712990 54.799515 42.774494 11.285604 110.895966 -12.421198 -37.837250 0.000000 -10.210138
9000 52.923149 54.611877 42.774494 13.411592 102.124474 -12.537743 -39.924774 0.000000 -10.150399
10000 57.029812 54.831688 42.774494 14.493826 99.239906 -11.425399 -37.261497 0.000000 -8.017025
1000 38.007725 19.003862 38.007725 12.239009 96.301918 -12.911172 -52.263912 0.000000 -5.358115
2000 54.442089 30.816605 38.007725 14.173843 109.774384 -13.401790 -51.052891 0.000000 -5.051462
3000 58.258377 37.677048 38.007725 13.472507 117.649368 -18.224665 -49.767979 0.000000 -4.870852
4000 56.877140 41.517067 38.007725 12.623165 111.177452 -14.020617 -47.554302 0.000000 -5.348556
5000 56.776737 44.060345 38.007725 14.723994 108.494362 -12.629016 -49.096901 0.000000 -4.715703
6000 51.227135 45.084171 38.007725 11.635781 109.640221 -13.398033 -52.055058 0.000000 -4.595776
7000 55.363510 46.369087 38.007725 15.632231 107.204369 -11.789951 -51.044685 0.000000 -4.638453
8000 51.273689 46.914043 38.007725 14.908546 104.430496 -13.273814 -50.386368 0.000000 -4.405173
9000 36.695770 45.892216 36.695770 13.480526 93.196129 -11.438449 -52.812374 0.000000 -5.730062
10000 56.733334 46.877769 36.695770 15.056805 114.456841 -14.268043 -52.525536 0.000000 -5.986728
1000 63.515884 31.757942 63.515884 13.020996 108.196770 -16.865969 -36.499908 0.000000 -4.336006
2000 58.689960 40.735279 58.689960 12.773222 103.174049 -14.123034 -39.511452 0.000000 -3.622829
3000 54.815712 44.255386 54.815712 14.797464 95.776443 -12.393635 -39.479725 0.000000 -3.884829
4000 66.848808 48.774071 54.815712 14.078172 112.366302 -11.671408 -38.659763 0.000000 -9.264486
5000 65.582893 51.575542 54.815712 12.760252 116.586945 -12.160942 -42.812626 0.000000 -8.790733
6000 65.682251 53.590786 54.815712 12.011297 111.209129 -11.878884 -35.080307 0.000000 -10.578984
7000 58.631203 54.220837 54.815712 13.352578 102.726891 -12.796021 -35.500401 0.000000 -9.151848
8000 63.913109 55.297756 54.815712 14.765510 114.384239 -12.431152 -41.020699 0.000000 -11.784790
9000 44.023106 54.170296 44.023106 14.065753 101.422264 -11.413977 -40.416607 0.000000 -19.634323
10000 56.472588 54.379593 44.023106 11.145670 106.337212 -12.033669 -38.901688 0.000000 -10.074938
1000 47.404564 23.702282 47.404564 14.233714 96.904709 -14.806950 -37.696255 0.000000 -11.230648
2000 58.304138 35.236233 47.404564 11.900452 109.926208 -14.306460 -38.556423 0.000000 -10.659637
3000 59.938797 41.411873 47.404564 15.021950 106.778603 -13.074573 -38.304852 0.000000 -10.482328
4000 65.436913 46.216881 47.404564 13.044467 114.156502 -13.928934 -36.734322 0.000000 -11.100798
5000 73.234055 50.719746 47.404564 14.244233 117.434738 -11.386087 -35.838871 0.000000 -11.219958
6000 56.436272 51.536396 47.404564 12.518023 103.203751 -11.660783 -37.225246 0.000000 -10.399469
7000 53.571327 51.790760 47.404564 14.211967 104.638382 -10.627305 -43.177589 0.000000 -11.474131
8000 67.738800 53.562763 47.404564 17.443605 105.200371 -10.692866 -33.620365 0.000000 -10.591951
9000 58.829895 54.089478 47.404564 16.027124 108.643280 -12.612453 -42.186363 0.000000 -11.041694
10000 60.103851 54.636242 47.404564 15.158138 108.741829 -11.798795 -41.844555 0.000000 -10.152758
1000 38.832611 19.416306 38.832611 14.884541 93.844711 -11.782189 -52.279972 0.000000 -5.834476
2000 44.817863 27.883492 38.832611 12.833673 103.250954 -10.981279 -53.614765 0.000000 -6.670719
3000 44.426888 32.019341 38.832611 14.325666 98.288391 -9.612207 -51.879627 0.000000 -6.695338
4000 47.257343 35.066940 38.832611 13.629082 104.270294 -11.006574 -54.279816 0.000000 -5.355639
5000 49.876183 37.535145 38.832611 13.817755 103.980896 -11.690713 -49.796535 0.000000 -6.435222
6000 41.075089 38.040852 38.832611 12.696075 99.540169 -14.013757 -50.067768 0.000000 -7.079631
7000 63.873230 41.269897 38.832611 12.303328 114.997299 -11.827918 -45.154514 0.000000 -6.444960
8000 48.631557 42.087860 38.832611 13.773389 105.193199 -12.838350 -50.911270 0.000000 -6.585416
9000 49.190826 42.798157 38.832611 13.005447 106.727623 -11.516788 -52.869347 0.000000 -6.156111
10000 55.671604 43.968472 38.832611 14.973651 101.912918 -13.049198 -41.058475 0.000000 -7.107294
1000 53.479713 26.739857 53.479713 17.044748 102.728775 -10.897371 -49.859039 0.000000 -5.537401
2000 52.748093 35.409267 52.748093 11.227790 104.553734 -8.669881 -49.269020 0.000000 -5.094530
3000 41.919762 37.036892 41.919762 12.164067 96.007256 -9.097777 -50.508259 0.000000 -6.645527
4000 50.508095 39.731133 41.919762 13.801866 103.875061 -10.639620 -50.730072 0.000000 -5.799140
5000 57.925098 42.763462 41.919762 14.353970 107.206718 -8.711574 -48.804543 0.000000 -6.119472
6000 49.485470 43.723751 41.919762 15.383922 104.138947 -12.222279 -51.937500 0.000000 -5.877614
7000 43.963352 43.753700 41.919762 13.286692 98.521782 -13.250730 -48.955513 0.000000 -5.638874
8000 39.931732 43.329037 39.931732 13.083649 93.861244 -13.068062 -48.273602 0.000000 -5.671499
9000 38.953186 42.891453 38.953186 12.079085 98.819122 -10.963493 -55.065395 0.000000 -5.916134
10000 65.586296 44.954620 38.953186 14.101149 116.552414 -10.948730 -48.250183 0.000000 -5.868353
1000 52.000786 26.000393 52.000786 11.571882 104.904175 -12.404697 -46.666271 0.000000 -5.404307
2000 48.890831 33.630539 48.890831 13.530193 102.033798 -11.283154 -50.275265 0.000000 -5.114742
3000 48.907604 37.449806 48.890831 13.486353 100.306511 -10.212049 -49.592236 0.000000 -5.080972
4000 52.537025 40.467247 48.890831 16.048204 97.164726 -11.430153 -43.976139 0.000000 -5.269611
5000 61.463154 43.966568 48.890831 14.889859 104.771431 -8.535702 -44.114540 0.000000 -5.547903
6000 76.002747 48.543163 48.890831 12.744780 111.881454 -6.612411 -36.378387 0.000000 -5.632692
7000 74.662964 51.808140 48.890831 12.716553 115.524666 -8.275415 -39.535320 0.000000 -5.767517
8000 66.992653 53.495308 48.890831 14.750309 103.099373 -8.440744 -36.765820 0.000000 -5.650477
9000 78.003967 55.946175 48.890831 14.227620 119.660286 -10.005384 -40.650810 0.000000 -5.227742
10000 50.331928 55.435787 48.890831 12.339004 98.343727 -11.787228 -43.103111 0.000000 -5.460467
1000 46.330544 23.165272 46.330544 12.778495 92.837234 -11.498589 -42.242474 0.000000 -5.544127
2000 49.524403 31.951651 46.330544 12.523453 101.990150 -11.012781 -48.181595 0.000000 -5.794825
3000 55.814808 37.917439 46.330544 15.119370 102.330116 -11.071164 -44.474770 0.000000 -6.088743
4000 45.178566 39.369667 45.178566 16.092119 95.515678 -12.345461 -48.255104 0.000000 -5.828665
5000 51.567326 41.402607 45.178566 14.420100 102.595596 -11.575365 -48.317936 0.000000 -5.555069
6000 48.736801 42.450352 45.178566 11.297503 99.899948 -9.573732 -46.909462 0.000000 -5.977453
7000 61.608883 44.845169 45.178566 14.329066 105.484123 -10.017574 -41.805408 0.000000 -6.381320
8000 48.904011 45.296154 45.178566 13.641751 99.123787 -10.776180 -47.052246 0.000000 -6.033107
9000 73.067497 48.073288 45.178566 13.452464 118.740120 -10.644701 -42.509991 0.000000 -5.970393
10000 75.405815 50.558060 45.178566 12.300332 109.640060 -10.870895 -29.350504 0.000000 -6.313182
1000 75.467804 37.733902 75.467804 15.558756 111.561157 -9.828987 -34.632874 0.000000 -7.190250
2000 54.068672 43.178822 54.068672 12.872766 105.704300 -8.308326 -50.357754 0.000000 -5.842311
3000 47.384781 44.230312 47.384781 14.362067 93.756279 -10.658601 -44.121868 0.000000 -5.953099
4000 51.315140 45.647278 47.384781 14.763577 104.591125 -13.136096 -48.917702 0.000000 -5.985772
5000 46.416435 45.775471 46.416435 12.694904 103.536964 -12.029014 -52.334049 0.000000 -5.452374
6000 48.785423 46.205467 46.416435 14.987068 102.839989 -13.407157 -51.104603 0.000000 -4.529873
7000 51.768906 46.900894 46.416435 12.231461 104.395279 -13.015237 -46.601959 0.000000 -5.240641
8000 44.744034 46.661240 44.744034 14.360833 99.892899 -12.618957 -51.668514 0.000000 -5.222225
9000 74.878334 49.482948 44.744034 14.317993 127.111404 -12.074012 -49.095558 0.000000 -5.381501
10000 51.014595 49.622192 44.744034 13.854288 103.087013 -12.555461 -48.684692 0.000000 -4.686556
1000 59.599831 29.799915 59.599831 14.927811 106.512558 -20.596926 -37.515091 0.000000 -3.728523
2000 54.492378 38.030735 54.492378 12.935254 104.390495 -19.159279 -39.784138 0.000000 -3.889958
3000 51.460957 41.388290 51.460957 13.797876 101.871391 -17.938793 -42.293308 0.000000 -3.976202
4000 62.117550 45.534142 51.460957 16.448099 115.657097 -17.888229 -44.844093 0.000000 -7.255321
5000 50.946663 46.436230 50.946663 14.140231 100.950348 -19.718687 -40.724197 0.000000 -3.701025
6000 62.746567 48.766277 50.946663 15.372607 111.740524 -19.824009 -40.674042 0.000000 -3.868514
7000 63.156433 50.565048 50.946663 15.585793 111.246384 -17.720705 -42.626282 0.000000 -3.328757
8000 52.705753 50.802902 50.946663 13.221042 102.331184 -16.603802 -41.930939 0.000000 -4.311733
9000 62.083031 51.930916 50.946663 14.251842 114.497131 -21.499783 -41.321590 0.000000 -3.844566
10000 52.917248 52.020580 50.946663 13.975643 99.269562 -17.000423 -39.150234 0.000000 -4.177299
1000 50.840176 25.420088 50.840176 16.634317 97.327362 -17.866383 -40.810650 0.000000 -4.444465
2000 52.782532 34.540905 50.840176 16.173162 98.901115 -15.341596 -42.922905 0.000000 -4.027243
3000 41.462490 36.271301 41.462490 13.850603 94.948509 -19.493132 -44.010021 0.000000 -3.833467
4000 57.548279 40.526695 41.462490 15.492573 106.158218 -16.552628 -43.649612 0.000000 -3.900269
5000 72.857971 45.915241 41.462490 12.165713 126.045593 -17.567236 -43.345142 0.000000 -4.440950
6000 60.790085 48.040222 41.462490 13.776511 112.395981 -16.800320 -44.044460 0.000000 -4.537630
7000 58.056442 49.292252 41.462490 11.474862 110.600899 -18.606098 -41.003574 0.000000 -4.409649
8000 65.950783 51.143200 41.462490 13.613488 115.380295 -20.476303 -38.588341 0.000000 -3.978364
9000 70.235046 53.052380 41.462490 14.033247 112.512474 -17.159391 -35.322472 0.000000 -3.828815
10000 48.410759 52.630417 41.462490 12.831329 102.769470 -19.147083 -44.315220 0.000000 -3.727740
1000 68.746941 34.373470 68.746941 14.077885 115.591125 -18.279457 -38.875702 0.000000 -3.766904
2000 63.881416 44.209454 63.881416 14.363616 108.932556 -15.117611 -40.620628 0.000000 -3.676513
3000 62.400299 48.757164 62.400299 13.202711 118.564926 -19.541748 -46.044228 0.000000 -3.781364
4000 75.075584 54.020851 62.400299 13.249383 120.806053 -17.480497 -38.159737 0.000000 -3.339616
5000 69.622414 56.621109 62.400299 12.651765 124.399582 -18.757589 -44.945042 0.000000 -3.726298
6000 62.706833 57.490498 62.400299 14.884377 114.925064 -19.523659 -43.860401 0.000000 -3.718554
7000 44.897526 55.916374 44.897526 15.683045 93.223610 -16.581762 -44.277554 0.000000 -3.149810
8000 60.318600 56.405510 44.897526 13.145055 114.357216 -19.289982 -44.688335 0.000000 -3.205362
9000 76.742859 58.439247 44.897526 15.454172 121.346382 -17.358883 -39.763710 0.000000 -2.935099
10000 65.105789 59.045292 44.897526 14.992188 113.281448 -17.537865 -41.919056 0.000000 -3.710925
1000 56.964302 28.482151 56.964302 19.099337 109.473015 -14.023960 -52.393822 0.000000 -5.190276
2000 66.422340 41.128880 56.964302 11.448174 117.205681 -12.107769 -45.013134 0.000000 -5.110600
3000 73.506119 49.223190 56.964302 15.803085 124.891350 -12.500736 -50.238880 0.000000 -4.448697
4000 52.146107 49.807774 52.146107 15.700201 104.328621 -13.061988 -49.938408 0.000000 -4.882319
5000 49.117134 49.692669 49.117134 14.175572 108.716980 -15.499234 -53.337803 0.000000 -4.938383
6000 44.931038 49.012432 44.931038 13.919653 104.257851 -17.202560 -51.148247 0.000000 -4.895659
7000 42.899345 48.248299 42.899345 13.307869 102.352249 -17.158606 -50.677189 0.000000 -4.924977
8000 50.313934 48.477814 42.899345 11.852283 114.481155 -16.737286 -53.826027 0.000000 -5.456183
9000 60.736927 49.703728 42.899345 12.474686 115.547760 -13.743959 -48.656616 0.000000 -4.884945
10000 64.005676 51.003906 42.899345 12.717261 122.809746 -15.027928 -50.834114 0.000000 -5.659287
1000 56.927666 28.463833 56.927666 13.296675 110.710052 -18.021019 -44.274719 0.000000 -4.783327
2000 55.349415 37.425694 55.349415 15.137898 106.709938 -16.022039 -45.569496 0.000000 -4.906887
3000 53.735279 41.503090 53.735279 12.587423 110.023003 -14.288282 -49.240395 0.000000 -5.346469
4000 48.681583 42.938789 48.681583 14.785810 97.751183 -13.813061 -44.804379 0.000000 -5.237975
5000 58.999001 45.615490 48.681583 14.175149 108.788040 -14.967825 -44.190300 0.000000 -4.806063
6000 68.126213 48.831306 48.681583 13.712693 111.821762 -14.463285 -37.813744 0.000000 -5.131214
7000 47.020042 48.604900 47.020042 13.147613 105.989494 -15.803886 -51.530937 0.000000 -4.782240
8000 56.839352 49.519840 47.020042 14.219986 106.179504 -12.035270 -46.353081 0.000000 -5.171788
9000 44.963428 49.064201 44.963428 13.970400 96.787964 -13.695855 -47.373466 0.000000 -4.725613
10000 52.307590 49.359055 44.963428 16.765503 97.733444 -15.871472 -41.525734 0.000000 -4.794148
1000 54.270439 27.135220 54.270439 16.024048 102.024529 -15.243924 -43.992199 0.000000 -4.542012
2000 47.297211 33.855885 47.297211 13.074169 103.071022 -14.778046 -49.025475 0.000000 -5.044458
3000 43.881126 36.362194 43.881126 13.219489 96.450897 -14.071516 -46.789612 0.000000 -4.928133
4000 47.534966 38.596748 43.881126 13.470437 101.461937 -16.184732 -46.339279 0.000000 -4.873398
5000 52.370876 40.892437 43.881126 15.351431 104.389748 -14.753311 -47.707352 0.000000 -4.909640
6000 58.218895 43.367645 43.881126 14.069837 105.930290 -11.618395 -44.864124 0.000000 -5.298719
7000 59.870850 45.430546 43.881126 13.215461 108.574852 -11.742798 -45.025185 0.000000 -5.151483
8000 66.839828 47.809353 43.881126 13.011689 112.340843 -10.673879 -42.809620 0.000000 -5.029202
9000 59.077988 48.936218 43.881126 14.872515 106.576897 -11.497084 -46.116619 0.000000 -4.757716
10000 57.863564 49.747799 43.881126 14.794885 107.779175 -10.525835 -49.309288 0.000000 -4.875375
1000 57.868004 28.934002 57.868004 14.484111 104.526436 -10.603321 -45.435452 0.000000 -5.103771
2000 63.701336 40.523113 57.868004 12.005632 113.708710 -11.711238 -45.587368 0.000000 -4.714406
3000 59.220100 45.197357 57.868004 13.074646 109.497498 -9.007773 -49.371609 0.000000 -4.972664
4000 58.063610 47.770607 57.868004 15.042174 104.161278 -10.408841 -45.783730 0.000000 -4.947270
5000 45.342686 47.365955 45.342686 11.797565 93.377350 -10.593395 -44.371292 0.000000 -4.867535
6000 45.134083 47.047119 45.134083 13.513350 94.776505 -9.498634 -48.647713 0.000000 -5.009427
7000 56.092026 48.177734 45.134083 15.026440 101.042526 -7.429665 -48.395180 0.000000 -4.152100
8000 52.414371 48.648472 45.134083 12.952680 98.151489 -7.895184 -45.497597 0.000000 -5.297015
9000 66.571716 50.440796 45.134083 14.208917 115.321640 -8.864002 -48.997082 0.000000 -5.097764
10000 53.161076 50.688095 45.134083 13.147798 97.024437 -8.256544 -43.803726 0.000000 -4.950885
1000 51.331940 25.665970 51.331940 14.276324 100.283615 -11.308742 -47.015820 0.000000 -4.903437
2000 50.781826 34.037922 50.781826 12.250408 106.670181 -11.286956 -51.059574 0.000000 -5.792235
3000 50.165237 38.069752 50.165237 11.737911 104.813850 -11.804485 -49.135750 0.000000 -5.446280
4000 47.159527 39.887707 47.159527 13.842362 103.657631 -12.251107 -52.547840 0.000000 -5.541519
5000 52.116150 41.925781 47.159527 14.425426 108.519051 -13.379681 -51.578148 0.000000 -5.870493
6000 55.533997 43.869812 47.159527 15.057325 115.475800 -13.519861 -56.397995 0.000000 -5.081276
7000 61.851105 46.117474 47.159527 15.192684 112.652466 -11.206993 -49.619820 0.000000 -5.167235
8000 47.147476 46.231918 47.147476 13.753129 107.194038 -12.858725 -54.103580 0.000000 -6.837382
9000 52.994347 46.908165 47.147476 12.102605 114.228012 -13.540269 -54.433578 0.000000 -5.362428
10000 52.877785 47.450855 47.147476 12.665417 108.178497 -10.937606 -51.548222 0.000000 -5.480307
1000 65.307465 32.653732 65.307465 13.741881 120.724373 -12.811103 -50.752453 0.000000 -5.595230
2000 61.094151 42.133869 61.094151 15.608354 113.369110 -11.396896 -51.416077 0.000000 -5.070338
3000 48.617016 43.754658 48.617016 11.259770 107.937988 -13.280875 -52.281223 0.000000 -5.018645
4000 50.074135 45.018555 48.617016 15.898508 104.571495 -13.389011 -52.035938 0.000000 -4.970920
5000 53.420547 46.418884 48.617016 10.847143 112.049255 -13.267976 -51.501770 0.000000 -4.706107
6000 62.307293 48.688656 48.617016 15.072146 115.719994 -11.560561 -51.774658 0.000000 -5.149632
7000 44.948986 48.221195 44.948986 13.620999 99.990898 -12.875613 -51.360035 0.000000 -4.427268
8000 52.395706 48.685032 44.948986 15.114165 102.652832 -12.751720 -48.043987 0.000000 -4.575579
9000 45.798531 48.396381 44.948986 12.828928 99.276428 -13.652594 -47.428974 0.000000 -5.225252
10000 43.344551 47.937122 43.344551 12.106664 102.013626 -14.407614 -51.243736 0.000000 -5.124388
1000 53.311264 26.655632 53.311264 15.886295 104.010170 -14.464375 -47.634743 0.000000 -4.486085
2000 64.605980 39.305748 53.311264 18.324371 111.241707 -15.977343 -43.324783 0.000000 -5.657966
3000 42.778183 40.173859 42.778183 12.821422 101.910599 -15.911321 -48.950104 0.000000 -7.092408
4000 43.050148 40.749115 42.778183 15.755224 96.798920 -15.622899 -48.187958 0.000000 -5.693139
5000 33.285454 39.505173 33.285454 14.558709 92.883118 -14.921585 -52.594818 0.000000 -6.639970
6000 64.652733 43.097683 33.285454 17.716021 111.547379 -11.973281 -46.506821 0.000000 -6.130560
7000 62.488266 45.521507 33.285454 13.923685 118.747917 -15.943896 -48.156155 0.000000 -6.083281
8000 57.436794 46.845428 33.285454 11.266926 114.259094 -14.837337 -46.625076 0.000000 -6.626805
9000 56.866272 47.847511 33.285454 17.000580 107.659843 -13.690664 -47.170025 0.000000 -6.933462
10000 59.000420 48.861412 33.285454 14.438299 116.173973 -18.204344 -48.892143 0.000000 -4.515365
1000 63.639668 31.819834 63.639668 16.422579 110.807159 -16.542723 -41.965614 0.000000 -5.081731
2000 56.087242 39.908970 56.087242 16.370401 109.547432 -15.268140 -50.555824 0.000000 -4.006624
3000 49.166512 42.223358 49.166512 14.874827 102.152687 -15.715195 -46.514557 0.000000 -5.631250
4000 50.825310 43.943748 49.166512 13.710625 101.070267 -16.473997 -41.956177 0.000000 -5.525406
5000 45.116997 44.139294 45.116997 18.755388 94.690742 -15.329257 -47.146294 0.000000 -5.853582
6000 41.405060 43.748688 41.405060 12.228626 93.827316 -16.618956 -42.387112 0.000000 -5.644811
7000 54.693150 45.116745 41.405060 15.335847 102.489922 -15.060003 -43.176044 0.000000 -4.896570
8000 53.479698 46.045963 41.405060 13.771651 106.724281 -12.428102 -49.690216 0.000000 -4.897920
9000 51.747105 46.616077 41.405060 13.441786 97.860756 -13.393368 -40.593037 0.000000 -5.569038
10000 64.895439 48.277836 41.405060 16.973375 109.244003 -13.474776 -43.267620 0.000000 -4.579535
1000 63.993843 31.996922 63.993843 12.979158 118.845085 -13.406550 -49.398624 0.000000 -5.025232
2000 54.870941 39.621593 54.870941 13.909011 107.342857 -12.961772 -49.536404 0.000000 -3.882755
3000 57.593315 44.114525 54.870941 13.632879 112.424728 -13.949751 -49.860649 0.000000 -4.653891
4000 50.562519 45.404121 50.562519 14.818288 101.141685 -10.776315 -48.618774 0.000000 -6.002369
5000 69.079025 49.349941 50.562519 16.648115 117.609421 -9.636719 -49.982883 0.000000 -5.558916
6000 49.130234 49.318550 49.130234 15.959075 104.313423 -11.603461 -53.543388 0.000000 -5.995415
7000 49.435898 49.333221 49.130234 14.428156 104.389008 -11.255369 -53.241623 0.000000 -4.884269
8000 50.788464 49.494915 49.130234 15.693440 104.149376 -10.547626 -53.110317 0.000000 -5.396416
9000 46.246338 49.170055 46.246338 15.960841 100.006355 -9.824496 -52.437042 0.000000 -7.459318
10000 62.439442 50.376366 46.246338 16.327011 118.200493 -10.857012 -54.352768 0.000000 -6.878276
1000 71.344902 35.672451 71.344902 14.112654 118.575386 -15.810410 -41.933525 0.000000 -3.599200
2000 62.702259 44.682388 62.702259 12.394891 106.045975 -14.770704 -37.465263 0.000000 -3.502635
3000 58.016808 48.015991 58.016808 13.375042 108.155861 -19.483273 -40.777966 0.000000 -3.252850
4000 59.722549 50.357304 58.016808 13.889098 110.761192 -21.425243 -39.857059 0.000000 -3.645444
5000 60.062206 51.974789 58.016808 13.690998 105.928566 -18.239159 -38.063431 0.000000 -3.254773
6000 56.662052 52.644398 56.662052 11.878548 108.646049 -19.849714 -40.275753 0.000000 -3.737077
7000 63.528214 54.004875 56.662052 14.746140 107.943184 -18.608244 -36.664673 0.000000 -3.888190
8000 55.680965 54.191109 55.680965 13.714914 103.943222 -18.540426 -39.589046 0.000000 -3.847696
9000 60.320480 54.804047 55.680965 15.250055 107.911720 -19.904942 -39.268841 0.000000 -3.667513
10000 57.435001 55.043224 55.680965 12.635416 104.852264 -20.719795 -35.960350 0.000000 -3.372533
1000 64.560631 32.280315 64.560631 17.621563 109.158653 -11.253105 -45.298977 0.000000 -5.667503
2000 57.229424 40.596684 57.229424 12.548076 114.118080 -15.015615 -48.529266 0.000000 -5.891847
3000 45.917728 41.926945 45.917728 17.380196 101.813347 -14.873078 -52.651222 0.000000 -5.751515
4000 47.337410 43.009041 45.917728 15.323252 101.648216 -16.372330 -47.785717 0.000000 -5.476011
5000 46.885448 43.655106 45.917728 12.870609 98.544273 -13.461221 -45.886978 0.000000 -5.181241
6000 42.966515 43.556736 42.966515 13.360707 98.194069 -13.386262 -48.885536 0.000000 -6.316466
7000 56.509480 45.175831 42.966515 14.847034 105.803612 -13.082570 -44.882565 0.000000 -6.176033
8000 48.510826 45.546387 42.966515 13.604983 98.874748 -12.237557 -46.479824 0.000000 -5.251520
9000 51.785667 46.170315 42.966515 11.652675 103.506866 -10.702061 -46.020397 0.000000 -6.651407
10000 54.761726 46.951355 42.966515 16.160769 103.492912 -11.481168 -47.492462 0.000000 -5.918319
1000 66.495049 33.247524 66.495049 16.629251 102.126045 -13.998558 -34.518799 0.000000 -3.742891
2000 65.866470 44.120502 65.866470 14.961374 102.198593 -13.313999 -35.130276 0.000000 -2.849214
3000 75.234108 51.898903 65.866470 14.423065 120.723343 -11.896683 -39.479504 0.000000 -8.536108
4000 53.898506 52.298820 53.898506 13.764798 101.803986 -14.163426 -38.995392 0.000000 -8.511458
5000 56.623070 53.019531 53.898506 12.966708 106.775078 -15.201947 -40.625233 0.000000 -7.291532
6000 62.509212 54.375202 53.898506 13.545588 112.697495 -15.269926 -40.831028 0.000000 -7.632908
7000 71.683128 56.538692 53.898506 12.700583 114.495277 -10.522445 -38.162937 0.000000 -6.827353
8000 83.847481 59.573006 53.898506 14.485779 114.042107 -13.101502 -27.861336 0.000000 -3.717575
9000 70.757660 60.691467 53.898506 15.047875 110.309250 -14.956315 -36.184391 0.000000 -3.458752
10000 67.202148 61.283348 53.898506 13.222255 103.292526 -14.352715 -31.285431 0.000000 -3.674485
1000 60.744469 30.372234 60.744469 15.046257 112.739151 -13.200610 -47.054897 0.000000 -6.785440
2000 51.974606 37.573025 51.974606 16.809525 103.025932 -12.741681 -48.770874 0.000000 -6.348292
3000 55.110756 41.957458 51.974606 17.152729 103.489044 -14.581200 -44.914722 0.000000 -6.035091
4000 58.645321 45.295033 51.974606 14.958159 107.329224 -15.195663 -41.848206 0.000000 -6.598195
5000 50.715397 46.198425 50.715397 14.860264 106.959816 -16.866947 -47.892719 0.000000 -6.345025
6000 38.048370 45.034130 38.048370 13.983459 92.025146 -17.684343 -44.773251 0.000000 -5.502643
7000 64.614540 47.481682 38.048370 14.666306 110.978371 -17.110584 -39.157616 0.000000 -4.761931
8000 69.447510 49.922329 38.048370 16.264551 110.100266 -14.448840 -36.903763 0.000000 -5.564702
9000 68.740479 51.804146 38.048370 14.442711 111.365280 -18.638689 -33.675652 0.000000 -4.753176
10000 65.381844 53.038479 38.048370 11.203856 118.416031 -16.941656 -41.354206 0.000000 -5.942179
1000 58.019882 29.009941 58.019882 13.383475 108.181679 -15.135080 -44.704666 0.000000 -3.705527
2000 67.579201 41.866360 58.019882 16.432060 115.072510 -15.122917 -44.885761 0.000000 -3.916692
3000 63.066673 47.166439 58.019882 15.162958 107.487488 -16.869768 -38.891968 0.000000 -3.822037
4000 58.289574 49.391064 58.019882 15.098220 104.489906 -18.335609 -39.324898 0.000000 -3.638048
5000 51.648270 49.767262 51.648270 15.065968 95.922974 -15.435014 -39.967545 0.000000 -3.938111
6000 62.298244 51.557404 51.648270 14.087842 110.876076 -16.722462 -42.202858 0.000000 -3.740352
7000 53.176922 51.759842 51.648270 14.050573 100.618820 -16.500875 -41.292881 0.000000 -3.698715
8000 60.732410 52.756794 51.648270 14.938968 111.399971 -19.740530 -42.797951 0.000000 -3.068044
9000 59.079746 53.389091 51.648270 14.006081 105.359924 -14.722241 -41.742802 0.000000 -3.821213
10000 47.832355 52.883934 47.832355 18.435730 91.072617 -14.574326 -43.375187 0.000000 -3.726479
1000 48.853794 24.426897 48.853794 12.685977 107.197792 -16.434896 -50.673691 0.000000 -3.921384
2000 47.890388 32.248062 47.890388 14.783666 105.583878 -17.771435 -49.978012 0.000000 -4.727716
3000 41.873245 34.654358 41.873245 14.181875 104.682495 -17.022955 -54.544956 0.000000 -5.423214
4000 43.523727 36.428230 41.873245 14.584117 107.779961 -15.347311 -58.591961 0.000000 -4.901075
5000 43.930870 37.678669 41.873245 13.379583 102.831398 -13.368393 -54.943661 0.000000 -3.968060
6000 51.420712 39.641819 41.873245 11.797051 111.536385 -14.213883 -51.831131 0.000000 -5.867709
7000 58.057476 41.943775 41.873245 15.840786 111.710342 -12.580652 -51.204136 0.000000 -5.708870
8000 62.305912 44.206234 41.873245 13.859638 120.431297 -11.788622 -54.398212 0.000000 -5.798200
9000 56.456772 45.431286 41.873245 11.991150 115.358810 -12.621769 -52.487202 0.000000 -5.784221
10000 38.858986 44.833805 38.858986 10.632753 100.756676 -13.968463 -52.019936 0.000000 -6.542044
1000 42.492329 21.246164 42.492329 13.039691 101.736465 -13.337584 -52.515633 0.000000 -6.430606
2000 46.909023 29.800451 42.492329 13.779997 104.281105 -11.835165 -52.863396 0.000000 -6.453517
3000 55.547997 36.237335 42.492329 15.733459 112.089386 -13.981173 -51.528664 0.000000 -6.765017
4000 57.999470 40.589760 42.492329 17.706722 113.634956 -13.535240 -54.022259 0.000000 -5.784706
5000 48.085590 41.839066 42.492329 13.718654 101.164383 -14.139059 -46.117455 0.000000 -6.540928
6000 52.555393 43.369968 42.492329 12.416193 111.158432 -13.944969 -51.287743 0.000000 -5.786518
7000 47.291756 43.860191 42.492329 14.905797 104.104187 -12.288946 -52.866039 0.000000 -6.563244
8000 59.983589 45.651680 42.492329 13.662101 109.766045 -12.905065 -44.619709 0.000000 -5.919775
9000 57.151997 46.801712 42.492329 16.103857 108.789528 -12.857478 -49.349209 0.000000 -5.534706
10000 51.299736 47.210621 42.492329 14.697388 107.840057 -13.875046 -51.784790 0.000000 -5.577871
1000 53.971939 26.985970 53.971939 15.889416 108.250999 -15.916615 -48.518463 0.000000 -5.733391
2000 65.704643 39.892193 53.971939 13.226755 121.843124 -13.769067 -50.185966 0.000000 -5.410213
3000 68.841530 47.129528 53.971939 13.589989 112.000458 -13.769195 -38.307854 0.000000 -4.671865
4000 56.426613 48.988945 53.971939 13.029676 114.319656 -16.365553 -48.755329 0.000000 -5.801836
5000 67.219795 52.027420 53.971939 12.102085 121.754509 -12.490961 -48.587955 0.000000 -5.557881
6000 50.427654 51.798882 50.427654 13.216334 107.101555 -15.619187 -49.068825 0.000000 -5.202221
7000 50.817291 51.676182 50.427654 12.024401 102.167305 -13.897954 -44.531567 0.000000 -4.944890
8000 56.372860 52.198036 50.427654 13.106351 107.870537 -12.585952 -46.793915 0.000000 -5.224163
9000 78.541199 54.832348 50.427654 11.804815 127.177063 -13.320159 -42.388573 0.000000 -4.731941
10000 48.950695 54.297653 48.950695 14.088480 99.722939 -13.744820 -46.822887 0.000000 -4.293015
1000 51.088146 25.544073 51.088146 15.123011 108.473015 -17.972849 -45.894943 0.000000 -8.640087
2000 46.775764 32.621304 46.775764 15.272554 103.342072 -21.388603 -40.294460 0.000000 -10.155797
3000 51.786026 37.412483 46.775764 11.558111 111.665215 -20.092297 -42.322037 0.000000 -9.022964
4000 41.564690 38.242928 41.564690 12.025659 105.917496 -14.038335 -44.782429 0.000000 -17.557697
5000 43.590221 39.134144 41.564690 11.540493 104.571518 -14.621957 -40.420349 0.000000 -17.479488
6000 52.059975 40.980690 41.564690 13.671638 112.341690 -12.994326 -43.784344 0.000000 -17.174690
7000 53.101639 42.495811 41.564690 15.478774 109.592712 -13.173824 -42.323242 0.000000 -16.472778
8000 52.275272 43.582417 41.564690 11.570723 115.014450 -12.812129 -44.529633 0.000000 -16.968143
9000 62.282013 45.452377 41.564690 12.145712 122.458847 -15.206991 -40.197887 0.000000 -16.917665
10000 45.745472 45.479023 41.564690 16.220289 107.635933 -16.456429 -43.877178 0.000000 -17.777145
1000 42.806107 21.403053 42.806107 12.698468 109.777031 -19.119242 -41.704346 0.000000 -18.845810
2000 59.537056 34.114388 42.806107 11.753957 109.015793 -15.150539 -37.134132 0.000000 -8.948027
3000 46.627468 37.242657 42.806107 13.688674 102.788330 -20.245567 -40.769955 0.000000 -8.834016
4000 54.968948 40.787914 42.806107 14.033401 108.416481 -18.561422 -40.729591 0.000000 -8.189919
5000 65.930458 44.978336 42.806107 14.716084 123.593552 -19.560669 -44.862495 0.000000 -7.956009
6000 78.580498 49.778648 42.806107 14.674779 127.406654 -15.281126 -39.201214 0.000000 -9.018592
7000 61.967937 51.302307 42.806107 13.032389 120.382530 -18.512115 -43.972561 0.000000 -8.962298
8000 64.165901 52.731594 42.806107 12.492918 107.998375 -18.039248 -34.808235 0.000000 -3.477914
9000 60.446251 53.503059 42.806107 13.502806 116.269707 -15.339246 -44.336243 0.000000 -9.650764
10000 44.865219 52.717800 42.806107 13.820180 101.558243 -17.867615 -44.480057 0.000000 -8.165537
1000 44.852112 22.426056 44.852112 12.945312 109.973915 -18.961895 -49.576176 0.000000 -9.529048
2000 44.583519 29.811876 44.583519 12.082421 110.421021 -18.469730 -49.691120 0.000000 -9.759069
3000 60.564644 37.500069 44.583519 14.634734 117.291451 -16.617718 -45.475800 0.000000 -9.268014
4000 38.673042 37.734661 38.673042 11.176676 101.721405 -17.002676 -46.788231 0.000000 -10.434128
5000 35.311920 37.330872 35.311920 13.035148 97.362747 -14.651242 -50.777721 0.000000 -9.657008
6000 52.744781 39.532860 35.311920 12.157719 108.720901 -16.836819 -41.003033 0.000000 -10.293979
7000 45.609795 40.292477 35.311920 13.747829 104.483742 -17.009663 -45.693985 0.000000 -9.918129
8000 52.414940 41.639420 35.311920 13.556880 110.838043 -17.548052 -44.853081 0.000000 -9.578852
9000 52.751297 42.750603 35.311920 15.842704 104.868103 -16.199966 -41.513329 0.000000 -10.246216
10000 49.128395 43.330402 35.311920 15.218652 109.477608 -20.333624 -46.155727 0.000000 -9.078510
1000 45.159348 22.579674 45.159348 13.860541 101.068604 -18.986279 -41.947300 0.000000 -8.836223
2000 51.444305 32.201218 45.159348 14.983582 105.847443 -17.745922 -42.023979 0.000000 -9.616816
3000 54.732178 37.833958 45.159348 13.564781 107.763283 -16.174900 -40.563828 0.000000 -9.857162
4000 52.691269 40.805420 45.159348 13.148709 107.132874 -15.691463 -42.531799 0.000000 -9.367051
5000 44.822884 41.474995 44.822884 13.450787 101.838860 -17.456757 -43.870796 0.000000 -9.139206
6000 50.898575 42.821220 44.822884 14.251833 104.098366 -18.925163 -40.346493 0.000000 -8.179968
7000 40.566109 42.539330 40.566109 15.465081 96.539894 -20.808136 -42.402084 0.000000 -8.228647
8000 48.779282 43.232658 40.566109 13.607509 107.149780 -17.913694 -44.659943 0.000000 -9.404364
9000 36.404961 42.549889 36.404961 13.221284 95.847710 -19.833406 -42.874664 0.000000 -9.955963
10000 84.050461 46.322670 36.404961 13.961690 127.430717 -17.404203 -30.756435 0.000000 -9.181307
1000 63.482399 31.741199 63.482399 12.622874 117.262054 -15.347778 -46.497169 0.000000 -4.557587
2000 77.862724 47.115040 63.482399 13.723457 126.957100 -14.065821 -44.298008 0.000000 -4.454000
3000 59.959763 50.326221 59.959763 13.246769 107.979897 -14.258738 -43.624615 0.000000 -3.383557
4000 54.107353 51.082447 54.107353 14.472510 105.578697 -12.990558 -50.420624 0.000000 -2.532676
5000 50.940887 51.058853 50.940887 14.582678 104.248146 -11.179908 -52.119171 0.000000 -4.590857
6000 61.816288 52.595631 50.940887 14.142837 114.481880 -12.070823 -50.493576 0.000000 -4.244022
7000 58.545174 53.339321 50.940887 13.032854 111.861481 -11.689144 -50.881828 0.000000 -3.778183
8000 66.572594 54.809685 50.940887 13.282545 120.409111 -13.037038 -48.590916 0.000000 -5.491097
9000 58.576859 55.186401 50.940887 15.350490 112.852150 -14.942342 -49.511478 0.000000 -5.171956
10000 57.716530 55.416416 50.940887 14.092078 111.902458 -12.471908 -50.594666 0.000000 -5.211434
1000 48.032051 24.016026 48.032051 11.482286 106.602043 -18.158260 -43.706997 0.000000 -8.187021
2000 48.153511 32.061855 48.032051 14.076567 113.127655 -19.470749 -37.389996 0.000000 -22.189962
3000 33.599937 32.446373 33.599937 13.980193 97.951546 -16.319889 -39.132286 0.000000 -22.879623
4000 29.778370 31.912771 29.778370 14.468077 93.622078 -16.909687 -40.150612 0.000000 -21.251484
5000 26.670483 31.039057 26.670483 13.411547 92.618286 -15.679808 -41.682114 0.000000 -21.997425
6000 39.628292 32.266090 26.670483 14.421829 104.935516 -15.676726 -41.475342 0.000000 -22.576984
7000 45.135353 33.874748 26.670483 15.101573 102.514328 -15.866847 -39.987755 0.000000 -16.625946
8000 41.564037 34.729111 26.670483 12.792690 105.740486 -18.743780 -40.018959 0.000000 -18.206394
9000 50.878853 36.344086 26.670483 13.615408 111.009026 -16.751043 -39.662506 0.000000 -17.332029
10000 41.976109 36.856087 26.670483 16.046772 102.705536 -17.537636 -42.263325 0.000000 -16.975235
1000 46.209641 23.104820 46.209641 11.901386 108.936913 -18.875414 -44.912270 0.000000 -10.840982
2000 56.170326 34.126656 46.209641 12.916774 111.508186 -14.949595 -42.949768 0.000000 -10.355271
3000 43.462757 36.460682 43.462757 14.530641 102.918655 -18.864187 -45.111172 0.000000 -10.011177
4000 28.995720 34.967690 28.995720 12.849631 93.747978 -19.409939 -47.882500 0.000000 -10.309447
5000 41.976692 36.135853 28.995720 12.468804 104.613518 -16.712791 -47.820717 0.000000 -10.572123
6000 23.905186 34.388615 23.905186 14.776014 87.454071 -21.290970 -46.969810 0.000000 -10.064121
7000 40.343651 35.132996 23.905186 14.924586 102.412094 -18.483564 -48.303574 0.000000 -10.205887
8000 40.644936 35.745434 23.905186 13.607929 104.950684 -20.450645 -48.101414 0.000000 -9.361612
9000 40.548557 36.225746 23.905186 13.437648 103.131462 -19.957785 -45.556793 0.000000 -10.505970
10000 39.218357 36.497799 23.905186 13.859728 99.435493 -19.432487 -44.907257 0.000000 -9.737119
1000 40.797352 20.398676 40.797352 12.667569 104.551125 -21.430056 -45.963387 0.000000 -9.027905
2000 38.477184 26.424845 38.477184 13.797972 99.614403 -21.688564 -43.667358 0.000000 -9.579274
3000 33.317184 28.147930 33.317184 12.168116 99.966049 -20.588438 -49.079552 0.000000 -9.148989
4000 44.690025 31.456348 33.317184 14.061742 101.027634 -15.700014 -45.059654 0.000000 -9.639685
5000 46.387817 33.944927 33.317184 12.883945 106.194351 -18.389652 -43.895679 0.000000 -10.405148
6000 42.666607 35.190880 33.317184 14.692997 103.082932 -21.201080 -45.134838 0.000000 -8.773400
7000 43.000813 36.167122 33.317184 13.486729 105.257759 -18.283106 -47.357155 0.000000 -10.103419
8000 54.007076 38.149338 33.317184 12.801940 117.896187 -18.300106 -48.843563 0.000000 -9.547372
9000 35.769020 37.911308 33.317184 13.803623 100.535339 -19.600565 -48.460945 0.000000 -10.508429
10000 43.687294 38.436398 33.317184 12.809558 106.037529 -16.754726 -47.960144 0.000000 -10.444924
1000 48.412163 24.206081 48.412163 15.001048 104.707764 -18.089285 -43.965954 0.000000 -9.241407
2000 52.259304 33.557156 48.412163 14.367717 108.935631 -19.317148 -42.092682 0.000000 -9.634212
3000 44.541588 36.303261 44.541588 10.968107 107.457932 -21.168627 -44.206932 0.000000 -8.508894
4000 40.907921 37.224194 40.907921 15.993368 96.809639 -20.106205 -42.573120 0.000000 -9.215765
5000 42.630184 38.125195 40.907921 13.775968 100.794418 -20.156685 -43.085892 0.000000 -8.697628
6000 46.523670 39.324978 40.907921 12.797991 104.844925 -16.843712 -44.649284 0.000000 -9.626246
7000 49.487885 40.595341 40.907921 13.063931 111.514595 -19.981583 -44.969109 0.000000 -10.139947
8000 51.330135 41.788097 40.907921 13.306411 110.842979 -18.446381 -44.568951 0.000000 -9.803926
9000 48.267262 42.436012 40.907921 16.298422 105.036552 -19.737473 -43.538132 0.000000 -9.792110
10000 54.092468 43.495693 40.907921 13.345158 101.325317 -13.820979 -38.436081 0.000000 -8.320944
1000 50.875568 25.437784 50.875568 13.164700 110.072716 -20.707308 -42.580746 0.000000 -9.073792
2000 50.600204 33.825256 50.600204 14.312249 107.364670 -17.070566 -44.598713 0.000000 -9.407438
3000 48.479115 37.488720 48.479115 12.982622 107.833679 -17.516491 -45.071011 0.000000 -9.749681
4000 47.091206 39.409218 47.091206 11.429543 107.317612 -17.888288 -44.131325 0.000000 -9.636333
5000 70.583511 44.604931 47.091206 16.415974 113.389900 -15.758095 -32.928501 0.000000 -10.535764
6000 52.561619 45.741600 47.091206 12.863234 112.350121 -17.631990 -44.948219 0.000000 -10.071530
7000 49.867451 46.257332 47.091206 12.310041 103.948578 -17.267864 -38.939339 0.000000 -10.183965
8000 57.102280 47.462326 47.091206 13.449162 101.762093 -14.319546 -39.676701 0.000000 -4.112730
9000 71.528564 49.868950 47.091206 11.205200 117.462151 -13.584649 -38.667049 0.000000 -4.887097
10000 59.528103 50.747055 47.091206 14.428453 102.546898 -18.603834 -34.128254 0.000000 -4.715154
1000 69.833916 34.916958 69.833916 15.867332 119.216576 -18.225811 -42.842739 0.000000 -4.181436
2000 58.678612 42.837509 58.678612 13.394964 102.159813 -15.237293 -36.407921 0.000000 -5.230958
3000 52.269135 45.195415 52.269135 14.156381 99.924438 -18.517290 -37.120697 0.000000 -6.173697
4000 59.724365 48.101204 52.269135 15.504293 109.693001 -17.237667 -42.829384 0.000000 -5.405878
5000 49.265057 48.295181 49.265057 12.671641 99.172112 -17.983454 -39.414188 0.000000 -5.181054
6000 53.496510 49.038231 49.265057 14.947255 104.830513 -19.201185 -41.576862 0.000000 -5.503213
7000 64.872871 51.017559 49.265057 14.582843 108.921417 -17.869869 -36.732635 0.000000 -4.028876
8000 61.920116 52.228954 49.265057 14.269769 109.580208 -18.332922 -39.030876 0.000000 -4.566060
9000 67.761826 53.782238 49.265057 14.628398 118.052528 -16.081932 -45.137131 0.000000 -3.700035
10000 65.787056 54.873585 49.265057 11.813818 112.874969 -14.801897 -39.094036 0.000000 -5.005803
1000 74.676773 37.338387 74.676773 13.575092 126.264420 -16.838339 -45.170036 0.000000 -3.154358
2000 77.001541 50.559437 74.676773 15.934241 117.580002 -15.176715 -37.918339 0.000000 -3.417647
3000 58.345882 52.506050 58.345882 13.227500 111.309273 -16.398735 -46.090866 0.000000 -3.701291
4000 51.408146 52.286469 51.408146 13.976245 101.002609 -17.866325 -41.918903 0.000000 -3.785477
5000 48.103725 51.589344 48.103725 12.298301 102.316811 -20.016096 -43.014534 0.000000 -3.480755
6000 58.812588 52.621239 48.103725 11.480900 109.944466 -16.137672 -43.112350 0.000000 -3.362758
7000 50.748409 52.387135 48.103725 14.477278 99.344048 -18.993093 -40.325699 0.000000 -3.754124
8000 58.538666 53.070637 48.103725 13.772811 104.599792 -13.250834 -43.185062 0.000000 -3.398045
9000 55.341160 53.297691 48.103725 17.014282 102.163536 -15.747450 -44.370079 0.000000 -3.719129
10000 53.840668 53.347057 48.103725 12.475594 105.221954 -16.256418 -44.516460 0.000000 -3.084002
1000 60.986805 30.493402 60.986805 12.416552 107.817642 -16.877394 -38.508652 0.000000 -3.861339
2000 56.991386 39.326065 56.991386 16.827797 99.733330 -16.396585 -38.727962 0.000000 -4.445193
3000 77.975693 48.988472 56.991386 16.850538 121.310738 -17.019476 -39.206081 0.000000 -3.960022
4000 51.666538 49.524086 51.666538 15.242843 98.084999 -20.375275 -37.179893 0.000000 -4.106136
5000 64.084610 51.950836 51.666538 13.658678 110.572792 -19.937082 -35.894814 0.000000 -4.314964
6000 55.855858 52.508698 51.666538 14.039394 102.520561 -17.951878 -37.241333 0.000000 -5.510889
7000 67.347610 54.363564 51.666538 17.128742 108.124725 -16.084829 -33.886921 0.000000 -7.934093
8000 61.066902 55.108379 51.666538 12.615386 107.485809 -15.224130 -34.805386 0.000000 -9.004786
9000 64.732567 56.070793 51.666538 14.348361 108.195404 -14.603995 -33.454708 0.000000 -9.752495
10000 67.796143 57.136734 51.666538 13.865738 109.427826 -14.191168 -35.998047 0.000000 -5.308203
1000 45.295353 22.647676 45.295353 12.644118 97.269341 -17.753674 -43.780075 0.000000 -3.084363
2000 44.612904 29.969419 44.612904 13.445479 97.646080 -19.562580 -43.298187 0.000000 -3.617886
3000 57.351463 36.814930 44.612904 12.234178 106.832085 -16.625237 -41.508579 0.000000 -3.580981
4000 72.204430 43.892830 44.612904 13.822428 124.477997 -16.501846 -45.895916 0.000000 -3.698234
5000 56.095535 45.926617 44.612904 14.806061 109.772942 -20.888102 -43.964382 0.000000 -3.630985
6000 59.133957 47.813381 44.612904 13.923346 109.066719 -16.701817 -43.867592 0.000000 -3.286705
7000 59.695831 49.298687 44.612904 15.121778 111.369484 -18.784889 -44.450302 0.000000 -3.560243
8000 51.918564 49.589783 44.612904 13.687155 107.300667 -21.125544 -44.838268 0.000000 -3.105452
9000 85.448212 53.175621 44.612904 15.322263 127.291733 -15.157664 -38.378197 0.000000 -3.629925
10000 48.215439 52.724697 44.612904 13.692018 96.810051 -17.697702 -41.856731 0.000000 -2.732196
1000 62.586929 31.293465 62.586929 13.924674 107.391777 -16.530767 -38.629311 0.000000 -3.569444
2000 46.983814 36.523579 46.983814 13.594205 105.232124 -19.851488 -40.511906 0.000000 -11.479125
3000 42.499187 38.017483 42.499187 15.535129 96.039047 -19.957802 -37.248264 0.000000 -11.868920
4000 39.504696 38.314926 39.504696 14.128275 93.545364 -18.544516 -38.580090 0.000000 -11.044335
5000 49.938095 40.252121 39.504696 16.723654 101.067635 -17.690664 -37.440533 0.000000 -12.721996
6000 54.198597 42.244476 39.504696 11.423140 107.782898 -16.289726 -35.794197 0.000000 -12.923519
7000 43.845295 42.444580 39.504696 13.385427 97.881088 -16.014734 -39.015251 0.000000 -12.391239
8000 47.202690 42.973259 39.504696 12.431126 98.707573 -16.522610 -36.201031 0.000000 -11.212367
9000 49.538162 43.629749 39.504696 16.427683 97.584236 -17.612989 -35.481640 0.000000 -11.379122
10000 50.511494 44.255363 39.504696 14.342655 100.404144 -16.530262 -35.031803 0.000000 -12.673241
1000 57.365929 28.682964 57.365929 14.751836 106.377151 -17.135023 -33.531849 0.000000 -13.096185
2000 67.642448 41.669460 57.365929 13.870445 109.511848 -17.963972 -34.632992 0.000000 -3.142874
3000 58.125202 45.783394 57.365929 12.345678 109.568459 -16.230959 -36.163963 0.000000 -11.394017
4000 46.977493 46.022213 46.977493 12.992166 100.537148 -16.862719 -36.056149 0.000000 -13.632956
5000 56.479317 47.765064 46.977493 11.639681 109.034744 -15.591624 -37.953014 0.000000 -10.650476
6000 64.878067 50.209778 46.977493 13.337516 118.963432 -17.879984 -38.433952 0.000000 -11.108946
7000 75.326653 53.349388 46.977493 16.716507 119.845367 -14.995356 -34.340782 0.000000 -11.899089
8000 70.456940 55.250229 46.977493 15.398928 118.132851 -17.049946 -35.439140 0.000000 -10.585758
9000 62.921310 56.017334 46.977493 15.763270 107.082764 -16.652721 -33.276543 0.000000 -9.995461
10000 57.942123 56.192318 46.977493 14.814094 106.743813 -15.279974 -37.383812 0.000000 -10.951994
1000 51.631195 25.815598 51.631195 15.120262 97.813705 -15.898179 -34.487068 0.000000 -10.917526
2000 65.213112 38.948101 51.631195 14.587511 113.475952 -18.408096 -33.760948 0.000000 -10.681303
3000 55.418804 43.065777 51.631195 16.891806 102.916260 -16.875547 -36.964645 0.000000 -10.549067
4000 87.599770 51.972576 51.631195 13.229548 124.466240 -14.102318 -32.530846 0.000000 -3.462852
5000 55.141151 52.500671 51.631195 15.064255 96.563171 -16.683825 -36.159065 0.000000 -3.643388
6000 67.124481 54.589787 51.631195 14.144252 111.965591 -17.452414 -37.863239 0.000000 -3.669712
7000 51.770512 54.237377 51.631195 13.510880 96.572159 -19.473228 -35.032433 0.000000 -3.806864
8000 49.936939 53.759552 49.936939 11.988098 99.300941 -18.542147 -39.174904 0.000000 -3.635051
9000 56.036057 53.987202 49.936939 12.872649 103.336510 -18.586586 -37.899040 0.000000 -3.687478
10000 58.868649 54.430969 49.936939 13.810273 101.178078 -16.383272 -36.308949 0.000000 -3.427482
1000 52.020275 26.010138 52.020275 14.204012 105.237572 -8.377387 -53.329796 0.000000 -5.714121
2000 46.535606 32.851959 46.535606 14.162576 97.427681 -10.027437 -48.968319 0.000000 -6.058896
3000 39.280388 34.459068 39.280388 13.938530 88.936043 -10.877962 -46.690475 0.000000 -6.025750
4000 53.045174 38.176289 39.280388 12.123548 106.965355 -11.258364 -48.737335 0.000000 -6.048034
5000 49.817379 40.116470 39.280388 14.602174 99.247345 -9.113861 -49.322647 0.000000 -5.595630
6000 60.679958 43.054111 39.280388 15.412683 108.539062 -8.145863 -50.006996 0.000000 -5.118922
7000 50.254738 43.954189 39.280388 11.828226 104.313248 -10.800626 -49.071915 0.000000 -6.014192
8000 45.841209 44.163860 39.280388 13.559918 102.081322 -11.385517 -52.165104 0.000000 -6.249409
9000 47.108360 44.458309 39.280388 13.374321 103.187149 -11.814750 -51.286888 0.000000 -6.351469
10000 37.540405 43.829411 37.540405 15.148066 94.067055 -12.363500 -53.311409 0.000000 -5.999803
1000 64.941360 32.470680 64.941360 15.831453 103.880539 -17.483027 -33.696190 0.000000 -3.591419
2000 79.878197 48.273182 64.941360 14.640447 122.494804 -14.652188 -29.595036 0.000000 -13.009835
3000 67.452621 53.068043 64.941360 15.102511 112.928169 -14.492634 -32.464146 0.000000 -13.621293
4000 73.231659 57.100769 64.941360 13.950920 119.049461 -15.806766 -31.211817 0.000000 -12.750142
5000 62.726582 58.038406 62.726582 11.798358 111.198906 -17.354290 -29.512205 0.000000 -13.404186
6000 71.125145 59.907940 62.726582 16.388119 115.378891 -16.678017 -30.087896 0.000000 -13.875951
7000 75.981415 61.917126 62.726582 15.301074 112.453476 -17.235950 -32.255653 0.000000 -2.281529
8000 73.526756 63.207085 62.726582 15.828099 107.423386 -17.145803 -29.180449 0.000000 -3.398477
9000 74.045349 64.290909 62.726582 15.939125 113.060165 -17.370968 -34.591061 0.000000 -2.991912
10000 73.452690 65.123802 62.726582 16.339535 105.723717 -17.586575 -28.302963 0.000000 -2.721012
1000 58.342030 29.171015 58.342030 14.426168 110.040855 -11.509191 -49.496536 0.000000 -5.119266
2000 57.263237 38.535091 57.263237 14.827213 106.095024 -9.600981 -48.714180 0.000000 -5.343843
3000 51.650288 41.813889 51.650288 13.818447 103.033569 -9.199652 -50.527267 0.000000 -5.474812
4000 56.352802 44.721672 51.650288 13.857546 105.231720 -7.625418 -49.672646 0.000000 -5.438397
5000 43.474258 44.513767 43.474258 14.364668 91.329109 -9.622117 -46.779613 0.000000 -5.817793
6000 55.745956 46.118366 43.474258 13.253944 103.280281 -10.209941 -44.917633 0.000000 -5.660697
7000 53.773293 47.075230 43.474258 13.525561 102.921371 -10.673997 -46.193981 0.000000 -5.805660
8000 60.736668 48.593166 43.474258 14.552814 105.069931 -10.637214 -42.422886 0.000000 -5.825969
9000 61.077339 49.841583 43.474258 16.767159 104.527901 -8.670923 -45.842361 0.000000 -5.704435
10000 42.416824 49.166603 42.416824 14.067110 91.586441 -9.472932 -47.311260 0.000000 -6.452535
1000 61.548851 30.774426 61.548851 15.345809 111.687103 -18.019409 -38.773407 0.000000 -8.691244
2000 68.642281 43.397045 61.548851 15.791239 121.254234 -17.615904 -42.176483 0.000000 -8.610804
3000 74.796288 51.246857 61.548851 14.384630 125.806610 -17.914127 -38.002544 0.000000 -9.478279
4000 61.377388 53.272961 61.377388 12.985833 116.139252 -16.071541 -41.469048 0.000000 -10.207113
5000 51.272881 52.939617 51.272881 13.985666 104.957520 -18.668163 -39.341972 0.000000 -9.660171
6000 36.487453 50.589306 36.487453 13.954071 94.164368 -20.649302 -40.626495 0.000000 -10.355190
7000 56.378002 51.312893 36.487453 15.581570 111.685219 -18.780685 -42.926868 0.000000 -9.181231
8000 57.553127 52.006252 36.487453 15.310467 117.376328 -21.773848 -43.083801 0.000000 -10.276020
9000 50.353291 51.840954 36.487453 13.118564 112.254753 -17.868267 -46.438171 0.000000 -10.713588
10000 41.193249 50.872982 36.487453 11.822995 100.566772 -19.929192 -40.657234 0.000000 -10.610095
1000 49.437130 24.718565 49.437130 15.790005 97.032471 -9.824800 -48.508339 0.000000 -5.052212
2000 48.101219 32.512783 48.101219 12.548163 99.358742 -10.164009 -48.941734 0.000000 -4.699943
3000 41.363087 34.725357 41.363087 15.248661 95.591904 -13.510879 -50.849827 0.000000 -5.116768
4000 34.910156 34.762318 34.910156 13.560424 88.379356 -12.845395 -49.273571 0.000000 -4.910654
5000 52.475590 37.714527 34.910156 16.357929 104.537354 -11.255173 -52.563702 0.000000 -4.600816
6000 49.916328 39.457642 34.910156 13.488045 101.071739 -11.756603 -48.287357 0.000000 -4.599493
7000 58.825363 41.878609 34.910156 13.676148 110.919281 -10.533485 -50.482094 0.000000 -4.754487
8000 50.653782 42.853626 34.910156 12.965595 104.114975 -11.390694 -50.082710 0.000000 -4.953382
9000 44.522873 43.020550 34.910156 13.494672 98.699974 -13.198019 -50.146931 0.000000 -4.326825
10000 48.983246 43.562614 34.910156 15.593636 100.816200 -13.172758 -50.293980 0.000000 -3.959852
1000 56.089760 28.044880 56.089760 14.025681 108.203171 -11.542900 -49.853878 0.000000 -4.742315
2000 48.091045 34.726933 48.091045 14.788183 104.816719 -13.107918 -53.634430 0.000000 -4.771511
3000 39.829533 36.002583 39.829533 12.742861 95.613350 -11.980740 -51.508186 0.000000 -5.037755
4000 46.505295 38.103127 39.829533 15.206578 99.952682 -13.010480 -50.537476 0.000000 -5.106011
5000 49.824463 40.056683 39.829533 14.073451 107.536407 -11.204968 -55.392086 0.000000 -5.188337
6000 50.868149 41.601177 39.829533 13.569233 107.736221 -11.755016 -53.581116 0.000000 -5.101164
7000 43.434135 41.830299 39.829533 13.739185 96.905464 -12.972458 -49.298702 0.000000 -4.939356
8000 47.836292 42.497635 39.829533 15.836524 99.832649 -10.180703 -52.623302 0.000000 -5.028876
9000 50.126057 43.260475 39.829533 15.158853 100.379700 -10.900680 -49.662735 0.000000 -4.849080
10000 50.011303 43.874187 39.829533 12.387187 102.200470 -11.457508 -48.517319 0.000000 -4.601520
1000 52.783821 26.391911 52.783821 16.586359 103.978699 -16.090048 -36.782444 0.000000 -14.908747
2000 64.234718 39.006180 52.783821 17.904400 112.020172 -15.060019 -37.450012 0.000000 -13.179823
3000 53.874062 42.723152 52.783821 13.678127 108.617493 -18.087557 -35.630180 0.000000 -14.703825
4000 47.709190 43.720360 47.709190 14.781193 100.745667 -18.797400 -35.027294 0.000000 -13.992970
5000 60.384354 46.497692 47.709190 13.723754 114.463097 -16.755392 -37.541176 0.000000 -13.505919
6000 62.049400 48.719364 47.709190 12.571869 108.356239 -15.760521 -39.647537 0.000000 -3.470652
7000 77.463058 52.312325 47.709190 12.675752 119.210854 -11.621375 -41.075668 0.000000 -1.726509
8000 56.996529 52.832790 47.709190 15.117762 99.648499 -15.114051 -40.072189 0.000000 -2.583490
9000 57.700146 53.319527 47.709190 12.774144 106.627113 -14.768090 -44.189980 0.000000 -2.743046
10000 71.427193 54.965675 47.709190 12.819578 111.343216 -13.038526 -38.213871 0.000000 -1.483209
1000 52.381844 26.190922 52.381844 12.442532 110.851692 -13.931555 -51.692787 0.000000 -5.288033
2000 38.550632 30.310827 38.550632 14.341045 95.422371 -13.914654 -52.294762 0.000000 -5.003360
3000 55.336411 36.567223 38.550632 15.725864 105.406952 -14.025181 -46.567383 0.000000 -5.203844
4000 50.449165 39.343609 38.550632 13.734853 102.234940 -12.276008 -48.157673 0.000000 -5.086950
5000 48.434574 40.858768 38.550632 12.928818 102.228752 -13.542146 -48.106689 0.000000 -5.074160
6000 46.928776 41.725914 38.550632 13.294112 101.569763 -12.830788 -49.934090 0.000000 -5.170224
7000 59.823883 43.988159 38.550632 18.140017 106.655060 -12.028783 -47.876438 0.000000 -5.065962
8000 66.360413 46.473965 38.550632 16.789047 113.253838 -11.781193 -46.521900 0.000000 -5.379378
9000 55.782261 47.404793 38.550632 13.985909 108.773865 -11.505629 -50.283104 0.000000 -5.188777
10000 51.723591 47.797413 38.550632 14.254219 103.545540 -13.585370 -48.219574 0.000000 -4.271220
1000 59.266399 29.633200 59.266399 14.890285 111.373398 -11.402103 -49.885765 0.000000 -5.709423
2000 45.970375 35.078922 45.970375 15.732152 101.775833 -12.687159 -54.023270 0.000000 -4.827188
3000 42.914677 37.037861 42.914677 15.919282 98.630196 -12.740090 -53.766850 0.000000 -5.127860
4000 52.976418 40.225574 42.914677 16.332645 107.640915 -12.868111 -52.201191 0.000000 -5.927839
5000 47.391945 41.419968 42.914677 15.019370 104.942169 -11.892831 -54.428749 0.000000 -6.248018
6000 55.882950 43.486111 42.914677 14.441739 109.859428 -11.387241 -50.826111 0.000000 -6.204866
7000 55.749657 45.019054 42.914677 13.661696 108.049469 -10.624215 -49.727688 0.000000 -5.609610
8000 57.820530 46.441441 42.914677 15.857485 108.052635 -11.462430 -48.938782 0.000000 -5.688374
9000 49.080704 46.705364 42.914677 12.390629 115.771942 -16.483473 -57.210518 0.000000 -5.387871
10000 46.443565 46.681564 42.914677 13.231808 108.943947 -15.661496 -54.825344 0.000000 -5.245344
1000 70.977173 35.488586 70.977173 15.038776 118.686623 -19.448517 -39.574570 0.000000 -3.725143
2000 54.285049 41.754074 54.285049 12.310554 104.654724 -19.330044 -39.209229 0.000000 -4.140961
3000 44.189945 42.363041 44.189945 14.253282 98.607697 -18.721312 -46.103054 0.000000 -3.846666
4000 52.825153 44.455463 44.189945 13.117675 99.637749 -18.436394 -37.906662 0.000000 -3.587217
5000 59.922066 47.033230 44.189945 15.240728 114.648956 -19.912783 -46.502304 0.000000 -3.552526
6000 56.824596 48.431995 44.189945 13.630269 108.628593 -16.739635 -45.062622 0.000000 -3.632009
7000 62.904480 50.241055 44.189945 12.491768 112.470192 -16.617817 -41.648460 0.000000 -3.791208
8000 75.625740 53.061573 44.189945 14.764519 119.602135 -15.646530 -39.381653 0.000000 -3.712734
9000 73.328247 55.088245 44.189945 11.829023 115.293404 -15.284680 -34.932758 0.000000 -3.576735
10000 76.514465 57.036083 44.189945 11.655670 127.491211 -16.956783 -42.183975 0.000000 -3.491653
1000 47.024506 23.512253 47.024506 12.607760 104.309845 -14.319726 -50.122803 0.000000 -5.450567
2000 45.776100 30.933535 45.776100 12.453887 101.540031 -12.592467 -50.075382 0.000000 -5.549967
3000 54.605003 36.851402 45.776100 13.784248 108.398872 -14.399836 -47.885654 0.000000 -5.292629
4000 49.607361 39.402596 45.776100 15.035865 102.803520 -12.037812 -50.490417 0.000000 -5.703797
5000 54.461899 41.912479 45.776100 16.788387 103.448891 -11.380959 -49.156548 0.000000 -5.237870
6000 48.404701 42.839939 45.776100 11.756686 103.332916 -14.486350 -47.221569 0.000000 -4.976978
7000 40.881718 42.595161 40.881718 13.585324 98.702454 -12.238454 -54.160667 0.000000 -5.006940
8000 39.676262 42.270840 39.676262 14.830383 90.761894 -13.667121 -47.038200 0.000000 -5.210695
9000 36.265083 41.670265 36.265083 13.776579 93.697731 -13.664261 -52.289806 0.000000 -5.255160
10000 65.174263 43.806992 36.265083 16.320610 113.694130 -10.647063 -48.737778 0.000000 -5.455636
1000 43.138256 21.569128 43.138256 16.278086 99.683060 -10.800212 -56.650661 0.000000 -5.372017
2000 38.434811 27.191023 38.434811 11.976717 99.902481 -12.448002 -55.646320 0.000000 -5.350066
3000 42.737255 31.077579 38.434811 12.063826 101.543015 -12.720714 -53.454273 0.000000 -4.694602
4000 40.564667 32.974998 38.434811 15.658419 94.263023 -9.873748 -54.325760 0.000000 -5.157265
5000 40.179138 34.175686 38.434811 15.963879 95.535591 -13.090839 -53.136738 0.000000 -5.092755
6000 38.155968 34.744297 38.155968 11.946379 101.314835 -15.273872 -55.081142 0.000000 -4.750231
7000 33.518486 34.591072 33.518486 14.093203 91.589722 -15.384327 -51.666080 0.000000 -5.114031
8000 37.163033 34.876846 33.518486 13.929025 99.340515 -16.324835 -55.160412 0.000000 -4.621256
9000 32.128330 34.601994 32.128330 15.521339 92.813034 -14.774243 -55.794102 0.000000 -5.637696
10000 40.958969 35.179897 32.128330 11.790197 99.547028 -15.196770 -50.476181 0.000000 -4.705307
1000 31.289665 15.644833 31.289665 11.686389 94.574883 -15.194173 -54.642891 0.000000 -5.134537
2000 31.753071 21.014246 31.289665 14.047085 94.416130 -14.580535 -57.180592 0.000000 -4.949014
3000 41.321148 26.090971 31.289665 13.155087 101.500320 -14.847412 -53.850815 0.000000 -4.636037
4000 44.733429 29.819464 31.289665 15.573353 100.160522 -12.916783 -53.366966 0.000000 -4.716689
5000 33.205513 30.383804 31.289665 15.190862 88.609459 -12.296379 -52.884693 0.000000 -5.413738
6000 39.292484 31.656473 31.289665 15.790400 95.829575 -13.289047 -53.437325 0.000000 -5.601117
7000 41.777908 32.921654 31.289665 11.551291 102.602119 -15.031924 -52.019058 0.000000 -5.324522
8000 33.894104 33.029705 31.289665 12.674276 93.696419 -13.314321 -53.706219 0.000000 -5.456051
9000 40.613922 33.788124 31.289665 15.703373 95.921501 -13.834820 -51.223831 0.000000 -5.952299
10000 42.710152 34.599216 31.289665 14.987037 103.431168 -13.241208 -56.617912 0.000000 -5.848932
1000 44.064060 22.032030 44.064060 15.605771 101.376503 -13.670168 -52.867470 0.000000 -6.380581
2000 34.063801 26.042620 34.063801 16.340984 90.080345 -13.735010 -52.389359 0.000000 -6.233158
3000 37.942429 29.017572 34.063801 12.760655 98.113503 -14.430304 -52.539322 0.000000 -5.962106
4000 39.451603 31.104380 34.063801 14.997709 101.774895 -14.146121 -57.240295 0.000000 -5.934589
5000 35.828064 31.891661 34.063801 12.275302 92.290855 -9.779589 -52.713089 0.000000 -6.245415
6000 36.975685 32.617950 34.063801 15.351100 90.804710 -10.475383 -52.112679 0.000000 -6.592063
7000 46.591820 34.364685 34.063801 16.378990 98.804871 -13.022677 -49.674660 0.000000 -5.894707
8000 33.082821 34.222256 33.082821 11.853633 95.643539 -14.603669 -55.377117 0.000000 -4.433565
9000 44.327312 35.232761 33.082821 14.127768 98.361389 -13.052473 -49.354523 0.000000 -5.754849
10000 41.223141 35.777340 33.082821 15.153527 102.523399 -14.788874 -57.491390 0.000000 -4.173524
1000 38.890972 19.445486 38.890972 16.148422 95.413620 -14.044811 -53.443508 0.000000 -5.182748
2000 40.471771 26.454248 38.890972 12.146717 101.373001 -15.308323 -51.871620 0.000000 -5.868005
3000 48.420635 31.945847 38.890972 12.669884 104.619858 -10.077850 -52.693222 0.000000 -6.098035
4000 39.169895 33.390656 38.890972 13.659208 93.124199 -11.421456 -50.652393 0.000000 -5.539665
5000 52.223293 36.529430 38.890972 12.722571 102.799622 -11.783820 -46.728455 0.000000 -4.786624
6000 66.296051 40.781803 38.890972 18.083260 111.770248 -13.038610 -46.789539 0.000000 -3.729313
7000 43.394428 41.108383 38.890972 13.571640 107.798515 -15.705919 -56.730110 0.000000 -5.539701
8000 49.285309 42.016930 38.890972 16.674013 100.199234 -12.353339 -50.287071 0.000000 -4.947524
9000 63.436317 44.158867 38.890972 14.847764 114.669014 -12.859382 -48.745453 0.000000 -4.475631
10000 47.172523 44.432835 38.890972 16.057276 105.358261 -14.859411 -54.886120 0.000000 -4.497480
1000 41.667229 20.833614 41.667229 13.852764 96.640457 -11.972093 -51.551556 0.000000 -5.302351
2000 56.823402 32.830212 41.667229 14.863905 105.248016 -11.568888 -47.155064 0.000000 -4.564570
3000 46.935066 36.356422 41.667229 14.799519 101.490341 -13.761230 -51.409664 0.000000 -4.183897
4000 54.892418 40.063622 41.667229 13.407620 112.655243 -15.218903 -51.174679 0.000000 -4.776868
5000 58.174156 43.082047 41.667229 14.134543 113.069099 -13.589973 -50.161831 0.000000 -5.277684
6000 54.469513 44.708828 41.667229 12.387610 106.809006 -12.155844 -47.191814 0.000000 -5.379446
7000 52.220970 45.647846 41.667229 13.292920 108.658058 -12.574522 -50.988953 0.000000 -6.166533
8000 49.557056 46.082203 41.667229 15.307169 103.587471 -12.579311 -50.560677 0.000000 -6.197589
9000 52.098961 46.683880 41.667229 11.077822 107.807304 -11.774700 -49.727509 0.000000 -5.283958
10000 44.130936 46.451794 41.667229 15.224455 96.929977 -11.417946 -50.469540 0.000000 -6.136015
1000 54.568893 27.284447 54.568893 14.028571 101.726135 -12.320113 -43.166130 0.000000 -5.699572
2000 64.943390 39.837429 54.568893 15.507213 112.234802 -14.116886 -43.324703 0.000000 -5.357028
3000 50.185585 42.424469 50.185585 12.937757 105.362137 -13.704422 -48.582195 0.000000 -5.827693
4000 47.803909 43.500359 47.803909 15.601400 98.601532 -13.592317 -46.532887 0.000000 -6.273824
5000 45.303062 43.800808 45.303062 11.846453 96.566803 -12.977888 -43.655346 0.000000 -6.476957
6000 39.832077 43.233845 39.832077 11.831746 94.253685 -12.467723 -47.287880 0.000000 -6.497757
7000 43.674522 43.288929 39.832077 15.888525 86.448738 -11.604794 -40.575829 0.000000 -6.482116
8000 57.664623 44.886227 39.832077 12.680559 102.745377 -12.103216 -39.717384 0.000000 -5.940708
9000 48.924385 45.290043 39.832077 15.837004 96.205635 -13.135440 -43.791496 0.000000 -6.191323
10000 53.240932 46.012852 39.832077 16.302298 99.425934 -12.420524 -44.128036 0.000000 -5.938740
1000 59.110168 29.555084 59.110168 13.985496 104.985519 -16.437481 -39.649334 0.000000 -3.774037
2000 69.589371 42.899845 59.110168 14.645438 113.256226 -14.596640 -39.619301 0.000000 -4.096351
3000 72.206581 50.226532 59.110168 14.036345 113.181892 -12.262777 -39.219837 0.000000 -3.529042
4000 65.562599 53.293743 59.110168 11.772176 107.758041 -13.861820 -36.115578 0.000000 -3.990220
5000 79.594833 57.677258 59.110168 13.542367 117.050552 -13.984097 -33.255032 0.000000 -3.758960
6000 72.915405 59.854134 59.110168 17.245872 117.379066 -19.547947 -38.859608 0.000000 -3.301990
7000 60.300179 59.909889 59.110168 12.239763 103.811989 -17.715227 -33.785431 0.000000 -4.250916
8000 54.320152 59.288803 54.320152 14.270729 96.230576 -17.226055 -35.158142 0.000000 -3.796957
9000 62.785152 59.638439 54.320152 13.926704 111.942650 -18.396070 -40.912895 0.000000 -3.775233
10000 51.889866 58.934025 51.889866 13.413281 98.475578 -19.799641 -37.708309 0.000000 -2.491045
1000 56.174896 28.087448 56.174896 12.184710 109.375519 -22.365334 -38.968891 0.000000 -4.051105
2000 52.349529 36.174809 52.349529 15.245291 101.947632 -22.152868 -38.893246 0.000000 -3.797281
3000 49.223763 39.437050 49.223763 13.728317 99.827881 -22.497227 -37.333199 0.000000 -4.502016
4000 49.837002 41.517040 49.223763 14.118674 97.943779 -19.727968 -38.165359 0.000000 -4.332127
5000 52.103394 43.281433 49.223763 10.815405 101.185852 -19.408392 -36.261913 0.000000 -4.227560
6000 47.475212 43.880547 47.475212 14.243347 97.108841 -20.787189 -38.427540 0.000000 -4.662251
7000 53.404976 45.071098 47.475212 15.193871 100.604782 -19.374559 -39.849342 0.000000 -3.169778
8000 49.688442 45.584137 47.475212 15.407051 96.597687 -17.796017 -41.520267 0.000000 -3.000015
9000 41.355877 45.161308 41.355877 13.727965 92.619743 -22.662510 -38.830040 0.000000 -3.499278
10000 67.713005 47.211464 41.355877 14.272304 115.189110 -18.613249 -39.475258 0.000000 -3.659899
1000 53.268848 26.634424 53.268848 16.474316 106.094688 -21.146809 -44.363365 0.000000 -3.789982
2000 29.873127 27.713991 29.873127 13.248330 89.658394 -23.687641 -45.860126 0.000000 -3.485831
3000 50.093651 33.308907 29.873127 15.676609 101.011963 -20.444893 -42.522404 0.000000 -3.627620
4000 54.754494 37.598022 29.873127 13.963534 104.191772 -19.734940 -39.716923 0.000000 -3.948947
5000 51.112801 39.850483 29.873127 12.330438 106.309212 -20.284655 -43.484032 0.000000 -3.758163
6000 49.420261 41.217594 29.873127 13.873434 103.441536 -20.521343 -43.550716 0.000000 -3.822645
7000 52.585926 42.638638 29.873127 15.204824 106.316750 -21.733166 -43.276398 0.000000 -3.926082
8000 43.518837 42.736435 29.873127 14.703356 100.953377 -20.175865 -38.605148 0.000000 -13.356882
9000 41.651505 42.627941 29.873127 12.457124 97.679146 -16.656384 -36.723080 0.000000 -15.105303
10000 41.003052 42.480225 29.873127 14.257197 97.492874 -17.698744 -37.903450 0.000000 -15.144819
1000 57.785679 28.892839 57.785679 15.493128 108.192383 -16.251051 -32.838711 0.000000 -16.810070
2000 54.152664 37.312778 54.152664 14.467226 100.666901 -14.978159 -29.442558 0.000000 -16.560745
3000 55.085793 41.756035 54.152664 13.805068 108.956123 -16.337099 -35.313950 0.000000 -16.024355
4000 68.563187 47.117466 54.152664 12.260321 113.737755 -17.210798 -36.729301 0.000000 -3.494792
5000 59.349983 49.156219 54.152664 12.376637 101.862663 -16.140593 -35.415878 0.000000 -3.332847
6000 48.992886 49.132885 48.992886 15.462118 97.388863 -20.437984 -40.405296 0.000000 -3.014814
7000 44.750740 48.585117 44.750740 14.088106 97.508888 -20.074760 -43.289410 0.000000 -3.482083
8000 59.936928 49.846428 44.750740 15.149739 110.116394 -18.179268 -44.090813 0.000000 -3.059129
9000 56.122715 50.474056 44.750740 16.318066 104.622223 -21.779898 -39.370621 0.000000 -3.667057
10000 50.071396 50.437450 44.750740 15.035820 96.757744 -19.117155 -39.011883 0.000000 -3.593128
1000 38.309746 19.154873 38.309746 13.061777 96.647598 -9.898939 -55.066139 0.000000 -6.434547
2000 46.378468 28.229406 38.309746 14.469299 96.381073 -9.453730 -48.274761 0.000000 -6.743415
3000 51.815594 34.125954 38.309746 13.356183 105.355652 -9.705268 -50.449409 0.000000 -6.741565
4000 41.433113 35.587383 38.309746 12.395092 105.054451 -10.953775 -57.635487 0.000000 -7.427164
5000 44.850109 37.131172 38.309746 16.389498 103.068954 -12.132838 -55.322300 0.000000 -7.153206
6000 50.150318 38.991051 38.309746 13.197459 106.950500 -11.071745 -51.751091 0.000000 -7.174800
7000 53.012810 40.743771 38.309746 14.958072 109.813995 -11.125367 -54.201889 0.000000 -6.431997
8000 36.564232 40.279377 36.564232 12.794609 101.678207 -11.569139 -58.882183 0.000000 -7.457263
9000 42.529331 40.504372 36.564232 13.106131 100.838554 -11.945574 -52.158932 0.000000 -7.310852
10000 35.618454 40.060196 35.618454 15.244617 94.629066 -10.855247 -55.925602 0.000000 -7.474376
1000 38.218155 19.109077 38.218155 11.261077 94.370819 -10.908942 -49.559238 0.000000 -6.945561
2000 46.115688 28.111282 38.218155 14.577003 97.645142 -9.713904 -50.857868 0.000000 -5.534683
3000 50.573475 33.726830 38.218155 14.856622 106.552193 -13.748363 -51.322315 0.000000 -5.764665
4000 53.679474 37.717358 38.218155 16.109053 105.408768 -12.338117 -48.520103 0.000000 -6.980126
5000 40.142448 38.121540 38.218155 12.505412 93.565277 -12.494963 -46.958416 0.000000 -6.474857
6000 59.157066 41.126617 38.218155 13.381514 111.624718 -12.696067 -47.679596 0.000000 -5.473501
7000 47.126144 41.876556 38.218155 13.889856 97.100685 -10.997262 -46.111458 0.000000 -6.755676
8000 53.276237 43.143188 38.218155 12.912945 105.816193 -11.655552 -46.853420 0.000000 -6.943937
9000 44.325058 43.261375 38.218155 11.228254 98.005936 -13.057858 -46.414970 0.000000 -5.436300
10000 56.497002 44.464615 38.218155 12.833247 100.790016 -12.133791 -38.327755 0.000000 -6.664714
1000 50.665154 25.332577 50.665154 14.872266 96.387093 -13.146129 -40.981331 0.000000 -6.466753
2000 50.575836 33.746998 50.575836 14.247376 96.522591 -12.572863 -41.681923 0.000000 -5.939345
3000 49.641460 37.720612 49.641460 14.085350 97.537155 -13.631433 -42.464054 0.000000 -5.885559
4000 41.951237 38.566734 41.951237 15.655983 87.902138 -11.293323 -43.978916 0.000000 -6.334649
5000 47.547497 40.063530 41.951237 14.290401 91.196320 -10.692000 -40.500854 0.000000 -6.746365
6000 44.485748 40.695278 41.951237 12.789215 97.394516 -12.463534 -46.727798 0.000000 -6.506654
7000 44.249763 41.139587 41.951237 14.473233 93.445084 -13.004082 -44.372860 0.000000 -6.291614
8000 48.913322 42.003338 41.951237 12.692144 104.348381 -12.569430 -49.781345 0.000000 -5.776430
9000 44.418594 42.244862 41.951237 12.764417 97.379555 -12.503862 -47.710205 0.000000 -5.511314
10000 47.347542 42.708740 41.951237 14.987782 97.130157 -11.363660 -47.710411 0.000000 -5.696319
1000 32.755062 16.377531 32.755062 14.901870 91.310677 -12.653237 -54.557671 0.000000 -6.246579
2000 41.750435 24.835165 32.755062 12.684649 99.061722 -13.142633 -51.051453 0.000000 -5.801848
3000 39.224972 28.432617 32.755062 11.582074 99.824242 -10.945249 -54.864834 0.000000 -6.371263
4000 37.084553 30.163004 32.755062 15.526567 89.408546 -12.667030 -48.538300 0.000000 -6.645231
5000 48.898087 33.285519 32.755062 13.307555 106.120430 -14.741289 -48.169426 0.000000 -7.619188
6000 42.724125 34.633888 32.755062 13.162023 99.529716 -12.886992 -50.027779 0.000000 -7.052845
7000 45.378468 35.976963 32.755062 15.493164 97.639275 -12.144765 -49.221989 0.000000 -6.387215
8000 53.789993 37.956192 32.755062 14.451206 112.993263 -11.646108 -56.374023 0.000000 -5.634347
9000 35.237850 37.684357 32.755062 13.580585 89.124428 -14.297076 -47.061844 0.000000 -6.108250
10000 50.525024 38.851688 32.755062 13.295903 110.452293 -14.493632 -52.435867 0.000000 -6.293676
1000 47.226448 23.613224 47.226448 14.699657 100.250717 -15.025718 -46.878746 0.000000 -5.819466
2000 51.116283 32.780910 47.226448 16.917782 104.516701 -14.900827 -49.826488 0.000000 -5.590883
3000 39.467426 34.452538 39.467426 12.714123 99.200134 -15.508389 -51.414352 0.000000 -5.524091
4000 55.485001 38.659031 39.467426 13.743969 105.164841 -12.143128 -45.882248 0.000000 -5.398437
5000 69.174393 43.744923 39.467426 10.917754 113.458603 -14.850571 -40.351395 0.000000 0.000000
6000 61.383347 46.264702 39.467426 14.352426 104.477425 -12.200115 -45.246384 0.000000 0.000000
7000 61.469578 48.165310 39.467426 13.188147 118.168022 -13.678985 -50.958157 0.000000 -5.249446
8000 46.007301 47.925529 39.467426 12.749325 99.872391 -12.328235 -49.156700 0.000000 -5.129485
9000 43.024559 47.435432 39.467426 12.642527 102.978149 -15.857772 -52.077763 0.000000 -4.660580
10000 40.289227 46.785778 39.467426 15.099349 95.534851 -14.533352 -50.701260 0.000000 -5.110360
1000 35.385262 17.692631 35.385262 15.593172 87.666252 -12.936800 -50.118702 0.000000 -4.818661
2000 48.634781 28.006681 35.385262 13.380781 99.145660 -14.351996 -44.534824 0.000000 -5.004842
3000 50.325882 33.586479 35.385262 12.396842 103.092926 -13.419523 -46.730141 0.000000 -5.014219
4000 55.822182 38.033619 35.385262 12.727572 109.359886 -11.786820 -49.411892 0.000000 -5.066564
5000 55.747005 40.985851 35.385262 13.680161 109.310875 -11.657461 -50.478226 0.000000 -5.108340
6000 58.212105 43.446743 35.385262 14.868725 106.921844 -9.858272 -48.737091 0.000000 -4.983109
7000 42.469200 43.324551 35.385262 12.842434 100.973976 -12.604195 -53.659096 0.000000 -5.083914
8000 51.016136 44.179173 35.385262 15.779987 103.544586 -12.958057 -50.467167 0.000000 -4.883215
9000 39.971596 43.758415 35.385262 14.870420 96.647362 -13.663198 -52.746094 0.000000 -5.136893
10000 44.616116 43.836388 35.385262 12.961259 100.532799 -12.637481 -51.359112 0.000000 -4.881348
1000 68.678329 34.339165 68.678329 13.446997 111.279518 -17.298525 -35.180252 0.000000 -3.569415
2000 70.316292 46.331543 68.678329 13.206429 110.330528 -17.453207 -32.237602 0.000000 -3.529851
3000 62.076138 50.267693 62.076138 14.025590 108.277901 -21.031042 -35.523052 0.000000 -3.673254
4000 52.704174 50.754990 52.704174 15.186358 93.663193 -20.381754 -32.345448 0.000000 -3.418176
5000 65.442924 53.202976 52.704174 14.203900 107.472046 -16.499403 -36.392998 0.000000 -3.340624
6000 50.502056 52.817131 50.502056 14.585875 99.599762 -19.660809 -40.465267 0.000000 -3.557503
7000 57.373699 53.386700 50.502056 14.085396 99.233734 -19.613337 -33.017811 0.000000 -3.314286
8000 74.632591 55.747356 50.502056 17.357145 109.666916 -17.284033 -31.893484 0.000000 -3.213949
9000 50.449875 55.217609 50.449875 14.915505 97.394028 -18.918135 -39.190975 0.000000 -3.750545
10000 57.993568 55.469971 50.449875 10.756532 110.315216 -18.944986 -40.099525 0.000000 -4.033670
